5 0.454442 0.066733 0.562642 0.033865
0 0.484055 0.175797 0.466970 0.022908
5 0.481777 0.201693 0.389522 0.022908
5 0.473804 0.226096 0.359909 0.017928
1 0.482916 0.250996 0.510251 0.017928
9 0.308656 0.275398 0.298405 0.016932
9 0.657175 0.275398 0.307517 0.018924
9 0.476082 0.325199 0.145786 0.018924
2 0.310934 0.376494 0.548975 0.027888
10 0.178815 0.401892 0.243736 0.016932
11 0.650342 0.399900 0.476082 0.016932
9 0.176538 0.452191 0.234624 0.017928
5 0.173121 0.476594 0.232346 0.020916
6 0.781321 0.475100 0.259681 0.021912
5 0.157175 0.525896 0.205011 0.019920
11 0.449886 0.526394 0.070615 0.018924
11 0.600228 0.523904 0.111617 0.015936
11 0.773349 0.523406 0.143508 0.016932
5 0.339408 0.548805 0.564920 0.015936
6 0.112756 0.575697 0.107062 0.015936
6 0.477221 0.574203 0.038724 0.022908
8 0.605923 0.575199 0.127563 0.022908
8 0.798405 0.571215 0.143508 0.024900
5 0.317768 0.599602 0.535308 0.021912
6 0.116173 0.623506 0.123007 0.019920
6 0.476082 0.623008 0.059226 0.020916
8 0.597950 0.619522 0.134396 0.023904
8 0.783599 0.621016 0.145786 0.022908
11 0.388383 0.647908 0.107062 0.018924
8 0.553531 0.648904 0.123007 0.018924
8 0.792711 0.648904 0.136674 0.020916
11 0.167426 0.676793 0.220957 0.022908
6 0.389522 0.672311 0.063781 0.023904
11 0.348519 0.699701 0.578588 0.018924
8 0.797267 0.698207 0.113895 0.019920
11 0.317768 0.725100 0.512528 0.017928
8 0.794989 0.722112 0.136674 0.021912
11 0.616173 0.774402 0.043280 0.018924
3 0.796128 0.773406 0.111617 0.018924
11 0.348519 0.797809 0.578588 0.015936
8 0.796128 0.797311 0.107062 0.016932
11 0.347380 0.821713 0.580866 0.019920
8 0.800683 0.820717 0.107062 0.015936
5 0.476082 0.895418 0.665148 0.019920
5 0.480638 0.920319 0.624146 0.015936
5 0.477221 0.895418 0.681093 0.023904
5 0.472665 0.921813 0.640091 0.024900
5 0.484055 0.945219 0.685649 0.017928