5 0.511879 0.090339 0.475162 0.042660
0 0.505400 0.134881 0.781857 0.048934
1 0.456803 0.171267 0.235421 0.026349
1 0.506479 0.200753 0.680346 0.025094
1 0.494600 0.224592 0.453564 0.030113
9 0.506479 0.254705 0.602592 0.030113
9 0.504320 0.309285 0.140389 0.031368
5 0.129590 0.390841 0.185745 0.028858
11 0.748380 0.390841 0.403888 0.028858
6 0.075594 0.443538 0.090713 0.026349
6 0.606911 0.446675 0.038877 0.032622
3 0.712743 0.445420 0.099352 0.030113
8 0.901728 0.446048 0.110151 0.028858
5 0.221382 0.472396 0.360691 0.031368
11 0.673866 0.524467 0.207343 0.025094
8 0.903888 0.525094 0.097192 0.021330
5 0.577754 0.552698 0.399568 0.021330
8 0.913607 0.554580 0.077754 0.022585
11 0.650108 0.579046 0.259179 0.028858
8 0.902808 0.580928 0.090713 0.022585
11 0.720302 0.609787 0.118790 0.027604
8 0.904968 0.606650 0.099352 0.026349
5 0.701944 0.635508 0.155508 0.023839
8 0.915767 0.635508 0.082073 0.023839
2 0.395248 0.689460 0.725702 0.028858
5 0.392009 0.715809 0.706263 0.026349
1 0.195464 0.742785 0.330454 0.025094
5 0.217063 0.794856 0.369330 0.028858