5 0.429806 0.043929 0.548596 0.038500
0 0.529158 0.100197 0.842333 0.038500
1 0.529158 0.128332 0.172786 0.017769
1 0.532397 0.151530 0.589633 0.018756
5 0.530238 0.175716 0.231102 0.017769
1 0.535637 0.199408 0.371490 0.017769
5 0.531317 0.221619 0.125270 0.016782
9 0.355292 0.346002 0.494600 0.016782
11 0.157667 0.376111 0.099352 0.017769
2 0.547516 0.375617 0.382289 0.016782
10 0.178186 0.400296 0.149028 0.018756
11 0.409287 0.399803 0.110151 0.015795
5 0.184665 0.425962 0.157667 0.016782
5 0.528078 0.461994 0.231102 0.015795
5 0.163067 0.508885 0.196544 0.014808
11 0.482721 0.507404 0.101512 0.013820
11 0.628510 0.507404 0.064795 0.015795
5 0.880130 0.507404 0.144708 0.013820
11 0.184665 0.533564 0.071274 0.018756
11 0.505400 0.531096 0.056156 0.013820
11 0.931965 0.531096 0.049676 0.017769
6 0.177106 0.569102 0.237581 0.012833
5 0.599352 0.569595 0.511879 0.013820
6 0.205184 0.597730 0.077754 0.014808
11 0.308855 0.594274 0.021598 0.009872
3 0.482721 0.596742 0.092873 0.014808
8 0.630670 0.597236 0.073434 0.013820
8 0.922246 0.596742 0.069114 0.016782
11 0.580994 0.640178 0.103672 0.018756
5 0.441685 0.670286 0.373650 0.015795
8 0.919006 0.667818 0.075594 0.014808
11 0.408207 0.704344 0.444924 0.018756
8 0.911447 0.701876 0.090713 0.015795
11 0.483801 0.744817 0.082073 0.020731
8 0.910367 0.745805 0.084233 0.014808
5 0.514039 0.769003 0.142549 0.017769
8 0.923326 0.769003 0.066955 0.013820
5 0.537797 0.841560 0.656587 0.014808
5 0.538877 0.860809 0.257019 0.015795
11 0.534557 0.880553 0.455724 0.017769
11 0.526998 0.899803 0.462203 0.016782
5 0.533477 0.938302 0.194384 0.016782
5 0.532397 0.957058 0.360691 0.014808
8 0.922246 0.638203 0.064795 0.014808