5 0.545356 0.101653 0.473002 0.061157
0 0.473002 0.162810 0.388769 0.041322
5 0.469762 0.203306 0.477322 0.036364
5 0.468683 0.242149 0.397408 0.038017
1 0.468683 0.276860 0.488121 0.031405
11 0.481641 0.318182 0.241901 0.034711
5 0.142549 0.415702 0.168467 0.028099
1 0.345572 0.414876 0.181425 0.029752
11 0.097192 0.453719 0.095032 0.038017
11 0.220302 0.456198 0.038877 0.026446
2 0.452484 0.457025 0.395248 0.044628
10 0.116631 0.493388 0.142549 0.028099
11 0.221382 0.499174 0.041037 0.026446
6 0.281857 0.490909 0.058315 0.029752
5 0.186825 0.533884 0.213823 0.029752
11 0.496760 0.533884 0.082073 0.036364
11 0.629590 0.531405 0.110151 0.034711
5 0.794816 0.534711 0.164147 0.038017
11 0.639309 0.573554 0.082073 0.033058
11 0.792657 0.571074 0.086393 0.028099
5 0.109071 0.611570 0.123110 0.026446
6 0.514039 0.614050 0.043197 0.034711
8 0.617711 0.609091 0.099352 0.028099
3 0.766739 0.614050 0.120950 0.041322
11 0.505400 0.666942 0.112311 0.031405
8 0.836933 0.670248 0.136069 0.034711
11 0.436285 0.708264 0.259179 0.034711
8 0.816415 0.712397 0.142549 0.036364
5 0.424406 0.745455 0.274298 0.039669
8 0.826134 0.744628 0.127430 0.028099
5 0.478402 0.783471 0.174946 0.042975
8 0.840173 0.786777 0.107991 0.039669
5 0.483801 0.847107 0.596112 0.034711
5 0.491361 0.882645 0.339093 0.033058
5 0.488121 0.923140 0.453564 0.038017