5 0.447084 0.057992 0.535637 0.036062
0 0.474082 0.176413 0.477322 0.019493
0 0.482721 0.196394 0.438445 0.022417
11 0.473002 0.214912 0.742981 0.024366
5 0.478402 0.238304 0.688985 0.018519
1 0.490281 0.258772 0.678186 0.018519
5 0.478402 0.278752 0.416847 0.021442
9 0.478402 0.298246 0.192225 0.021442
9 0.447084 0.340643 0.842333 0.024366
11 0.194384 0.362086 0.302376 0.022417
6 0.185745 0.382066 0.302376 0.019493
6 0.545356 0.381092 0.032397 0.021442
11 0.597192 0.382554 0.049676 0.014620
8 0.698704 0.383041 0.101512 0.021442
8 0.853132 0.384503 0.103672 0.018519
5 0.441685 0.402534 0.818575 0.021442
11 0.161987 0.423977 0.254860 0.021442
6 0.197624 0.445906 0.317495 0.020468
6 0.543197 0.443957 0.032397 0.022417
11 0.592873 0.445419 0.032397 0.021442
8 0.698704 0.447856 0.114471 0.024366
8 0.848812 0.445419 0.103672 0.025341
11 0.254860 0.465887 0.427646 0.021442
11 0.170626 0.485867 0.263499 0.018519
6 0.184665 0.507310 0.287257 0.020468
6 0.544276 0.505361 0.030238 0.018519
11 0.593952 0.507310 0.043197 0.018519
8 0.682505 0.507310 0.133909 0.022417
8 0.840173 0.506823 0.129590 0.021442
5 0.411447 0.528265 0.762419 0.021442
11 0.149028 0.548246 0.220302 0.020468
6 0.186825 0.570175 0.304536 0.019493
6 0.547516 0.568226 0.028078 0.015595
11 0.592873 0.570663 0.041037 0.018519
8 0.692225 0.568226 0.097192 0.021442
8 0.854212 0.571637 0.105832 0.028265
5 0.303456 0.588694 0.537797 0.019493
11 0.246220 0.611111 0.427646 0.017544
6 0.125270 0.633041 0.185745 0.022417
6 0.545356 0.631092 0.032397 0.022417
11 0.590713 0.630604 0.045356 0.019493
8 0.690065 0.632066 0.105832 0.024366
8 0.854212 0.631579 0.105832 0.021442
5 0.165227 0.673977 0.274298 0.026316
5 0.830454 0.675439 0.261339 0.029240
11 0.098272 0.711014 0.136069 0.022417
8 0.847732 0.711014 0.200864 0.022417
5 0.251620 0.732456 0.438445 0.018519
8 0.853132 0.731969 0.172786 0.021442
11 0.191145 0.753899 0.317495 0.020468
3 0.842333 0.753411 0.190065 0.021442
11 0.097192 0.773392 0.116631 0.020468
8 0.846652 0.774366 0.194384 0.022417
5 0.105832 0.793860 0.151188 0.020468
8 0.852052 0.795809 0.196544 0.024366
2 0.312095 0.837232 0.546436 0.021442
9 0.793737 0.838694 0.304536 0.026316
10 0.320734 0.859162 0.559395 0.024366
5 0.483801 0.897661 0.626350 0.021442
9 0.484881 0.917641 0.451404 0.022417
5 0.485961 0.937135 0.548596 0.024366