5 0.486985 0.064309 0.557484 0.040729
0 0.492408 0.128617 0.603037 0.027867
9 0.489154 0.156484 0.236443 0.019293
11 0.489154 0.182744 0.527115 0.018221
1 0.490239 0.204716 0.390456 0.015005
9 0.490239 0.245445 0.299349 0.019293
4 0.493492 0.279207 0.401302 0.018221
4 0.500000 0.307074 0.514100 0.020364
11 0.091106 0.347803 0.104121 0.018221
11 0.105206 0.376742 0.127983 0.018221
9 0.425163 0.372454 0.238612 0.022508
11 0.637744 0.375134 0.078091 0.019293
2 0.806941 0.374598 0.186551 0.018221
10 0.105206 0.404609 0.132321 0.018221
11 0.362256 0.402465 0.104121 0.016077
11 0.638829 0.400322 0.080260 0.018221
11 0.790672 0.401929 0.132321 0.017149
5 0.144252 0.431404 0.206074 0.020364
11 0.630152 0.429796 0.067245 0.019293
11 0.079176 0.478564 0.071584 0.016077
11 0.398048 0.479100 0.058568 0.021436
5 0.562907 0.476420 0.119306 0.020364
5 0.749458 0.477492 0.140998 0.016077
4 0.893709 0.478028 0.060738 0.017149
9 0.097614 0.503751 0.104121 0.017149
6 0.396963 0.499464 0.047722 0.019293
8 0.563991 0.501608 0.112798 0.019293
8 0.767896 0.502144 0.112798 0.024652
11 0.892625 0.502144 0.071584 0.020364
5 0.273319 0.529475 0.455531 0.017149
11 0.214751 0.555734 0.147505 0.020364
6 0.398048 0.553591 0.036876 0.016077
8 0.768980 0.555734 0.110629 0.020364
4 0.385033 0.593783 0.483731 0.017149
8 0.768980 0.593783 0.088937 0.017149
5 0.539046 0.621651 0.180043 0.017149
8 0.779826 0.621651 0.075922 0.017149
4 0.529284 0.651125 0.199566 0.018221
8 0.781996 0.651661 0.106291 0.023580
5 0.515184 0.682744 0.154013 0.019293
8 0.779826 0.681672 0.114967 0.021436
4 0.350325 0.714898 0.557484 0.019293
3 0.774403 0.711147 0.112798 0.022508
11 0.562907 0.745981 0.140998 0.019293
8 0.762473 0.745981 0.110629 0.015005
5 0.543384 0.773312 0.171367 0.020364
8 0.773319 0.772776 0.093275 0.017149
4 0.257050 0.825295 0.297180 0.017149
4 0.202820 0.858521 0.167028 0.017149
11 0.392625 0.859593 0.030369 0.017149
11 0.575922 0.859593 0.162690 0.019293
4 0.801518 0.858521 0.154013 0.019293
11 0.146421 0.882637 0.054230 0.018221
6 0.389371 0.881029 0.049892 0.019293
8 0.606291 0.881565 0.093275 0.018221
8 0.842733 0.881029 0.075922 0.015005
11 0.375271 0.915327 0.143167 0.027867
8 0.604121 0.914255 0.097614 0.019293
8 0.841649 0.916399 0.073753 0.017149
5 0.494577 0.966774 0.681128 0.015005