0 0.447030 0.102096 0.759230 0.027045
1 0.445425 0.132522 0.746388 0.014875
1 0.233547 0.148411 0.316212 0.015551
11 0.386035 0.166329 0.617978 0.016227
11 0.247191 0.186951 0.359551 0.016903
4 0.300161 0.205882 0.455859 0.015551
4 0.808989 0.213996 0.298555 0.025017
5 0.144462 0.227519 0.176565 0.015551
9 0.331461 0.244422 0.553772 0.016903
5 0.276886 0.279581 0.422151 0.014199
11 0.201445 0.321839 0.219904 0.013523
5 0.674157 0.320825 0.471910 0.014199
11 0.573836 0.339419 0.274478 0.013523
3 0.227127 0.361055 0.181380 0.014875
8 0.813002 0.362407 0.078652 0.014875
11 0.917335 0.361393 0.046549 0.014199
4 0.299358 0.386072 0.499197 0.016227
8 0.813002 0.387424 0.078652 0.014875
5 0.462279 0.406018 0.144462 0.015551
8 0.811396 0.408384 0.075441 0.012170
11 0.431782 0.435091 0.086677 0.014199
8 0.814607 0.437458 0.075441 0.013523
5 0.475923 0.457404 0.171750 0.016903
8 0.816212 0.458756 0.081862 0.014199
11 0.477528 0.484449 0.168539 0.014199
8 0.816212 0.485801 0.075441 0.012847
11 0.440610 0.521974 0.094703 0.014875
8 0.808186 0.523327 0.097913 0.014875
5 0.462279 0.542934 0.144462 0.016227
8 0.807384 0.545639 0.099518 0.013523
4 0.167737 0.574037 0.229535 0.016227
5 0.522472 0.574037 0.210273 0.016227
4 0.843499 0.573698 0.142857 0.016903
11 0.134029 0.595335 0.162119 0.016903
8 0.589085 0.593306 0.080257 0.016903
8 0.878812 0.593982 0.075441 0.012847
9 0.262440 0.647735 0.415730 0.013523
2 0.678170 0.648749 0.319422 0.015551
5 0.516854 0.745098 0.815409 0.017579
5 0.521669 0.779581 0.661316 0.017579
5 0.520064 0.800541 0.401284 0.016227
5 0.520064 0.837728 0.648475 0.016227
9 0.523274 0.873563 0.805778 0.017579
5 0.521669 0.894523 0.857143 0.013523
5 0.523274 0.914807 0.237560 0.014875
5 0.523274 0.951995 0.738363 0.017579