0 0.350565 0.153367 0.494346 0.020781
5 0.399838 0.176642 0.250404 0.019119
11 0.399838 0.199917 0.243942 0.022444
1 0.402262 0.223192 0.287561 0.019119
4 0.401454 0.246883 0.402262 0.019950
4 0.401454 0.293849 0.214863 0.020781
11 0.077544 0.316293 0.096931 0.019119
11 0.221325 0.317124 0.109855 0.020781
9 0.372375 0.364921 0.689822 0.021613
2 0.222940 0.386534 0.381260 0.019950
10 0.180937 0.408978 0.306947 0.019950
2 0.316640 0.431837 0.578352 0.022444
11 0.770598 0.433084 0.042003 0.019950
5 0.106624 0.478803 0.155089 0.019950
5 0.732633 0.480050 0.117932 0.019119
6 0.038772 0.525353 0.019386 0.019950
5 0.286753 0.524938 0.405493 0.020781
11 0.697092 0.525769 0.192246 0.020781
6 0.037964 0.571904 0.017771 0.016625
11 0.172052 0.571488 0.176090 0.019119
8 0.735057 0.573566 0.116317 0.018288
5 0.257674 0.595594 0.347334 0.020781
8 0.743942 0.596426 0.098546 0.019119
4 0.142973 0.618454 0.117932 0.019950
11 0.174475 0.680798 0.174475 0.019950
3 0.735057 0.674979 0.116317 0.034913
11 0.125202 0.703242 0.082391 0.019950
8 0.734249 0.704073 0.117932 0.018288
5 0.143780 0.741480 0.119548 0.021613
8 0.743942 0.735661 0.101777 0.034913
4 0.136511 0.810474 0.211632 0.021613
5 0.561389 0.810474 0.117932 0.019950
4 0.762520 0.810474 0.061389 0.019950
5 0.230210 0.832918 0.402262 0.019950
8 0.565428 0.833749 0.113086 0.018288
8 0.747173 0.834165 0.095315 0.019119
11 0.050081 0.856608 0.038772 0.020781
8 0.565428 0.856608 0.113086 0.020781
8 0.754443 0.857855 0.080775 0.018288
5 0.402262 0.902743 0.481422 0.021613
4 0.164782 0.856193 0.119548 0.019950