5 0.188657 0.049165 0.217593 0.020408
0 0.486111 0.099567 0.810185 0.021027
1 0.311343 0.128942 0.458333 0.020408
0 0.234954 0.153370 0.303241 0.019790
5 0.256944 0.178726 0.347222 0.019790
5 0.148148 0.202536 0.127315 0.015461
4 0.265625 0.228819 0.362269 0.021027
9 0.188657 0.263451 0.206019 0.017316
11 0.120370 0.291280 0.069444 0.016079
1 0.440394 0.262523 0.239583 0.015461
2 0.509259 0.290043 0.379630 0.017316
11 0.130787 0.328695 0.078704 0.015461
11 0.165509 0.356215 0.062500 0.018553
11 0.475694 0.327458 0.090278 0.015461
11 0.495949 0.354051 0.042824 0.016698
11 0.604745 0.327149 0.059028 0.016079
5 0.738426 0.326531 0.138889 0.014842
11 0.773727 0.352814 0.042824 0.015461
4 0.865162 0.326840 0.061343 0.015461
11 0.866898 0.347866 0.083333 0.015461
1 0.314236 0.392703 0.445602 0.017316
6 0.259259 0.417130 0.141204 0.016698
8 0.487269 0.417130 0.062500 0.015461
8 0.608796 0.417130 0.064815 0.015461
8 0.762153 0.416512 0.077546 0.016698
11 0.866319 0.417130 0.040509 0.015461
8 0.250579 0.447124 0.318287 0.017316
6 0.259838 0.472171 0.140046 0.016698
8 0.487847 0.471243 0.061343 0.013605
8 0.608218 0.472171 0.063657 0.015461
8 0.760995 0.472171 0.084491 0.015461
11 0.865162 0.472789 0.042824 0.015461
5 0.390625 0.503401 0.598380 0.018553
6 0.260417 0.528757 0.141204 0.016079
8 0.490162 0.528448 0.056713 0.015461
8 0.609954 0.527520 0.067130 0.016079
8 0.769097 0.527211 0.072917 0.016698
11 0.865162 0.528448 0.042824 0.016698
5 0.453704 0.557823 0.719907 0.017316
6 0.262731 0.582560 0.138889 0.016079
8 0.482639 0.581323 0.078704 0.016079
8 0.610532 0.581323 0.063657 0.014842
8 0.762153 0.581323 0.077546 0.016079
11 0.865162 0.581942 0.042824 0.016079
5 0.351273 0.612863 0.515046 0.017316
6 0.256366 0.637600 0.156250 0.016079
8 0.490162 0.636982 0.065972 0.016079
8 0.611690 0.636054 0.065972 0.015461
8 0.761574 0.636673 0.081019 0.016698
11 0.865162 0.636673 0.042824 0.015461
11 0.173611 0.681200 0.143519 0.020408
6 0.298032 0.678726 0.038194 0.016698
4 0.428819 0.717687 0.357639 0.016698
5 0.445602 0.743970 0.328704 0.019790
11 0.417245 0.778912 0.390046 0.024119
11 0.224537 0.816017 0.069444 0.016698
3 0.854167 0.717996 0.094907 0.016079
8 0.868056 0.741806 0.064815 0.015461
8 0.836227 0.777365 0.130787 0.017316
8 0.813079 0.815090 0.093750 0.016079
4 0.230324 0.882498 0.208333 0.017316
11 0.209491 0.916203 0.145833 0.017934
5 0.518519 0.881262 0.185185 0.021027
8 0.549190 0.913729 0.093750 0.016698
4 0.766782 0.880643 0.123843 0.019790
8 0.801505 0.914348 0.063657 0.015461
5 0.519676 0.951453 0.351852 0.016698