0 0.449111 0.102912 0.762520 0.023163
1 0.448304 0.130708 0.747981 0.015222
1 0.231826 0.145599 0.315024 0.014560
11 0.386107 0.163799 0.626817 0.017869
11 0.251212 0.182991 0.353796 0.015222
4 0.294830 0.199537 0.450727 0.015222
4 0.810985 0.210788 0.287561 0.019193
5 0.139742 0.219391 0.166397 0.013898
9 0.331987 0.236267 0.547658 0.018531
5 0.276252 0.273991 0.423263 0.018531
11 0.196284 0.315685 0.231018 0.015884
5 0.702746 0.315354 0.533118 0.013898
11 0.573506 0.333885 0.281099 0.017869
11 0.218094 0.354070 0.187399 0.015884
3 0.814216 0.353739 0.087237 0.013898
11 0.917609 0.354401 0.051696 0.013898
4 0.301292 0.376572 0.512116 0.015884
8 0.812601 0.378557 0.080775 0.014560
5 0.462036 0.396095 0.148627 0.015222
8 0.814216 0.398412 0.077544 0.013236
11 0.431341 0.424884 0.090468 0.015884
8 0.815832 0.427201 0.077544 0.013898
5 0.475767 0.447386 0.169628 0.018531
8 0.815832 0.447717 0.077544 0.013898
11 0.476575 0.475182 0.174475 0.014560
8 0.813409 0.476837 0.079160 0.015222
11 0.437803 0.511913 0.096931 0.013898
8 0.818255 0.513898 0.082391 0.016545
5 0.461228 0.533422 0.147011 0.015884
8 0.815024 0.533422 0.082391 0.013236
4 0.161551 0.561218 0.232633 0.015884
5 0.520194 0.560225 0.210016 0.017869
4 0.846527 0.560887 0.138934 0.019193
11 0.126817 0.580741 0.159935 0.017869
8 0.587237 0.579749 0.075929 0.013236
8 0.879645 0.580410 0.082391 0.013236
9 0.261712 0.633024 0.416801 0.015222
11 0.100162 0.652217 0.103393 0.013898
2 0.376414 0.651555 0.193861 0.013898
11 0.130856 0.675050 0.168013 0.015884
6 0.288368 0.674719 0.040388 0.012574
5 0.497577 0.702846 0.904685 0.015884
5 0.519386 0.753144 0.815832 0.014560
5 0.512924 0.786234 0.660743 0.015884
5 0.517771 0.807081 0.402262 0.017869
5 0.516155 0.842488 0.651050 0.014560
9 0.516155 0.876572 0.809370 0.017869
5 0.516963 0.899404 0.859451 0.015884
5 0.524233 0.920913 0.250404 0.013898
5 0.516155 0.954335 0.747981 0.017207