5 0.400127 0.114011 0.515267 0.013736
0 0.408397 0.132555 0.646310 0.016941
5 0.398855 0.150412 0.510178 0.016026
1 0.417939 0.166896 0.627226 0.016026
11 0.413486 0.182921 0.384224 0.015110
4 0.410941 0.200778 0.498728 0.016026
4 0.393766 0.234661 0.413486 0.015110
5 0.200382 0.274725 0.339695 0.030220
1 0.163486 0.297848 0.270992 0.016026
11 0.085242 0.315018 0.111959 0.016484
1 0.276081 0.315476 0.229008 0.015568
5 0.629771 0.316392 0.173028 0.016484
11 0.070611 0.332647 0.077608 0.013278
2 0.366412 0.333791 0.394402 0.013736
10 0.106870 0.350046 0.147583 0.015110
10 0.268448 0.350504 0.134860 0.014194
5 0.136768 0.385531 0.209924 0.016484
11 0.346056 0.386218 0.058524 0.016941
5 0.515903 0.386905 0.133588 0.015568
11 0.668575 0.385531 0.092875 0.015568
4 0.763995 0.386447 0.059796 0.015568
5 0.191476 0.419872 0.326972 0.016484
11 0.329517 0.437271 0.058524 0.014652
8 0.499364 0.436813 0.092875 0.012821
8 0.668575 0.437271 0.092875 0.013736
11 0.772901 0.437729 0.039440 0.012821
5 0.115776 0.453526 0.175573 0.014194
11 0.327608 0.470238 0.057252 0.013736
8 0.505725 0.471383 0.080153 0.015110
8 0.676209 0.471154 0.080153 0.013736
8 0.125954 0.487408 0.198473 0.016026
11 0.326972 0.505037 0.058524 0.014652
8 0.509542 0.505266 0.077608 0.015110
8 0.678117 0.505723 0.078880 0.014194
11 0.774173 0.506181 0.039440 0.014194
8 0.124682 0.523123 0.193384 0.015110
11 0.324427 0.540522 0.058524 0.014194
8 0.505725 0.540751 0.075064 0.013736
8 0.677481 0.540293 0.077608 0.014652
11 0.774809 0.541667 0.043257 0.015568
5 0.113868 0.557463 0.171756 0.014194
11 0.326972 0.576923 0.061069 0.014652
8 0.507634 0.577610 0.076336 0.015110
8 0.680662 0.577152 0.073791 0.015110
11 0.772901 0.577610 0.039440 0.016941
4 0.237277 0.613095 0.421120 0.015568
8 0.744275 0.614011 0.096692 0.013736
5 0.210560 0.630495 0.360051 0.016484
8 0.753817 0.630495 0.075064 0.012821
4 0.144402 0.646749 0.225191 0.015110
8 0.756997 0.648352 0.076336 0.013736
4 0.267176 0.664377 0.475827 0.016484
8 0.744275 0.664835 0.096692 0.013736
5 0.150763 0.681319 0.245547 0.015568
8 0.745547 0.682921 0.096692 0.014194
11 0.138677 0.720696 0.221374 0.025641
3 0.695293 0.721383 0.189567 0.024267
5 0.114504 0.757784 0.173028 0.013736
2 0.486641 0.758700 0.199746 0.013736
11 0.713740 0.759615 0.152672 0.012821
10 0.171756 0.774496 0.290076 0.015110
11 0.080789 0.807692 0.113232 0.012821
8 0.742366 0.809295 0.092875 0.015110
4 0.055980 0.858974 0.058524 0.015568
11 0.048346 0.876374 0.040712 0.015568
11 0.176209 0.860577 0.146310 0.016026
11 0.274173 0.877747 0.115776 0.016484
5 0.503181 0.860806 0.199746 0.016484
8 0.550254 0.878892 0.095420 0.016026
4 0.723919 0.862179 0.137405 0.018315
8 0.750636 0.879121 0.073791 0.015568
5 0.407761 0.961538 0.235369 0.015568
5 0.405216 0.977564 0.385496 0.016484