0 0.457707 0.119157 0.761278 0.022222
4 0.443609 0.146360 0.714286 0.018391
1 0.359023 0.173180 0.563910 0.022989
5 0.320489 0.200000 0.479323 0.021456
1 0.272556 0.227586 0.372180 0.022989
11 0.293233 0.253640 0.428571 0.022989
11 0.290414 0.281609 0.430451 0.020690
4 0.251880 0.335632 0.225564 0.019923
4 0.389098 0.386207 0.627820 0.019923
2 0.539474 0.414943 0.281955 0.022222
1 0.329887 0.467816 0.513158 0.019157
3 0.730263 0.467050 0.148496 0.019157
2 0.390977 0.494253 0.624060 0.018391
5 0.430451 0.520690 0.710526 0.023755
9 0.458647 0.550958 0.567669 0.018391
4 0.381579 0.603831 0.330827 0.021456
11 0.730263 0.604598 0.156015 0.022989
11 0.359962 0.655172 0.287594 0.021456
11 0.721805 0.655556 0.165414 0.020690
5 0.280075 0.681226 0.135338 0.018391
11 0.733083 0.682759 0.142857 0.021456
4 0.281955 0.706897 0.124060 0.017625
11 0.731203 0.708046 0.146617 0.018391
5 0.472744 0.783908 0.186090 0.019923