0 0.461004 0.216517 0.599359 0.025826
1 0.464744 0.241441 0.414530 0.024024
11 0.465278 0.267267 0.727564 0.024024
5 0.461004 0.293694 0.682692 0.021622
1 0.480769 0.318318 0.670940 0.024024
4 0.466346 0.342943 0.552350 0.025225
5 0.474359 0.368168 0.175214 0.025225
4 0.462607 0.394294 0.335470 0.025826
5 0.287393 0.443844 0.504274 0.024024
11 0.894231 0.443844 0.049145 0.020420
11 0.189637 0.468769 0.308761 0.019820
6 0.178419 0.495195 0.292735 0.022222
3 0.617521 0.493994 0.200855 0.022222
8 0.820513 0.493694 0.104701 0.019219
5 0.153312 0.542943 0.242521 0.020420
5 0.803953 0.546246 0.229701 0.019820
4 0.198718 0.595495 0.324786 0.027027
8 0.827991 0.594595 0.179487 0.021622
11 0.079594 0.620420 0.088675 0.021622
8 0.831197 0.621622 0.179487 0.020420
5 0.100427 0.645646 0.136752 0.021622
8 0.829060 0.645045 0.175214 0.020420
4 0.155449 0.694294 0.248932 0.024024
11 0.506944 0.696396 0.154915 0.023423
4 0.731303 0.695495 0.148504 0.025225
4 0.134615 0.721622 0.205128 0.019820
8 0.576389 0.721021 0.118590 0.025826
8 0.805021 0.719520 0.090812 0.021622
2 0.301282 0.794895 0.538462 0.022222
9 0.776175 0.794895 0.285256 0.022222
5 0.353098 0.819520 0.648504 0.019820
5 0.470085 0.871171 0.604701 0.022222
9 0.477564 0.896096 0.457265 0.027628
5 0.477564 0.921021 0.523504 0.023423