0 0.415278 0.199738 0.269444 0.011788
2 0.416204 0.210216 0.100926 0.009168
1 0.415741 0.222986 0.062963 0.011133
1 0.416204 0.234119 0.232407 0.009823
1 0.414352 0.246234 0.176852 0.010478
4 0.414352 0.257367 0.076852 0.007859
9 0.350000 0.267845 0.166667 0.009168
11 0.279167 0.283890 0.025000 0.008513
11 0.371296 0.285855 0.022222 0.009823
11 0.549074 0.286182 0.029630 0.009168
9 0.362963 0.298952 0.192593 0.011133
8 0.281481 0.310413 0.031481 0.009168
6 0.364352 0.311395 0.008333 0.008513
8 0.546296 0.313360 0.031481 0.008513
9 0.345370 0.329404 0.157407 0.010478
8 0.281481 0.341847 0.029630 0.009168
6 0.363889 0.342829 0.007407 0.007204
8 0.544907 0.344466 0.032407 0.009168
3 0.506481 0.364113 0.107407 0.009168
4 0.513426 0.376555 0.093519 0.010478
3 0.516204 0.387688 0.087963 0.009168
5 0.304630 0.403733 0.081481 0.009823
5 0.537500 0.404715 0.045370 0.007859
11 0.281944 0.416176 0.036111 0.008513
8 0.543519 0.417813 0.031481 0.009168
5 0.285185 0.428946 0.042593 0.010478
8 0.542130 0.430583 0.032407 0.008513
4 0.297222 0.457760 0.068519 0.009168
5 0.437963 0.458415 0.048148 0.009168
4 0.543519 0.459725 0.031481 0.009168
4 0.297685 0.470858 0.071296 0.009168
8 0.452315 0.471185 0.021296 0.007204
8 0.547222 0.472168 0.020370 0.006549
4 0.408333 0.488540 0.142593 0.009168
5 0.408333 0.500982 0.190741 0.010478
4 0.407870 0.513098 0.128704 0.011133
5 0.406944 0.525213 0.141667 0.011788
5 0.407407 0.536673 0.174074 0.009823
5 0.406944 0.549116 0.152778 0.011133