6 0.145528 0.057219 0.222764 0.037433
11 0.501626 0.150267 0.079675 0.026738
11 0.491870 0.186096 0.365854 0.081283
11 0.494309 0.250802 0.364228 0.050267
5 0.556098 0.293048 0.224390 0.036364
11 0.795935 0.295722 0.180488 0.026738
1 0.500813 0.327273 0.601626 0.029947
11 0.484553 0.359358 0.286179 0.023529
4 0.442276 0.427807 0.351220 0.029947
11 0.765854 0.497326 0.130081 0.027807
11 0.130894 0.532620 0.073171 0.027807
11 0.247967 0.532086 0.082927 0.028877
2 0.573171 0.532086 0.349593 0.026738
6 0.897561 0.532086 0.136585 0.026738
11 0.282114 0.601070 0.112195 0.027807
11 0.813008 0.600535 0.136585 0.026738
11 0.932520 0.600000 0.027642 0.025668
5 0.369106 0.635829 0.286179 0.026738
11 0.811382 0.633690 0.136585 0.026738
11 0.932520 0.633690 0.027642 0.024599
5 0.358537 0.668984 0.265041 0.026738
11 0.812195 0.665775 0.134959 0.026738
11 0.931707 0.665775 0.029268 0.026738
11 0.641463 0.700535 0.089431 0.027807
11 0.315447 0.736898 0.175610 0.029947
3 0.726829 0.735294 0.302439 0.026738
11 0.316260 0.770053 0.173984 0.027807
11 0.803252 0.770053 0.159350 0.027807
4 0.386179 0.840642 0.317073 0.027807
6 0.813821 0.839572 0.134959 0.029947
5 0.199187 0.908556 0.200000 0.028877
5 0.543902 0.908556 0.378862 0.031016
4 0.390244 0.942246 0.458537 0.027807