0 0.505631 0.179474 0.472973 0.022692
1 0.495495 0.206034 0.326577 0.022176
11 0.493243 0.233110 0.702703 0.024755
5 0.490991 0.258896 0.657658 0.022692
1 0.507883 0.284941 0.641892 0.021145
4 0.492680 0.312790 0.528153 0.024239
5 0.497748 0.337545 0.319820 0.024239
4 0.492680 0.362816 0.282658 0.022176
5 0.282095 0.413615 0.406532 0.020629
11 0.905405 0.415678 0.049550 0.019598
11 0.286036 0.439144 0.416667 0.024239
6 0.220158 0.466220 0.282658 0.021661
11 0.581644 0.466993 0.073198 0.020113
5 0.391329 0.492522 0.618243 0.020629
11 0.908221 0.493038 0.052928 0.018566
11 0.176239 0.519340 0.199324 0.019598
6 0.222410 0.544611 0.278153 0.018566
8 0.643581 0.545384 0.197072 0.021145
5 0.202703 0.597989 0.240991 0.023208
5 0.822072 0.599020 0.220721 0.024239
4 0.271396 0.648788 0.387387 0.020629
11 0.128378 0.676122 0.090090 0.020629
3 0.844595 0.649304 0.177928 0.021661
8 0.844032 0.676637 0.179054 0.020629
4 0.345721 0.726921 0.536036 0.024239
8 0.787162 0.727437 0.155405 0.026302
2 0.335023 0.778494 0.512387 0.022176
9 0.789977 0.779268 0.275901 0.020629
5 0.350788 0.803765 0.546171 0.023208
5 0.491554 0.855854 0.586712 0.020113
9 0.493806 0.882156 0.408784 0.023208
5 0.506194 0.908458 0.521396 0.020113
8 0.694820 0.467251 0.092342 0.019598
8 0.841216 0.467767 0.096847 0.020629
8 0.833333 0.544868 0.112613 0.019082