0 0.496253 0.126362 0.816916 0.025428
1 0.493576 0.147639 0.205567 0.026466
11 0.491970 0.176959 0.367238 0.022833
5 0.490899 0.200830 0.365096 0.020758
5 0.495182 0.224702 0.341542 0.019720
1 0.495182 0.249611 0.416488 0.023871
9 0.308351 0.271925 0.331906 0.020758
9 0.672377 0.274520 0.336188 0.020758
5 0.491970 0.297613 0.566381 0.028542
4 0.509101 0.323819 0.435760 0.022833
4 0.485546 0.353918 0.283726 0.023871
5 0.114561 0.385054 0.158458 0.019720
9 0.396681 0.384017 0.258030 0.023871
2 0.793362 0.385833 0.316916 0.025428
10 0.108672 0.410223 0.146681 0.026466
11 0.338330 0.413077 0.160600 0.019720
11 0.773555 0.412558 0.277302 0.021796
5 0.169165 0.440581 0.267666 0.022833
11 0.697002 0.440841 0.109208 0.027504
4 0.608672 0.476648 0.099572 0.016087
4 0.793362 0.476907 0.089936 0.019720
11 0.073340 0.491956 0.080300 0.021796
11 0.330300 0.494032 0.078158 0.021796
5 0.462527 0.492735 0.115632 0.025428
5 0.608137 0.492475 0.113490 0.020758
5 0.778908 0.492475 0.127409 0.022833
4 0.903640 0.492216 0.068522 0.018163
6 0.078694 0.516347 0.099572 0.022833
6 0.332441 0.517644 0.031049 0.018163
8 0.463062 0.517903 0.078158 0.022833
8 0.612420 0.516606 0.092077 0.018163
8 0.795503 0.514790 0.094218 0.021796
11 0.913276 0.518422 0.064240 0.023871
5 0.259636 0.542553 0.452891 0.026466
11 0.164882 0.568500 0.177730 0.025428
6 0.335118 0.568241 0.040685 0.022833
3 0.801927 0.568241 0.107066 0.022833
4 0.416488 0.608978 0.492505 0.026466
8 0.796039 0.612351 0.103854 0.021796
5 0.565846 0.640893 0.193790 0.023871
8 0.806745 0.640374 0.082441 0.019720
4 0.563169 0.671770 0.226981 0.025428
8 0.813169 0.671510 0.082441 0.022833
5 0.568522 0.702906 0.199143 0.026466
8 0.808351 0.700311 0.092077 0.025428
4 0.384904 0.735080 0.566381 0.025428
8 0.799786 0.733005 0.111349 0.026466
11 0.583512 0.763363 0.158458 0.022833
8 0.797109 0.763882 0.097430 0.021796
5 0.575482 0.788791 0.193790 0.022833
8 0.818522 0.789310 0.101713 0.019720
4 0.249465 0.846912 0.291221 0.021796
4 0.196467 0.872340 0.185225 0.022833
11 0.398287 0.872859 0.047109 0.020758
11 0.588330 0.871562 0.168094 0.025428
4 0.827088 0.871821 0.165953 0.021796
11 0.145610 0.895693 0.064240 0.020758
6 0.396146 0.896212 0.042827 0.021796
8 0.626874 0.895693 0.101713 0.022833
8 0.868308 0.896212 0.087794 0.021796
11 0.381156 0.922159 0.137045 0.023871
8 0.627944 0.923197 0.118844 0.020758
8 0.863490 0.922678 0.078158 0.019720
5 0.497859 0.968604 0.807281 0.028542