0 0.454060 0.141559 0.489316 0.034822
1 0.446047 0.178653 0.800214 0.030280
5 0.445513 0.213096 0.517094 0.029523
1 0.456731 0.246026 0.610043 0.030280
11 0.458333 0.278955 0.331197 0.031037
4 0.449252 0.313777 0.400641 0.032551
1 0.252137 0.446253 0.420940 0.029523
2 0.306090 0.481453 0.520299 0.030280
5 0.784722 0.446631 0.172009 0.030280
5 0.212073 0.546934 0.330128 0.029523
5 0.197650 0.580999 0.316239 0.032551
5 0.190171 0.612793 0.288462 0.028009
5 0.168269 0.644966 0.253205 0.031794
6 0.657051 0.548448 0.025641 0.029523
6 0.654915 0.579864 0.023504 0.022710
6 0.654380 0.615821 0.020299 0.024981
6 0.653846 0.647994 0.017094 0.027252
11 0.794872 0.546934 0.145299 0.024981
11 0.793803 0.581378 0.149573 0.028766
11 0.792735 0.613929 0.149573 0.025738
11 0.797543 0.646480 0.152778 0.027252
3 0.618590 0.725965 0.497863 0.054504
4 0.405983 0.799773 0.717949 0.032551
11 0.559295 0.867146 0.097222 0.032551
11 0.793269 0.867903 0.148504 0.029523
2 0.211538 0.930356 0.331197 0.027252
11 0.458333 0.931870 0.115385 0.025738
1 0.671474 0.930734 0.201923 0.026495