5 0.512931 0.031857 0.629310 0.015816
5 0.522989 0.049254 0.643678 0.013556
5 0.513649 0.069363 0.840517 0.014008
11 0.512931 0.087890 0.275862 0.011297
5 0.525144 0.104835 0.823276 0.012653
0 0.512931 0.304790 0.543103 0.014008
1 0.524425 0.322413 0.204023 0.014008
9 0.522989 0.340940 0.433908 0.014008
1 0.522270 0.358563 0.340517 0.014008
1 0.510057 0.375056 0.451149 0.011749
4 0.514368 0.394261 0.586207 0.014912
9 0.201868 0.446905 0.216954 0.013556
1 0.448276 0.447357 0.146552 0.011749
11 0.135776 0.464302 0.087644 0.012201
2 0.600575 0.465883 0.451149 0.012653
5 0.167385 0.482603 0.150862 0.011749
11 0.418822 0.482829 0.087644 0.011297
9 0.512213 0.823995 0.495690 0.013104
5 0.510057 0.861048 0.620690 0.014912
5 0.521552 0.878220 0.643678 0.013104
5 0.339080 0.518301 0.494253 0.012653
8 0.188218 0.536602 0.186782 0.011297
11 0.877874 0.535924 0.149425 0.011749
5 0.509339 0.896521 0.840517 0.012653
11 0.510776 0.913692 0.280172 0.011749
5 0.244971 0.572752 0.303161 0.012201
4 0.511494 0.591053 0.451149 0.011749
8 0.898707 0.591279 0.102011 0.011297
5 0.619253 0.610258 0.238506 0.013104
8 0.896552 0.609354 0.100575 0.011297
4 0.543103 0.626299 0.385057 0.011749
3 0.900144 0.626977 0.104885 0.011297
5 0.660201 0.644374 0.153736 0.010845
8 0.899425 0.645052 0.106322 0.011297
5 0.637931 0.663579 0.195402 0.014008
8 0.900144 0.663353 0.107759 0.012653
5 0.327586 0.679846 0.465517 0.012201
10 0.425287 0.699051 0.660920 0.013556
4 0.533046 0.735427 0.227011 0.013104
4 0.179598 0.751243 0.169540 0.011297
5 0.647270 0.752598 0.208333 0.013104
4 0.875000 0.752372 0.140805 0.013556
11 0.168103 0.769770 0.152299 0.011297
8 0.704741 0.769995 0.107759 0.011749
8 0.907328 0.770221 0.081897 0.012201
5 0.522989 0.931993 0.816092 0.012201