0 0.498195 0.104433 0.375451 0.031555
1 0.503008 0.136364 0.584838 0.038317
5 0.495788 0.169421 0.125150 0.026296
1 0.493983 0.199474 0.516245 0.033809
5 0.475933 0.297145 0.379061 0.029301
6 0.471721 0.329076 0.197353 0.025545
9 0.491576 0.392562 0.441637 0.027799
4 0.492780 0.424493 0.776173 0.028550
5 0.506619 0.456048 0.719615 0.030053
2 0.255114 0.518783 0.401925 0.023291
10 0.688327 0.517280 0.257521 0.026296
5 0.284597 0.549962 0.465704 0.025545
11 0.092659 0.614576 0.084236 0.027047
5 0.486161 0.615702 0.149218 0.029301
5 0.763538 0.614200 0.239471 0.029301
11 0.075812 0.678062 0.067389 0.023291
11 0.386883 0.678813 0.039711 0.026296
11 0.509627 0.679189 0.104693 0.025545
3 0.721420 0.679940 0.027677 0.027047
8 0.843562 0.678813 0.093863 0.026296
11 0.471721 0.744177 0.259928 0.027799
11 0.385680 0.777235 0.087846 0.027799
11 0.713598 0.778738 0.045728 0.026296
5 0.493983 0.848610 0.619735 0.033809
11 0.492178 0.882044 0.671480 0.031555
8 0.847774 0.779489 0.090253 0.027799