0 0.499194 0.089314 0.898387 0.017941
1 0.493548 0.108034 0.448387 0.017941
1 0.492742 0.125975 0.488710 0.017941
9 0.342742 0.141966 0.298387 0.017161
4 0.498387 0.159126 0.390323 0.017161
4 0.500000 0.198518 0.570968 0.030421
11 0.610484 0.242590 0.433871 0.028081
11 0.068548 0.268721 0.059677 0.017941
2 0.670968 0.269111 0.312903 0.017161
5 0.320968 0.297582 0.570968 0.028861
5 0.271774 0.324883 0.469355 0.019501
5 0.184677 0.342044 0.295161 0.017941
1 0.299194 0.359594 0.530645 0.017161
1 0.236290 0.376365 0.398387 0.016381
2 0.535484 0.394306 0.267742 0.017941
11 0.746774 0.393136 0.093548 0.017161
5 0.138710 0.417707 0.219355 0.016381
11 0.405645 0.416927 0.066129 0.014821
11 0.633871 0.415757 0.025806 0.014041
11 0.842742 0.415757 0.137097 0.017161
5 0.129032 0.445788 0.196774 0.017941
8 0.396774 0.445008 0.080645 0.016381
6 0.500000 0.445008 0.022581 0.014821
6 0.578226 0.445008 0.027419 0.014821
6 0.634677 0.444228 0.024194 0.014821
6 0.729032 0.443448 0.022581 0.014821
8 0.875000 0.443448 0.082258 0.016381
5 0.116935 0.463729 0.182258 0.017941
8 0.396774 0.463339 0.083871 0.017161
6 0.501613 0.463339 0.025806 0.015601
6 0.577419 0.463729 0.029032 0.016381
6 0.634677 0.462949 0.024194 0.013261
6 0.728226 0.462168 0.027419 0.016381
8 0.871774 0.461388 0.085484 0.014821
5 0.115323 0.482839 0.179032 0.017161
8 0.396774 0.482449 0.083871 0.016381
6 0.500806 0.481279 0.030645 0.015601
6 0.578226 0.481279 0.024194 0.015601
6 0.633871 0.480889 0.025806 0.014821
6 0.728226 0.480499 0.027419 0.014041
8 0.863710 0.479719 0.098387 0.015601
11 0.469355 0.514041 0.348387 0.031201
8 0.769355 0.510140 0.103226 0.028081
5 0.188710 0.546022 0.309677 0.018721
8 0.395968 0.546022 0.085484 0.017161
6 0.501613 0.544852 0.025806 0.016381
6 0.578226 0.544462 0.030645 0.014041
6 0.635484 0.544852 0.025806 0.014821
6 0.730645 0.544852 0.025806 0.016381
8 0.866129 0.544072 0.100000 0.014821
5 0.120161 0.565523 0.182258 0.017161
8 0.397581 0.563963 0.091935 0.014041
6 0.493548 0.564353 0.048387 0.017941
6 0.578226 0.563573 0.030645 0.014821
6 0.635484 0.563183 0.025806 0.015601
6 0.720161 0.562402 0.043548 0.015601
8 0.865323 0.562012 0.098387 0.014821
5 0.141129 0.582683 0.214516 0.014041
8 0.397581 0.582683 0.085484 0.017161
6 0.502419 0.582683 0.027419 0.014041
6 0.570161 0.581513 0.040323 0.013261
6 0.635484 0.581903 0.032258 0.017161
11 0.710484 0.581903 0.066129 0.015601
8 0.866129 0.580343 0.100000 0.014041
5 0.129032 0.602574 0.196774 0.021061
8 0.399194 0.600234 0.088710 0.014821
6 0.500806 0.599844 0.030645 0.017161
6 0.577419 0.599844 0.029032 0.017161
6 0.636290 0.599844 0.027419 0.015601
11 0.719355 0.598674 0.045161 0.014821
8 0.863710 0.599064 0.101613 0.015601
4 0.354032 0.632215 0.585484 0.031981
8 0.773387 0.630655 0.111290 0.028861
4 0.604032 0.666537 0.079032 0.027301
8 0.778226 0.665757 0.085484 0.025741
4 0.366129 0.706318 0.574194 0.035101
8 0.772581 0.705928 0.112903 0.031201
11 0.466129 0.744540 0.351613 0.035101
8 0.765323 0.740640 0.108065 0.031981
11 0.508065 0.784321 0.287097 0.033541
3 0.770161 0.781981 0.108065 0.031981
11 0.112903 0.826443 0.161290 0.021061
5 0.470161 0.843994 0.856452 0.017161
5 0.415323 0.862715 0.746774 0.018721
5 0.470968 0.880265 0.867742 0.017941
4 0.399194 0.898986 0.711290 0.019501
4 0.413710 0.918097 0.756452 0.018721
5 0.186290 0.936817 0.298387 0.017161
5 0.501613 0.955928 0.212903 0.017941
9 0.661290 0.142356 0.293548 0.017941
11 0.483065 0.417707 0.062903 0.014821
11 0.556452 0.416147 0.061290 0.014821
11 0.700806 0.415757 0.082258 0.015601