5 0.405371 0.150474 0.324808 0.013556
5 0.429668 0.170131 0.562660 0.022142
0 0.428389 0.187076 0.741688 0.018075
11 0.434783 0.206055 0.375959 0.014460
4 0.423274 0.224582 0.447570 0.015364
4 0.426471 0.242431 0.251918 0.014008
4 0.427110 0.259828 0.445013 0.015364
5 0.174552 0.279937 0.213555 0.014008
5 0.730179 0.274740 0.161125 0.012653
11 0.104859 0.316539 0.074169 0.014008
6 0.246164 0.314053 0.162404 0.012653
4 0.771739 0.309309 0.090793 0.014912
2 0.339514 0.333032 0.205882 0.011749
11 0.560102 0.330999 0.181586 0.014008
11 0.276215 0.357207 0.409207 0.024853
11 0.427110 0.400587 0.145780 0.012201
6 0.086957 0.422277 0.015345 0.010393
1 0.343350 0.420018 0.354220 0.014008
11 0.696931 0.416177 0.161125 0.012653
6 0.090153 0.440127 0.016624 0.011749
5 0.323529 0.437867 0.301790 0.012653
11 0.700128 0.435156 0.157289 0.014460
6 0.088875 0.457976 0.014066 0.011297
5 0.290281 0.457976 0.230179 0.014912
11 0.700128 0.452779 0.162404 0.012653
6 0.091432 0.476954 0.016624 0.012201
5 0.255754 0.475147 0.166240 0.011297
11 0.702685 0.470402 0.164962 0.012653
11 0.249361 0.509489 0.189258 0.011297
8 0.681586 0.504519 0.115090 0.012201
5 0.285806 0.529146 0.254476 0.014460
8 0.692455 0.523949 0.090793 0.011297
4 0.238491 0.546769 0.164962 0.013556
8 0.689258 0.541573 0.084399 0.012201
11 0.224425 0.564844 0.136829 0.010845
8 0.672634 0.559873 0.138107 0.012653
8 0.693734 0.578400 0.088235 0.011749
11 0.267903 0.606417 0.221228 0.022594
3 0.582481 0.602576 0.269821 0.023949
1 0.469949 0.649797 0.474425 0.015364
5 0.481458 0.668324 0.681586 0.018075
5 0.457801 0.685947 0.542199 0.019883
5 0.459719 0.704700 0.635550 0.018527
5 0.464194 0.721419 0.636829 0.020334
5 0.473785 0.740850 0.484655 0.018527
5 0.461637 0.759828 0.547315 0.014912
5 0.488491 0.776322 0.496164 0.018075
5 0.478900 0.795526 0.750639 0.021238
5 0.466752 0.815183 0.741688 0.017171
5 0.482097 0.833258 0.754476 0.023498
5 0.482097 0.851559 0.703325 0.019431
4 0.304987 0.906688 0.395141 0.018527
4 0.167519 0.928604 0.120205 0.013556
8 0.358056 0.926344 0.212276 0.012653
8 0.602302 0.922052 0.092072 0.014008
4 0.170077 0.946453 0.112532 0.014008
8 0.347187 0.946227 0.187980 0.014460
8 0.606138 0.941708 0.097187 0.012653