0 0.451535 0.107215 0.764136 0.028321
1 0.445073 0.135873 0.741519 0.015509
1 0.231826 0.151045 0.318255 0.013486
11 0.383683 0.170600 0.618740 0.014835
11 0.250404 0.191841 0.358643 0.015509
4 0.298061 0.209710 0.447496 0.014835
4 0.810985 0.219825 0.290792 0.016183
5 0.142973 0.230614 0.163166 0.013486
9 0.334410 0.246797 0.546042 0.014835
5 0.274637 0.281524 0.420032 0.018206
11 0.197900 0.323668 0.221325 0.014835
5 0.661551 0.325017 0.447496 0.014835
11 0.581583 0.342886 0.287561 0.018206
3 0.222132 0.363115 0.179321 0.015509
8 0.811793 0.364127 0.085622 0.018881
11 0.920032 0.364127 0.050081 0.020229
4 0.295638 0.389076 0.510501 0.016183
5 0.463651 0.409643 0.145396 0.016858
11 0.432149 0.436952 0.088853 0.017532
5 0.477383 0.460216 0.176090 0.016858
11 0.473344 0.485840 0.171244 0.015509
11 0.437803 0.523264 0.096931 0.013486
5 0.459612 0.544167 0.147011 0.014835
8 0.813409 0.390088 0.079160 0.014160
8 0.812601 0.411666 0.084006 0.016858
8 0.817447 0.439987 0.077544 0.014160
8 0.815024 0.460553 0.072698 0.012138
8 0.815024 0.488200 0.079160 0.014835
8 0.809370 0.525961 0.100162 0.016183
8 0.809370 0.546527 0.093700 0.015509
4 0.165590 0.575523 0.237480 0.018206
11 0.124394 0.595415 0.161551 0.016183
5 0.518578 0.574848 0.213247 0.015509
8 0.584814 0.595078 0.077544 0.015509
4 0.843296 0.575523 0.138934 0.015509
8 0.877221 0.595078 0.077544 0.015509
9 0.256058 0.648011 0.424879 0.016183
2 0.676090 0.648685 0.321486 0.016183
5 0.516963 0.744100 0.814216 0.018206
5 0.515347 0.778827 0.665590 0.016183
5 0.517771 0.800742 0.402262 0.016858
5 0.516963 0.836143 0.652666 0.016183
9 0.516963 0.871881 0.814216 0.016183
5 0.516963 0.893459 0.865913 0.014835
5 0.518578 0.915711 0.239095 0.016183
5 0.517771 0.949427 0.744750 0.018881