0 0.436789 0.159722 0.342604 0.020503
9 0.428571 0.183532 0.212389 0.017857
5 0.434260 0.208333 0.529709 0.021164
1 0.444374 0.232804 0.623262 0.021164
1 0.435525 0.256614 0.418458 0.021164
4 0.438685 0.279762 0.457649 0.023810
4 0.416561 0.328042 0.413401 0.019841
9 0.209861 0.375661 0.305942 0.019841
10 0.552465 0.376984 0.303413 0.018519
11 0.094817 0.400132 0.078382 0.018519
2 0.393173 0.400132 0.399494 0.021164
5 0.161188 0.448743 0.211125 0.021825
11 0.369785 0.449405 0.059418 0.021825
5 0.540455 0.449405 0.135272 0.020503
11 0.692794 0.448082 0.091024 0.021825
4 0.788875 0.448082 0.058154 0.017857
11 0.130847 0.496362 0.147914 0.019180
11 0.354614 0.520833 0.056890 0.017857
8 0.530341 0.520503 0.079646 0.018519
8 0.701643 0.521164 0.078382 0.019841
11 0.797724 0.521164 0.040455 0.018519
5 0.120733 0.544974 0.132743 0.019841
11 0.352718 0.569114 0.055626 0.016534
8 0.523388 0.569114 0.093552 0.017857
8 0.694690 0.570106 0.092288 0.018519
11 0.799621 0.569775 0.039191 0.019180
5 0.143489 0.593254 0.173198 0.022487
11 0.353350 0.615410 0.056890 0.017857
8 0.532238 0.615741 0.075853 0.019841
8 0.703540 0.616402 0.077118 0.019841
11 0.797724 0.616071 0.040455 0.017857
6 0.170038 0.663029 0.226296 0.019180
4 0.264855 0.687831 0.415929 0.022487
8 0.769279 0.687169 0.089760 0.018519
4 0.217446 0.710979 0.321113 0.019841
8 0.780657 0.710648 0.074589 0.019180
4 0.292035 0.734458 0.470291 0.020503
3 0.771176 0.734458 0.091024 0.019180
11 0.164981 0.756614 0.218710 0.021164
8 0.723767 0.758929 0.183312 0.020503
11 0.111252 0.805556 0.113780 0.019841
8 0.772440 0.805556 0.091024 0.018519
4 0.163085 0.876653 0.212389 0.020503
5 0.530341 0.877315 0.190898 0.019180
4 0.749052 0.876984 0.130215 0.022487
11 0.078382 0.899471 0.040455 0.019841
11 0.305310 0.899802 0.109987 0.021825
8 0.579014 0.899802 0.088496 0.019180
8 0.778129 0.899802 0.074589 0.019180