0 0.467345 0.251782 0.270712 0.010690
2 0.468857 0.261901 0.099174 0.008694
1 0.468252 0.274088 0.063294 0.009692
1 0.467748 0.285633 0.231607 0.010262
1 0.467547 0.297819 0.176376 0.011260
4 0.467144 0.309721 0.076396 0.009692
9 0.403648 0.319912 0.166700 0.008979
11 0.331082 0.336160 0.022778 0.008124
11 0.424007 0.338156 0.019149 0.010120
11 0.600585 0.338156 0.027615 0.010120
9 0.414937 0.351482 0.190486 0.011117
8 0.334610 0.363099 0.029026 0.008694
6 0.417154 0.363883 0.006249 0.007697
8 0.597662 0.364952 0.031042 0.009835
9 0.398004 0.381271 0.155815 0.011403
8 0.334912 0.393600 0.030437 0.009835
6 0.416751 0.393957 0.006652 0.009122
8 0.596654 0.395667 0.031042 0.009122
3 0.558859 0.415621 0.105825 0.009407
4 0.566620 0.428022 0.096352 0.009692
3 0.568736 0.439852 0.084862 0.009407
5 0.357085 0.455744 0.079621 0.010120
5 0.590405 0.456457 0.041524 0.008124
11 0.335416 0.468287 0.034267 0.008409
8 0.595545 0.469712 0.029631 0.008409
5 0.338440 0.481115 0.042330 0.009835
8 0.595142 0.482112 0.030034 0.008409
4 0.350837 0.509193 0.067124 0.008694
5 0.491433 0.510191 0.044346 0.008694
4 0.596452 0.510619 0.028623 0.008694
4 0.350837 0.522520 0.069139 0.009122
8 0.506148 0.523304 0.020560 0.008409
8 0.600484 0.523518 0.020560 0.007697
4 0.462104 0.540621 0.140093 0.009407
5 0.462306 0.552950 0.189276 0.010690
4 0.461399 0.564852 0.126184 0.010832
5 0.461600 0.576468 0.139085 0.010405
5 0.461298 0.587799 0.171941 0.009407
5 0.461903 0.600200 0.152993 0.011403