0 0.496059 0.212374 0.584459 0.024985
11 0.494369 0.243010 0.702703 0.026770
5 0.494369 0.272754 0.653153 0.024390
1 0.510698 0.303688 0.647523 0.025580
4 0.496622 0.334027 0.542793 0.024390
5 0.494369 0.364664 0.195946 0.028554
5 0.285473 0.420880 0.415541 0.022011
11 0.906532 0.421773 0.051802 0.026175
11 0.287725 0.451517 0.415541 0.026175
6 0.157095 0.482748 0.152027 0.024390
11 0.582207 0.483343 0.072072 0.023200
5 0.201014 0.544319 0.230856 0.026175
5 0.824887 0.544319 0.233108 0.032124
4 0.277590 0.602915 0.404279 0.023200
3 0.855856 0.604105 0.155405 0.023200
11 0.126689 0.634741 0.097973 0.021416
8 0.851914 0.635634 0.152027 0.024390
4 0.346847 0.693040 0.536036 0.022606
2 0.339527 0.752528 0.510135 0.024985
5 0.294482 0.782272 0.435811 0.023795
5 0.501689 0.842356 0.586712 0.024985
9 0.493243 0.871208 0.403153 0.023200
5 0.505631 0.901249 0.509009 0.022606
8 0.693694 0.483641 0.090090 0.021416
8 0.842342 0.482748 0.092342 0.022011
8 0.792793 0.693040 0.153153 0.023795
9 0.792230 0.753123 0.280405 0.021416