11 0.439123 0.066295 0.657468 0.029740
6 0.464286 0.119269 0.172078 0.030359
0 0.437500 0.163569 0.696429 0.018587
1 0.448052 0.184634 0.188312 0.018587
5 0.437500 0.203222 0.478896 0.016109
1 0.448864 0.224287 0.849026 0.016109
1 0.448052 0.244114 0.847403 0.018587
5 0.438312 0.264870 0.175325 0.017968
4 0.448052 0.285316 0.532468 0.019207
5 0.444805 0.304523 0.759740 0.019207
5 0.294643 0.324040 0.147727 0.017348
4 0.448864 0.345415 0.245130 0.017968
5 0.457792 0.385998 0.220779 0.018587
9 0.241883 0.425960 0.438312 0.017968
2 0.425325 0.447336 0.801948 0.017348
5 0.112013 0.466543 0.175325 0.016109
11 0.814935 0.466543 0.110390 0.016109
5 0.359578 0.487299 0.586039 0.015489
5 0.362825 0.507435 0.498377 0.017348
5 0.314935 0.527261 0.237013 0.017348
5 0.277597 0.547708 0.324675 0.016109
5 0.295455 0.568773 0.451299 0.018587
5 0.212662 0.588600 0.198052 0.017348
11 0.233766 0.609046 0.237013 0.017348
5 0.284091 0.629802 0.435065 0.016729
5 0.271916 0.649318 0.326299 0.016109
5 0.261364 0.670074 0.386364 0.017968
5 0.177760 0.690211 0.215909 0.017348
5 0.340909 0.710657 0.454545 0.017348
8 0.818182 0.487299 0.110390 0.016729
8 0.828734 0.527881 0.086039 0.017348
8 0.817370 0.568773 0.108766 0.016109
8 0.814935 0.630112 0.113636 0.016109
8 0.825487 0.670384 0.089286 0.016109
11 0.675325 0.690211 0.038961 0.017348
8 0.824675 0.690830 0.087662 0.014870
4 0.282468 0.751549 0.522727 0.018587
11 0.054383 0.771375 0.069805 0.017348
5 0.087662 0.792751 0.136364 0.019207
3 0.813312 0.751239 0.113636 0.016729
8 0.813312 0.771685 0.113636 0.016729
8 0.823864 0.791822 0.092532 0.016109
4 0.250000 0.832714 0.457792 0.018587
8 0.823864 0.832714 0.086039 0.016109
5 0.433442 0.893432 0.691558 0.018587
5 0.445617 0.913879 0.803571 0.017348
5 0.240260 0.771066 0.133117 0.015489