0 0.488248 0.139282 0.722222 0.026502
5 0.444444 0.174028 0.502137 0.026502
1 0.442308 0.198174 0.638889 0.024146
5 0.445513 0.221731 0.183761 0.022968
11 0.442842 0.244111 0.469017 0.024146
11 0.446581 0.270024 0.239316 0.018257
0 0.445513 0.301826 0.566239 0.027680
4 0.445513 0.334806 0.491453 0.019435
4 0.446581 0.366608 0.239316 0.021790
9 0.135150 0.405477 0.195513 0.022968
1 0.387821 0.405477 0.175214 0.020612
11 0.092949 0.434335 0.098291 0.024146
2 0.448184 0.436101 0.295940 0.020612
10 0.134615 0.464959 0.181624 0.020612
11 0.337607 0.466726 0.074786 0.024146
11 0.648504 0.505595 0.076923 0.024146
11 0.793269 0.505595 0.103632 0.026502
5 0.133013 0.527385 0.186966 0.024146
6 0.161859 0.557420 0.195513 0.024146
11 0.343483 0.561543 0.045940 0.015901
8 0.440171 0.560365 0.085470 0.020612
3 0.649573 0.560954 0.083333 0.021790
11 0.822115 0.559187 0.060897 0.020612
11 0.295940 0.589812 0.149573 0.020612
8 0.646368 0.590989 0.085470 0.022968
4 0.241987 0.641637 0.291667 0.022968
8 0.644231 0.642226 0.081197 0.021790
5 0.294872 0.672850 0.160256 0.020612
8 0.647436 0.674028 0.083333 0.020612
5 0.264957 0.702297 0.230769 0.026502
8 0.645299 0.701708 0.087607 0.020612
11 0.183226 0.735866 0.274573 0.022968
4 0.172009 0.770612 0.247863 0.025324
5 0.455662 0.771790 0.219017 0.022968
4 0.716880 0.771201 0.155983 0.021790
11 0.076923 0.801826 0.061966 0.019435
11 0.239850 0.805359 0.107906 0.024146
8 0.523504 0.802415 0.089744 0.020612
11 0.757479 0.803592 0.072650 0.018257
5 0.438568 0.892521 0.206197 0.020612
5 0.438568 0.918728 0.372863 0.023557
5 0.436432 0.943757 0.701923 0.020612