0 0.499537 0.120825 0.226852 0.015062
9 0.499074 0.135887 0.088889 0.009823
5 0.498148 0.148985 0.170370 0.012443
1 0.500463 0.161755 0.197222 0.013098
1 0.500000 0.174853 0.142593 0.011788
11 0.445833 0.188933 0.115741 0.012443
11 0.577315 0.186640 0.115741 0.013098
4 0.512500 0.202358 0.156481 0.013098
4 0.512500 0.222659 0.182407 0.013098
5 0.460185 0.241650 0.251852 0.013098
9 0.410648 0.261624 0.152778 0.013752
5 0.373611 0.277341 0.080556 0.011133
2 0.611111 0.275049 0.105556 0.011788
10 0.383796 0.289456 0.097222 0.011788
11 0.603704 0.289129 0.090741 0.011133
11 0.584722 0.310413 0.032407 0.010478
11 0.656944 0.309430 0.030556 0.012443
11 0.350000 0.324820 0.029630 0.009168
11 0.531944 0.322528 0.023148 0.009823
11 0.585185 0.320891 0.029630 0.009168
5 0.646759 0.320563 0.052778 0.008513
6 0.356019 0.338572 0.039815 0.010478
6 0.532407 0.335298 0.007407 0.009168
8 0.585648 0.334643 0.041667 0.009168
8 0.651852 0.333333 0.040741 0.010478
5 0.465741 0.350033 0.259259 0.013752
6 0.351852 0.367387 0.033333 0.009168
6 0.532407 0.365095 0.007407 0.008513
8 0.585185 0.363785 0.035185 0.009823
8 0.656019 0.362803 0.034259 0.009168
5 0.463426 0.379830 0.254630 0.013098
6 0.356944 0.396857 0.037963 0.009168
6 0.532407 0.393910 0.011111 0.008513
8 0.585648 0.393255 0.028704 0.009823
8 0.657407 0.392272 0.035185 0.010478
5 0.433333 0.409954 0.192593 0.013098
6 0.357407 0.425671 0.038889 0.010478
6 0.533333 0.423052 0.011111 0.009168
8 0.586574 0.422069 0.026852 0.009823
8 0.657870 0.421087 0.034259 0.009168
5 0.433796 0.438441 0.191667 0.012443
6 0.357870 0.455141 0.037963 0.010478
6 0.533796 0.452849 0.008333 0.009823
8 0.587037 0.451866 0.027778 0.009168
8 0.662037 0.450557 0.029630 0.009168
5 0.445833 0.467911 0.215741 0.012443
6 0.388889 0.484283 0.101852 0.011133
6 0.534259 0.482646 0.007407 0.009168
8 0.587500 0.481336 0.036111 0.009168
8 0.658333 0.480354 0.037037 0.009823
5 0.504167 0.496398 0.332407 0.014407
6 0.354167 0.514735 0.032407 0.010478
6 0.534722 0.512115 0.008333 0.009168
8 0.587037 0.511133 0.027778 0.008513
8 0.662037 0.509823 0.027778 0.009823
5 0.457407 0.525868 0.237037 0.011788
6 0.354630 0.542567 0.031481 0.008513
6 0.535185 0.539948 0.011111 0.008513
8 0.588889 0.539948 0.027778 0.008513
8 0.662963 0.538310 0.027778 0.009168
5 0.469444 0.554355 0.262963 0.013752
6 0.355556 0.572364 0.033333 0.009168
6 0.536574 0.570072 0.015741 0.009823
8 0.587963 0.568762 0.027778 0.008513
8 0.662963 0.567780 0.027778 0.009168
5 0.455093 0.585134 0.232407 0.011133
6 0.389352 0.600851 0.100926 0.011133
6 0.535648 0.599214 0.010185 0.009168
8 0.588426 0.598559 0.028704 0.009168
8 0.660185 0.597577 0.033333 0.009823
5 0.489352 0.613294 0.300926 0.012443
6 0.355556 0.630648 0.031481 0.009168
6 0.536111 0.628684 0.009259 0.009168
8 0.589815 0.628029 0.035185 0.009168
8 0.660185 0.627046 0.037037 0.009823
5 0.499074 0.643091 0.318519 0.014407
5 0.407407 0.658481 0.064815 0.009823
6 0.465741 0.657171 0.016667 0.008513
8 0.655556 0.654551 0.042593 0.009823
4 0.491667 0.686968 0.203704 0.014407
8 0.652315 0.683694 0.043519 0.010478
5 0.542130 0.703340 0.102778 0.010478
8 0.659259 0.700720 0.027778 0.007859
4 0.539352 0.720367 0.110185 0.010478
8 0.656019 0.717747 0.034259 0.009168
5 0.527778 0.739686 0.137037 0.012443
8 0.653241 0.736739 0.039815 0.011788
11 0.546759 0.756385 0.100926 0.011788
3 0.647222 0.754093 0.053704 0.011133
11 0.564815 0.773084 0.064815 0.009823
8 0.647685 0.771447 0.054630 0.010478
5 0.536111 0.790111 0.118519 0.013752
8 0.657407 0.787164 0.035185 0.010478
4 0.411111 0.827767 0.138889 0.013098
4 0.385185 0.851015 0.068519 0.009823
11 0.481481 0.849050 0.012963 0.011133
5 0.565741 0.848396 0.057407 0.009823
4 0.659259 0.847086 0.031481 0.009823
11 0.364815 0.863458 0.022222 0.009823
6 0.482870 0.861821 0.010185 0.009168
8 0.570370 0.861493 0.046296 0.009823
8 0.656481 0.860183 0.037037 0.009823
11 0.466204 0.880485 0.045370 0.011133
8 0.570370 0.879175 0.046296 0.011133
8 0.656481 0.878193 0.037037 0.010478
5 0.510185 0.907990 0.255556 0.012443
5 0.509722 0.921415 0.082407 0.009168