0 0.505627 0.111987 0.892283 0.018927
1 0.498392 0.130915 0.446945 0.018927
1 0.498392 0.150237 0.479100 0.019716
9 0.345659 0.166798 0.299035 0.018139
4 0.503215 0.185726 0.392283 0.019716
4 0.504019 0.224369 0.564309 0.029180
11 0.609325 0.268927 0.424437 0.031546
9 0.112540 0.294558 0.138264 0.018139
2 0.671222 0.296136 0.316720 0.016562
5 0.323955 0.324132 0.567524 0.028391
5 0.270900 0.351341 0.464630 0.019716
5 0.189711 0.370268 0.286174 0.016562
1 0.304662 0.387618 0.519293 0.018139
1 0.240354 0.404574 0.397106 0.017350
2 0.542605 0.423502 0.268489 0.018927
11 0.747588 0.423107 0.099678 0.016562
5 0.145498 0.446372 0.217042 0.015773
11 0.315916 0.444795 0.065916 0.015773
11 0.543408 0.445584 0.028939 0.014196
11 0.750000 0.445978 0.139871 0.016562
5 0.135048 0.474763 0.199357 0.017350
8 0.306270 0.474763 0.078778 0.015773
6 0.408360 0.473975 0.025723 0.015773
6 0.486334 0.474763 0.027331 0.015773
6 0.541801 0.474763 0.025723 0.015773
6 0.637460 0.473975 0.027331 0.015773
8 0.771704 0.474369 0.099678 0.016562
5 0.123794 0.491719 0.180064 0.018139
8 0.304662 0.492902 0.081994 0.018927
6 0.411576 0.492508 0.028939 0.016562
6 0.484727 0.492508 0.027331 0.014984
6 0.543408 0.492902 0.028939 0.015773
6 0.639068 0.492902 0.024116 0.015773
8 0.778939 0.492902 0.081994 0.015773
5 0.124598 0.511435 0.184887 0.018139
8 0.305466 0.512224 0.083601 0.016562
6 0.408360 0.511830 0.025723 0.015773
6 0.487942 0.512618 0.027331 0.017350
6 0.543408 0.511830 0.028939 0.015773
6 0.637460 0.511435 0.024116 0.014984
8 0.778939 0.511830 0.081994 0.015773
11 0.474277 0.545347 0.363344 0.033912
8 0.772508 0.542981 0.101286 0.030757
5 0.134244 0.576893 0.194534 0.018139
8 0.305466 0.576893 0.083601 0.019716
6 0.401929 0.577287 0.048232 0.015773
6 0.484727 0.576498 0.027331 0.015773
6 0.542605 0.577287 0.027331 0.015773
6 0.627814 0.576498 0.043408 0.015773
8 0.771704 0.576893 0.099678 0.016562
5 0.109325 0.595820 0.141479 0.018139
8 0.305466 0.595820 0.086817 0.016562
6 0.400322 0.595426 0.041801 0.014196
6 0.483923 0.595820 0.025723 0.014984
6 0.542605 0.594243 0.024116 0.014984
6 0.627814 0.595032 0.043408 0.014984
8 0.770900 0.595426 0.098071 0.015773
4 0.359325 0.627760 0.580386 0.031546
8 0.770096 0.626183 0.102894 0.026814
4 0.606913 0.663249 0.078778 0.026814
8 0.780547 0.662855 0.085209 0.029180
4 0.365756 0.705047 0.554662 0.036278
8 0.768489 0.702681 0.099678 0.026814
11 0.477492 0.742114 0.353698 0.031546
8 0.770900 0.739748 0.101286 0.026814
11 0.511254 0.782334 0.276527 0.034700
3 0.769293 0.778785 0.104502 0.027603
11 0.120579 0.822950 0.163987 0.021293
5 0.470257 0.843849 0.850482 0.018927
5 0.418810 0.861987 0.747588 0.017350
5 0.471061 0.881309 0.868167 0.018139
4 0.399518 0.899448 0.715434 0.018139
4 0.416399 0.917587 0.752412 0.016562
5 0.187299 0.936120 0.290997 0.017350
5 0.501608 0.956230 0.395498 0.018139
9 0.663987 0.167981 0.295820 0.017350
11 0.391479 0.445584 0.062701 0.014196
11 0.466238 0.446372 0.061093 0.015773
11 0.611736 0.445584 0.078778 0.015773