0 0.442391 0.078326 0.726087 0.023605
1 0.442391 0.106223 0.195652 0.025751
1 0.443478 0.133584 0.858696 0.025751
1 0.444565 0.162017 0.854348 0.025751
5 0.431522 0.190182 0.176087 0.025215
4 0.444565 0.215665 0.558696 0.025751
5 0.438587 0.243562 0.677174 0.025751
11 0.450000 0.268240 0.469565 0.023605
4 0.440761 0.297747 0.244565 0.025751
5 0.458152 0.350322 0.242391 0.024678
9 0.237500 0.404506 0.442391 0.021459
2 0.426087 0.430794 0.819565 0.023605
5 0.107065 0.458155 0.194565 0.024678
5 0.214130 0.484174 0.308696 0.023069
5 0.192935 0.511266 0.185870 0.021459
5 0.208696 0.538090 0.206522 0.023605
5 0.184239 0.564914 0.235870 0.022532
5 0.192935 0.591738 0.275000 0.024678
5 0.159783 0.619635 0.208696 0.025751
4 0.277717 0.673015 0.522826 0.025215
11 0.167391 0.699034 0.297826 0.023605
5 0.159239 0.725322 0.285870 0.024678
5 0.083696 0.754292 0.139130 0.025751
4 0.245109 0.805794 0.459783 0.023605
11 0.811413 0.458691 0.111957 0.021459
8 0.811413 0.484442 0.116304 0.021459
8 0.820109 0.565987 0.094565 0.020386
8 0.816848 0.591738 0.098913 0.024678
8 0.823913 0.618562 0.084783 0.023605
3 0.811413 0.672210 0.107609 0.024678
8 0.811413 0.699571 0.107609 0.022532
8 0.801630 0.726395 0.133696 0.022532
8 0.813043 0.753219 0.121739 0.021459
8 0.825543 0.806062 0.088043 0.021996
5 0.428261 0.860247 0.695652 0.026288
5 0.450000 0.884120 0.867391 0.025751