0 0.466808 0.211598 0.546610 0.028418
0 0.473870 0.238479 0.413842 0.025346
11 0.458333 0.263057 0.761299 0.025346
5 0.457627 0.289555 0.717514 0.024578
1 0.471751 0.314516 0.700565 0.022273
4 0.461158 0.341782 0.574859 0.024578
5 0.459746 0.365975 0.295198 0.023810
4 0.461864 0.391321 0.299435 0.020737
9 0.391949 0.443164 0.772599 0.024578
11 0.918079 0.442780 0.050847 0.023810
11 0.110876 0.467742 0.210452 0.019969
6 0.157486 0.493856 0.300847 0.021505
8 0.626412 0.494624 0.204802 0.021505
8 0.835452 0.494240 0.114407 0.020737
5 0.146186 0.519585 0.281073 0.020737
11 0.917373 0.521121 0.049435 0.022273
6 0.064972 0.546083 0.115819 0.021505
8 0.627119 0.547235 0.206215 0.022273
8 0.846751 0.546467 0.094633 0.022273
5 0.136299 0.597926 0.261299 0.023810
5 0.822034 0.597926 0.237288 0.023810
4 0.216808 0.648233 0.419492 0.023041
3 0.845339 0.649002 0.185028 0.019969
11 0.052966 0.675883 0.094633 0.019969
8 0.846751 0.674731 0.190678 0.020737
5 0.076271 0.701229 0.141243 0.021505
8 0.846045 0.700077 0.186441 0.022273
4 0.295904 0.752304 0.577684 0.025346
8 0.789548 0.751536 0.166667 0.023810
2 0.285311 0.804147 0.562147 0.023041
9 0.788842 0.803379 0.298023 0.023041
10 0.288136 0.829877 0.559322 0.022273
5 0.463983 0.880952 0.628531 0.023041
9 0.459746 0.907066 0.439266 0.021505
5 0.473164 0.932796 0.556497 0.020737