0 0.346102 0.076142 0.611559 0.015228
1 0.136425 0.093655 0.186828 0.015736
5 0.297715 0.112944 0.520161 0.016751
5 0.212366 0.129949 0.344086 0.014213
5 0.223118 0.148731 0.362903 0.016244
1 0.414651 0.166751 0.748656 0.016751
5 0.268817 0.184772 0.459677 0.016244
9 0.200941 0.202030 0.323925 0.015228
9 0.204301 0.219543 0.327957 0.014721
4 0.242608 0.255076 0.404570 0.013706
4 0.432796 0.290863 0.209677 0.015228
9 0.239247 0.325888 0.400538 0.016244
5 0.214382 0.343655 0.345430 0.014213
4 0.261425 0.378934 0.442204 0.013706
5 0.692876 0.378934 0.229839 0.014721
10 0.422043 0.396954 0.766129 0.016244
2 0.136425 0.414721 0.189516 0.014213
11 0.704301 0.413959 0.212366 0.013706
11 0.730511 0.431980 0.071237 0.016244
8 0.346102 0.468528 0.614247 0.015228
9 0.166667 0.485787 0.212366 0.014213
6 0.385081 0.485533 0.044355 0.013706
11 0.721102 0.485279 0.173387 0.013198
5 0.351478 0.503299 0.619624 0.014721
8 0.751344 0.504061 0.115591 0.015228
6 0.185484 0.521066 0.252688 0.013706
6 0.383065 0.521574 0.040323 0.012690
11 0.729839 0.520051 0.158602 0.014721
8 0.377016 0.539340 0.676075 0.013706
9 0.168683 0.556599 0.211022 0.012690
6 0.387769 0.557107 0.041667 0.012690
11 0.733871 0.555076 0.150538 0.014721
8 0.251344 0.574365 0.422043 0.013706
6 0.184812 0.592640 0.248656 0.013706
6 0.389113 0.591117 0.033602 0.012690
11 0.733871 0.591371 0.153226 0.014213
8 0.319220 0.609645 0.557796 0.014213
6 0.185484 0.627157 0.252688 0.014721
6 0.383737 0.627411 0.033602 0.013198
11 0.731855 0.626142 0.154570 0.014721
8 0.262769 0.646193 0.444892 0.015228
6 0.184812 0.663198 0.248656 0.013706
6 0.387097 0.662944 0.040323 0.013198
11 0.740591 0.662183 0.139785 0.013706
5 0.223790 0.699492 0.366935 0.014213
4 0.299059 0.735279 0.522849 0.014721
3 0.733871 0.733249 0.155914 0.013706
5 0.227151 0.753299 0.365591 0.015228
11 0.754032 0.752030 0.118280 0.013706
11 0.128360 0.770558 0.165323 0.016244
11 0.733871 0.770051 0.158602 0.014213
5 0.179435 0.788832 0.267473 0.015228
5 0.723790 0.787563 0.178763 0.014721
4 0.171371 0.824619 0.213710 0.015736
5 0.513441 0.823096 0.169355 0.014721
4 0.742608 0.822843 0.138441 0.015228
11 0.563172 0.840863 0.075269 0.015736
11 0.753360 0.841117 0.073925 0.015228
11 0.130376 0.860152 0.131720 0.015736
8 0.543011 0.859137 0.118280 0.012690
8 0.776210 0.859137 0.081989 0.013706
11 0.132392 0.878426 0.130376 0.014721
8 0.564516 0.876904 0.077957 0.013706
8 0.776882 0.876904 0.083333 0.014721
9 0.295699 0.913198 0.502688 0.015228
5 0.305108 0.930964 0.513441 0.015228
5 0.335349 0.948731 0.571237 0.015228
5 0.137769 0.985533 0.165323 0.013706