0 0.476190 0.084073 0.307483 0.021314
9 0.469388 0.108940 0.274830 0.023683
5 0.474150 0.133807 0.602721 0.024867
1 0.474830 0.158674 0.514286 0.024867
5 0.465986 0.181468 0.232653 0.021906
1 0.474150 0.206039 0.553741 0.024867
9 0.470748 0.232090 0.753741 0.026051
5 0.478912 0.255477 0.707483 0.025459
9 0.480952 0.279751 0.610884 0.025459
9 0.468027 0.302546 0.329252 0.020130
5 0.486395 0.327413 0.755102 0.026051
4 0.468027 0.352279 0.579592 0.023683
5 0.163946 0.402013 0.246259 0.020130
9 0.646939 0.399053 0.412245 0.024867
2 0.293878 0.425992 0.503401 0.021906
9 0.467347 0.472765 0.151020 0.019538
5 0.197959 0.520426 0.306122 0.020130
11 0.880952 0.518058 0.069388 0.020130
11 0.091837 0.543813 0.091156 0.018354
5 0.489796 0.544405 0.239456 0.020722
11 0.800000 0.542333 0.212245 0.020130
6 0.059864 0.591770 0.019048 0.018354
5 0.379592 0.591474 0.544218 0.020130
11 0.880272 0.589698 0.068027 0.018946
11 0.110204 0.615749 0.133333 0.018946
6 0.371429 0.614861 0.043537 0.018354
8 0.566667 0.614861 0.088435 0.017170
8 0.773469 0.613677 0.110204 0.019538
11 0.891837 0.613381 0.050340 0.018946
8 0.217687 0.639728 0.348299 0.019538
8 0.768707 0.638544 0.114286 0.018354
5 0.562585 0.709295 0.257143 0.020130
6 0.888435 0.708999 0.046259 0.019538
4 0.400680 0.734162 0.580952 0.021314
3 0.857823 0.732682 0.110204 0.018354
11 0.455782 0.757549 0.470748 0.018354
8 0.857823 0.756365 0.107483 0.018354
5 0.529932 0.781231 0.319728 0.019538
8 0.844898 0.780935 0.127891 0.018946
5 0.602721 0.804914 0.168707 0.019538
8 0.855782 0.804914 0.111565 0.017170
4 0.164626 0.852872 0.239456 0.021906
5 0.472789 0.853760 0.254422 0.018946
4 0.809524 0.851983 0.185034 0.020130
11 0.123810 0.877442 0.152381 0.018946
8 0.554422 0.875962 0.107483 0.019538
8 0.866667 0.875666 0.092517 0.018946
5 0.478231 0.923327 0.869388 0.018354