0 0.444907 0.230190 0.271296 0.009823
2 0.445370 0.240013 0.101852 0.008513
1 0.446296 0.252456 0.061111 0.009823
5 0.445833 0.264571 0.236111 0.009168
1 0.445833 0.276031 0.175000 0.011133
4 0.445833 0.287492 0.076852 0.007859
9 0.382870 0.299280 0.163889 0.007859
11 0.311574 0.315652 0.023148 0.007859
11 0.403704 0.316306 0.020370 0.009168
11 0.581019 0.314342 0.026852 0.007859
9 0.370833 0.330386 0.143519 0.009823
8 0.315741 0.343157 0.029630 0.010478
6 0.397685 0.342829 0.008333 0.007204
8 0.578704 0.340537 0.029630 0.009168
9 0.389352 0.360511 0.180556 0.009823
8 0.315278 0.374263 0.030556 0.007204
6 0.397222 0.372954 0.007407 0.007204
8 0.579167 0.371971 0.028704 0.009168
9 0.385185 0.391290 0.168519 0.008513
8 0.316667 0.405043 0.029630 0.008513
6 0.398148 0.403733 0.007407 0.007204
8 0.578704 0.402750 0.029630 0.007859
3 0.540741 0.424361 0.105556 0.007859
4 0.549074 0.436804 0.094444 0.009168
3 0.551852 0.447282 0.087037 0.009168
5 0.339815 0.465946 0.081481 0.009823
5 0.574537 0.463982 0.041667 0.007204
11 0.318519 0.478716 0.033333 0.007859
8 0.579167 0.477407 0.028704 0.009168
5 0.322685 0.491487 0.039815 0.009823
8 0.580093 0.488867 0.030556 0.008513
4 0.335185 0.520629 0.066667 0.007859
5 0.475463 0.519319 0.049074 0.009168
4 0.580093 0.518009 0.030556 0.009168
4 0.335648 0.533726 0.069444 0.007859
8 0.489352 0.532089 0.021296 0.007204
8 0.585648 0.531434 0.023148 0.007204
4 0.447222 0.550098 0.142593 0.010478
5 0.447685 0.562868 0.191667 0.009823
4 0.447685 0.574656 0.126852 0.009823
5 0.447222 0.586117 0.142593 0.009168
5 0.448611 0.598232 0.176852 0.009823
5 0.448611 0.610347 0.158333 0.011788