0 0.461318 0.198895 0.518625 0.022099
0 0.463467 0.222721 0.414040 0.022790
11 0.450573 0.245511 0.766476 0.022790
5 0.450573 0.269337 0.723496 0.023481
1 0.463467 0.291782 0.706304 0.018646
4 0.452006 0.316298 0.580229 0.024862
5 0.450573 0.339434 0.296562 0.022790
4 0.453438 0.362914 0.302292 0.020028
5 0.312321 0.409876 0.624642 0.022790
11 0.916189 0.408149 0.047278 0.020718
11 0.150430 0.432320 0.297994 0.023481
6 0.080229 0.454420 0.157593 0.020718
8 0.618911 0.456146 0.206304 0.021409
8 0.842407 0.455456 0.094556 0.020028
5 0.245702 0.477901 0.488539 0.019337
11 0.914756 0.478591 0.053009 0.020718
11 0.152579 0.502417 0.299427 0.022790
6 0.083095 0.524171 0.160458 0.020718
8 0.621060 0.526243 0.207736 0.020718
8 0.841691 0.524862 0.093123 0.019337
9 0.198424 0.547652 0.393983 0.022099
11 0.914040 0.549033 0.051576 0.020718
11 0.222063 0.571133 0.438395 0.022099
6 0.084527 0.593232 0.160458 0.019337
8 0.620344 0.593923 0.209169 0.020718
8 0.842407 0.594613 0.091691 0.020718
5 0.131089 0.640539 0.253582 0.022790
5 0.820201 0.641575 0.236390 0.022099
4 0.212751 0.686464 0.414040 0.020718
3 0.843840 0.687500 0.189112 0.020028
11 0.054441 0.709254 0.091691 0.017956
8 0.843123 0.709945 0.190544 0.019337
5 0.075931 0.732735 0.134670 0.017956
8 0.843840 0.733771 0.189112 0.020028
4 0.295845 0.778660 0.568768 0.020028
8 0.784384 0.779351 0.164756 0.020028
2 0.285817 0.824931 0.554441 0.020028
9 0.785817 0.825276 0.305158 0.022099
10 0.286533 0.847721 0.550143 0.021409
5 0.461318 0.893646 0.621777 0.019337
9 0.457020 0.916091 0.435530 0.021409
5 0.469198 0.938881 0.551576 0.021409