0 0.471578 0.253278 0.270308 0.014253
2 0.471074 0.263540 0.099174 0.009122
1 0.471074 0.276653 0.062891 0.009692
1 0.472586 0.288341 0.232010 0.011973
1 0.471679 0.300456 0.176980 0.011403
4 0.472687 0.311787 0.077807 0.010975
9 0.408184 0.323903 0.165289 0.012400
11 0.338037 0.341363 0.024592 0.008267
11 0.430861 0.339795 0.020359 0.009122
11 0.605926 0.335661 0.031042 0.009122
11 0.335920 0.354404 0.017134 0.007554
11 0.337130 0.385262 0.017537 0.008552
9 0.403145 0.353478 0.107640 0.008552
11 0.347813 0.367232 0.042935 0.008979
9 0.411107 0.384835 0.122758 0.009977
11 0.348015 0.398803 0.043338 0.009692
6 0.424612 0.366662 0.005442 0.009265
6 0.424713 0.397235 0.006853 0.008552
11 0.599577 0.362814 0.042935 0.009265
11 0.600585 0.394669 0.040919 0.009692
11 0.563092 0.415336 0.117920 0.010262
4 0.570953 0.427309 0.104213 0.009977
5 0.572969 0.438640 0.101794 0.009265
3 0.574078 0.450043 0.097964 0.009265
5 0.370389 0.471066 0.080427 0.009977
5 0.601794 0.466291 0.043338 0.007554
11 0.347712 0.484393 0.035074 0.009265
5 0.351542 0.497434 0.044346 0.008552
11 0.602600 0.480259 0.040919 0.009265
11 0.604213 0.491804 0.043338 0.008979
4 0.365753 0.524943 0.069139 0.006842
5 0.501209 0.522449 0.055432 0.008979
4 0.606632 0.520382 0.038500 0.008267
4 0.366761 0.537842 0.069139 0.007269
8 0.520157 0.534350 0.020359 0.007982
8 0.615400 0.533139 0.018948 0.007554
4 0.478230 0.553449 0.141705 0.009407
5 0.479036 0.564852 0.189276 0.011688
5 0.478835 0.576824 0.140496 0.010547
5 0.479036 0.588655 0.172344 0.010832
5 0.479036 0.601767 0.154606 0.010832