0 0.531250 0.089437 0.510776 0.021127
1 0.532866 0.111972 0.557112 0.020188
5 0.523168 0.136620 0.460129 0.018779
1 0.524246 0.160563 0.501078 0.019718
4 0.515086 0.183333 0.396552 0.017371
1 0.502694 0.206338 0.266164 0.018310
11 0.533944 0.230047 0.518319 0.018779
9 0.305496 0.276526 0.283405 0.016901
11 0.808190 0.276526 0.118534 0.017840
5 0.361530 0.300235 0.292026 0.017371
9 0.308190 0.323709 0.284483 0.017371
11 0.810884 0.323239 0.115302 0.016432
5 0.363685 0.347887 0.289871 0.018779
9 0.307651 0.371127 0.285560 0.015493
11 0.808190 0.371127 0.118534 0.016432
5 0.363685 0.393662 0.279095 0.017371
11 0.189116 0.439202 0.173491 0.018310
3 0.822198 0.439906 0.090517 0.017840
4 0.294720 0.462676 0.382543 0.020188
8 0.821659 0.463146 0.089440 0.017371
4 0.336746 0.486385 0.453664 0.019718
8 0.822737 0.486854 0.091595 0.016901
11 0.145474 0.510329 0.079741 0.016901
8 0.819504 0.510798 0.093750 0.016901
5 0.220366 0.533568 0.229526 0.018310
5 0.543103 0.534507 0.187500 0.019249
8 0.818966 0.534272 0.094828 0.018779
9 0.477371 0.557042 0.586207 0.018310
4 0.210668 0.580516 0.212284 0.020188
5 0.544181 0.580282 0.114224 0.018779
4 0.839440 0.580751 0.053879 0.017840
11 0.174030 0.603756 0.134698 0.017840
8 0.553879 0.604460 0.088362 0.017371
8 0.828125 0.604695 0.080819 0.016901
11 0.151401 0.625822 0.089440 0.018779
8 0.553879 0.626761 0.090517 0.016901
8 0.828125 0.628169 0.080819 0.016901
2 0.261853 0.650000 0.299569 0.018310
9 0.714440 0.649765 0.301724 0.019718
9 0.382543 0.673005 0.553879 0.020188
1 0.534483 0.741784 0.398707 0.017840
11 0.522091 0.766197 0.453664 0.021596
5 0.527478 0.789437 0.533405 0.019249
5 0.516164 0.811737 0.329741 0.019718