4 0.513605 0.106406 0.474830 0.023293
0 0.504082 0.149285 0.499320 0.022234
1 0.504762 0.170990 0.628571 0.021175
1 0.515646 0.194283 0.261224 0.017999
5 0.516327 0.214929 0.175510 0.017999
5 0.504762 0.255426 0.329252 0.016411
0 0.515646 0.274484 0.522449 0.021705
4 0.504762 0.295394 0.546939 0.020116
2 0.267347 0.339862 0.409524 0.016940
10 0.666667 0.337480 0.258503 0.019587
1 0.278231 0.360244 0.434014 0.016411
11 0.103401 0.402065 0.087075 0.015352
5 0.504762 0.402859 0.149660 0.017999
11 0.710884 0.401271 0.091156 0.016940
5 0.840136 0.397565 0.131973 0.019058
5 0.248980 0.443886 0.367347 0.016411
11 0.525850 0.443092 0.110204 0.014823
8 0.702041 0.442033 0.103401 0.016940
3 0.872789 0.437798 0.151020 0.020116
11 0.482993 0.485177 0.236735 0.016411
8 0.849660 0.481736 0.104762 0.017999
11 0.580272 0.525940 0.431293 0.017470
8 0.848980 0.544468 0.111565 0.016411
5 0.473469 0.567761 0.217687 0.015352
8 0.847619 0.565114 0.111565 0.017470
4 0.178912 0.608788 0.238095 0.016940
5 0.612245 0.609052 0.195918 0.015352
4 0.838095 0.606141 0.133333 0.014823
5 0.233333 0.629963 0.306122 0.014823
8 0.654422 0.629434 0.106122 0.015881
8 0.859184 0.627581 0.091156 0.015352
11 0.114286 0.671519 0.106122 0.016411
5 0.222449 0.692165 0.281633 0.015352
5 0.197959 0.713340 0.240816 0.015352
9 0.708844 0.712282 0.348299 0.016411
5 0.243537 0.733986 0.323810 0.016411
9 0.717687 0.732398 0.322449 0.017470
5 0.255782 0.754632 0.342857 0.018528
6 0.753741 0.752515 0.258503 0.015352
11 0.244218 0.773954 0.322449 0.015881
6 0.848980 0.772366 0.070748 0.014823
5 0.322449 0.794865 0.133333 0.016411
6 0.855102 0.793012 0.047619 0.016940
11 0.372789 0.814981 0.236735 0.015352
6 0.848299 0.814452 0.072109 0.015352
5 0.232653 0.836421 0.304762 0.017999
6 0.577551 0.834833 0.047619 0.015881
2 0.770068 0.835098 0.217687 0.015352
6 0.569388 0.856273 0.063946 0.016411
2 0.772789 0.856273 0.225850 0.017470
1 0.500000 0.918740 0.798639 0.018528
11 0.511565 0.938592 0.647619 0.016940
11 0.732653 0.483060 0.044898 0.015352
11 0.730612 0.546056 0.046259 0.015352
11 0.732653 0.566967 0.044898 0.016940