0 0.419817 0.137911 0.294387 0.016157
1 0.413517 0.159838 0.373425 0.018465
1 0.418671 0.181189 0.521191 0.017311
5 0.411798 0.202539 0.239404 0.017311
1 0.407216 0.224466 0.369989 0.017311
4 0.266896 0.246682 0.348225 0.017888
4 0.416380 0.310156 0.191294 0.016734
5 0.162658 0.332949 0.130584 0.016157
11 0.400344 0.331218 0.083620 0.016157
5 0.168958 0.354587 0.140893 0.017888
9 0.430699 0.353433 0.146621 0.016734
5 0.179267 0.375649 0.168385 0.016157
2 0.530928 0.373630 0.342497 0.016734
10 0.158076 0.397288 0.119129 0.017888
5 0.458190 0.395268 0.192440 0.016157
5 0.150057 0.440277 0.098511 0.018465
11 0.408362 0.439123 0.101947 0.017311
5 0.198167 0.461339 0.199313 0.020196
11 0.386598 0.461050 0.051546 0.016157
5 0.320160 0.502885 0.438717 0.017888
9 0.184994 0.526544 0.166094 0.016734
3 0.517182 0.523370 0.147766 0.016157
8 0.693013 0.523081 0.082474 0.015580
5 0.186140 0.568090 0.163803 0.015580
6 0.726804 0.564628 0.019473 0.017888
4 0.274341 0.588863 0.333333 0.019042
8 0.694731 0.586555 0.083620 0.016734
5 0.258305 0.611079 0.308133 0.017311
8 0.703322 0.608482 0.066438 0.015580
11 0.266896 0.633295 0.327606 0.016734
8 0.695304 0.630121 0.082474 0.016157
11 0.136884 0.677438 0.065292 0.016157
8 0.695876 0.673110 0.081329 0.015580
5 0.159794 0.698788 0.115693 0.015003
11 0.605384 0.695038 0.262314 0.016734
5 0.178121 0.720716 0.145475 0.016157
9 0.623711 0.715811 0.230241 0.020196
11 0.234250 0.739758 0.262314 0.018465
4 0.195304 0.829775 0.179840 0.016157
5 0.429553 0.826024 0.160367 0.016734
4 0.679840 0.824005 0.113402 0.018465
11 0.163230 0.872764 0.117984 0.015580
8 0.470790 0.869013 0.084765 0.016157
8 0.706758 0.867282 0.066438 0.017311
2 0.357961 0.914022 0.509737 0.019619
6 0.611111 0.502308 0.051546 0.016734
11 0.700458 0.502020 0.063001 0.019619
5 0.443299 0.973168 0.148912 0.012118