0 0.456938 0.099102 0.754386 0.026299
1 0.449761 0.125401 0.733652 0.014753
1 0.240829 0.140154 0.315789 0.014753
11 0.392344 0.158435 0.618820 0.016677
11 0.257576 0.177678 0.355662 0.016677
4 0.304625 0.195318 0.449761 0.014753
4 0.817384 0.203977 0.288676 0.016677
5 0.152313 0.214881 0.164274 0.016677
9 0.342903 0.231879 0.539075 0.016036
5 0.287879 0.266517 0.419458 0.017319
11 0.211324 0.305645 0.228070 0.013470
5 0.705742 0.305645 0.531100 0.013470
11 0.578947 0.322963 0.267943 0.017319
11 0.229665 0.341886 0.172249 0.015394
8 0.815789 0.342527 0.071770 0.014112
11 0.921053 0.342848 0.052632 0.013470
11 0.207337 0.362733 0.223285 0.017319
5 0.706539 0.363374 0.523126 0.016036
11 0.504785 0.379089 0.119617 0.014112
11 0.232057 0.399936 0.183413 0.012187
8 0.816587 0.400898 0.076555 0.014112
11 0.920255 0.401860 0.051037 0.013470
4 0.307815 0.423348 0.503987 0.015394
3 0.813397 0.424952 0.076555 0.016036
5 0.468102 0.443554 0.145136 0.014753
8 0.818182 0.445799 0.079745 0.015394
11 0.440191 0.470494 0.089314 0.016036
8 0.819777 0.472418 0.079745 0.013470
5 0.484051 0.491982 0.170654 0.015394
8 0.817384 0.493265 0.081340 0.014112
11 0.482456 0.516677 0.170654 0.014753
8 0.818182 0.518602 0.079745 0.014753
11 0.444976 0.552277 0.095694 0.012829
8 0.813397 0.553881 0.095694 0.013470
5 0.468900 0.572482 0.143541 0.016036
8 0.818979 0.574407 0.074960 0.013470
4 0.176236 0.601026 0.237640 0.015394
5 0.527113 0.601026 0.212121 0.015394
4 0.850080 0.601988 0.146730 0.017319
11 0.140351 0.620911 0.156300 0.015394
8 0.592504 0.620590 0.071770 0.013470
8 0.881978 0.620911 0.076555 0.014112
9 0.267943 0.671584 0.417863 0.016677
2 0.683413 0.672226 0.320574 0.015394
5 0.527113 0.755613 0.805423 0.016677
5 0.526316 0.789288 0.653907 0.014753
5 0.523923 0.809814 0.393939 0.016036
5 0.523126 0.843810 0.644338 0.017319
9 0.527911 0.876203 0.800638 0.015394
5 0.523923 0.897691 0.853270 0.016036
5 0.524721 0.916613 0.242424 0.014112
5 0.526316 0.949647 0.736842 0.016036