0 0.453451 0.102041 0.752809 0.027650
1 0.451846 0.127386 0.749599 0.016458
1 0.238363 0.143515 0.325843 0.014483
11 0.392456 0.161949 0.621188 0.018433
11 0.253612 0.181698 0.356340 0.015800
4 0.302568 0.198815 0.447833 0.015800
4 0.810594 0.210007 0.292135 0.018433
5 0.147673 0.219223 0.166934 0.014483
9 0.337079 0.235023 0.545746 0.014483
5 0.280096 0.270902 0.418941 0.015142
11 0.203852 0.311718 0.218299 0.013825
11 0.247191 0.349572 0.218299 0.013167
11 0.200642 0.369322 0.221509 0.013167
11 0.227929 0.390388 0.176565 0.014483
5 0.672552 0.312047 0.459069 0.013167
11 0.482343 0.328835 0.078652 0.012508
5 0.601926 0.370309 0.317817 0.013825
8 0.808989 0.351218 0.089888 0.013825
8 0.817817 0.392363 0.078652 0.014483
11 0.921348 0.351218 0.048154 0.012508
11 0.918941 0.391705 0.043339 0.014483
4 0.304173 0.414747 0.505618 0.015800
5 0.466292 0.433838 0.146067 0.014483
11 0.436597 0.463463 0.086677 0.014483
5 0.482343 0.483871 0.171750 0.014483
11 0.479936 0.510862 0.170144 0.014483
11 0.443018 0.547070 0.093098 0.011850
5 0.465490 0.566820 0.141252 0.013167
3 0.808186 0.417051 0.094703 0.012508
8 0.817014 0.437459 0.077047 0.012508
8 0.812199 0.464779 0.093098 0.013167
8 0.819422 0.485846 0.078652 0.013167
8 0.812199 0.512508 0.099518 0.013825
8 0.811396 0.548716 0.097913 0.013825
8 0.818620 0.568137 0.077047 0.013167
4 0.171750 0.596445 0.234350 0.017117
5 0.523274 0.596774 0.211878 0.017775
4 0.845907 0.596445 0.141252 0.017117
11 0.133226 0.616195 0.157303 0.015800
8 0.584270 0.617512 0.096308 0.014483
8 0.882825 0.618170 0.080257 0.014483
9 0.263242 0.669190 0.417335 0.015142
2 0.679775 0.669519 0.322632 0.014483
5 0.520064 0.762344 0.808989 0.014483
5 0.521669 0.796577 0.664526 0.015800
5 0.519262 0.817314 0.393258 0.013825
5 0.520867 0.852535 0.650080 0.015800
9 0.520867 0.886109 0.800963 0.015800
5 0.518459 0.907176 0.863563 0.014483
5 0.525682 0.927584 0.245586 0.014483
5 0.520867 0.962804 0.736758 0.017775