0 0.484882 0.161559 0.195324 0.012685
1 0.485588 0.176097 0.213667 0.012685
5 0.481657 0.189139 0.177182 0.011973
1 0.482564 0.202965 0.193913 0.012828
4 0.484076 0.217147 0.160653 0.014396
1 0.489216 0.231685 0.106027 0.011260
11 0.485285 0.246080 0.198549 0.013540
11 0.485487 0.260334 0.197742 0.013255
9 0.399919 0.288412 0.110865 0.011260
11 0.586978 0.288270 0.043943 0.012970
5 0.414231 0.302950 0.097561 0.012970
9 0.398710 0.316633 0.110865 0.011830
11 0.583652 0.315493 0.054626 0.012970
5 0.416851 0.330744 0.101592 0.012970
11 0.354566 0.358680 0.065309 0.012685
8 0.590103 0.357968 0.038500 0.012685
4 0.395989 0.372791 0.145334 0.012115
8 0.589700 0.372149 0.038500 0.011403
5 0.366458 0.387543 0.088692 0.013683
8 0.592522 0.386331 0.031647 0.012115
4 0.408889 0.401511 0.172747 0.012828
3 0.589095 0.400584 0.038500 0.010975
11 0.338541 0.415621 0.033259 0.012258
8 0.586273 0.415194 0.045354 0.012258
5 0.365753 0.429875 0.087684 0.011688
5 0.486495 0.429661 0.073977 0.012685
8 0.589700 0.429091 0.038500 0.010975
9 0.461500 0.443486 0.225156 0.012400
4 0.361621 0.458025 0.081435 0.012400
5 0.486192 0.457312 0.048780 0.012115
11 0.592219 0.456314 0.016529 0.012400
11 0.348418 0.471066 0.053820 0.012828
8 0.490224 0.471209 0.039508 0.011688
8 0.592622 0.470567 0.030639 0.012685
11 0.340959 0.485533 0.038097 0.011260
8 0.489720 0.485177 0.038500 0.011403
8 0.592723 0.485105 0.032050 0.012115
2 0.379863 0.500855 0.115904 0.013113
9 0.549688 0.499216 0.114493 0.011830
9 0.387120 0.514324 0.132433 0.012685
5 0.481657 0.541192 0.153800 0.013398
11 0.478633 0.556442 0.177182 0.013968
5 0.480246 0.569413 0.204596 0.013968
5 0.475610 0.583523 0.127192 0.013398