0 0.490841 0.125621 0.645474 0.019883
9 0.493534 0.143244 0.271552 0.015364
1 0.494073 0.165612 0.440733 0.014008
1 0.498384 0.187076 0.505388 0.016268
9 0.310345 0.219837 0.318966 0.016719
9 0.675647 0.221193 0.321121 0.014912
4 0.492457 0.243335 0.400862 0.014912
4 0.491918 0.269544 0.255388 0.014912
5 0.101832 0.288296 0.117457 0.013556
5 0.319504 0.312924 0.552802 0.014912
5 0.224138 0.332128 0.355603 0.014460
1 0.219828 0.351333 0.351293 0.014912
5 0.233297 0.373249 0.373922 0.014460
9 0.153556 0.394261 0.223060 0.014008
5 0.110991 0.415273 0.137931 0.014460
11 0.277478 0.416629 0.011853 0.012653
9 0.415409 0.415047 0.233836 0.014008
2 0.792026 0.417533 0.297414 0.016268
10 0.110453 0.437867 0.130388 0.014460
11 0.277478 0.439223 0.018319 0.013556
11 0.357220 0.437415 0.102371 0.014460
11 0.772091 0.438545 0.261853 0.014912
5 0.146552 0.461817 0.206897 0.017171
11 0.276401 0.460687 0.014009 0.012201
11 0.693427 0.461591 0.078664 0.014912
11 0.075431 0.507456 0.066810 0.012653
11 0.332435 0.509038 0.054957 0.014008
5 0.467672 0.507456 0.107759 0.012653
4 0.610453 0.493222 0.091595 0.016719
4 0.797414 0.493448 0.096983 0.016268
5 0.611530 0.507682 0.110991 0.014008
5 0.782328 0.508360 0.116379 0.012653
4 0.919720 0.509489 0.057112 0.012201
6 0.098060 0.525983 0.105603 0.012653
5 0.139547 0.546769 0.192888 0.014460
11 0.333513 0.526435 0.080819 0.012653
8 0.466056 0.526435 0.061422 0.012653
8 0.610453 0.527113 0.065733 0.012201
8 0.793642 0.527564 0.100216 0.014008
11 0.925647 0.528016 0.043103 0.013104
6 0.099138 0.570944 0.103448 0.012201
5 0.175647 0.592634 0.262931 0.014008
6 0.332974 0.570493 0.012931 0.012201
8 0.468211 0.572526 0.082974 0.012653
8 0.802802 0.572752 0.088362 0.012201
11 0.926185 0.572526 0.042026 0.013556
11 0.165409 0.616132 0.156250 0.016719
11 0.331897 0.615680 0.088362 0.014912
3 0.789871 0.616810 0.118534 0.014460
4 0.399246 0.652056 0.449353 0.017171
11 0.655172 0.652056 0.015086 0.013556
8 0.791487 0.652056 0.117457 0.016268
5 0.556573 0.678265 0.149784 0.014460
11 0.656789 0.678943 0.011853 0.011297
8 0.810884 0.677813 0.074353 0.013556
4 0.543103 0.703570 0.165948 0.015364
11 0.656789 0.704700 0.011853 0.011297
8 0.797953 0.704700 0.102371 0.014912
5 0.551185 0.730682 0.151940 0.019883
11 0.655711 0.730456 0.018319 0.011297
8 0.807651 0.730005 0.078664 0.014008
4 0.364224 0.756665 0.530172 0.021238
11 0.655711 0.756891 0.009698 0.010845
8 0.792026 0.756665 0.112069 0.014912
11 0.573276 0.782196 0.103448 0.014460
11 0.654634 0.784455 0.014009 0.013556
8 0.790948 0.782196 0.118534 0.014460
5 0.557112 0.803660 0.140086 0.017623
11 0.655711 0.803660 0.014009 0.010393
8 0.810884 0.802531 0.076509 0.013556
4 0.248922 0.848170 0.282328 0.014460
4 0.196659 0.872119 0.167026 0.015364
11 0.396013 0.874153 0.033405 0.014912
11 0.586746 0.874831 0.164871 0.015364
4 0.831358 0.874605 0.164871 0.014912
11 0.141164 0.892002 0.056034 0.014460
6 0.396013 0.893357 0.024784 0.012653
8 0.610453 0.894487 0.113147 0.012201
8 0.858836 0.894261 0.099138 0.012653
11 0.376616 0.914822 0.117457 0.014008
8 0.609914 0.915725 0.112069 0.014008
8 0.860453 0.917081 0.098060 0.012201
5 0.494073 0.953457 0.787716 0.014460