0 0.422794 0.198052 0.769608 0.020408
5 0.388480 0.220083 0.693627 0.022727
5 0.235294 0.243970 0.384804 0.021336
5 0.383578 0.268553 0.686275 0.022263
11 0.236520 0.291976 0.389706 0.019944
0 0.287377 0.315631 0.488971 0.020872
4 0.278799 0.339286 0.469363 0.019944
11 0.732843 0.389610 0.053922 0.018553
6 0.147672 0.410714 0.202206 0.019017
5 0.447304 0.410019 0.360294 0.022263
11 0.677696 0.404917 0.031863 0.008349
3 0.811275 0.411410 0.120098 0.021336
11 0.921569 0.411178 0.031863 0.019944
11 0.221201 0.434137 0.185049 0.021336
8 0.808824 0.435761 0.115196 0.023655
4 0.221201 0.481911 0.354167 0.022263
8 0.813113 0.483534 0.121324 0.020872
11 0.088848 0.505566 0.091912 0.022263
8 0.810049 0.506957 0.120098 0.022263
5 0.265931 0.530612 0.448529 0.022263
8 0.823529 0.531540 0.093137 0.020408
5 0.158088 0.554731 0.227941 0.021336
8 0.821691 0.555427 0.096814 0.019944
5 0.286765 0.600186 0.490196 0.023191
8 0.821691 0.602273 0.091912 0.020872
4 0.077819 0.647727 0.069853 0.019944
11 0.059436 0.670918 0.030637 0.019017
6 0.226716 0.671150 0.058824 0.020408
8 0.503676 0.671846 0.117647 0.022727
8 0.710172 0.672542 0.096814 0.022263
11 0.054534 0.689239 0.023284 0.009276
5 0.279412 0.697124 0.387255 0.023191
1 0.488971 0.743275 0.502451 0.022727
5 0.477328 0.768089 0.261029 0.020408
5 0.475490 0.791280 0.482843 0.021336
5 0.484681 0.814935 0.667892 0.020408
0 0.479167 0.839054 0.789216 0.022263
5 0.487132 0.861549 0.802696 0.020872
9 0.474265 0.884508 0.875000 0.022263
5 0.487745 0.907931 0.671569 0.023655
4 0.478554 0.931586 0.741422 0.020872
11 0.345588 0.955937 0.127451 0.020408
2 0.601103 0.955937 0.187500 0.020408
11 0.223652 0.648887 0.091912 0.021336
4 0.488971 0.649351 0.181373 0.020408
4 0.742034 0.649351 0.162990 0.020408