0 0.455574 0.102096 0.756058 0.025693
1 0.446688 0.130156 0.747981 0.016903
1 0.235864 0.146045 0.319871 0.014875
11 0.389338 0.165314 0.626817 0.016903
11 0.252019 0.185936 0.358643 0.016227
4 0.299677 0.204192 0.447496 0.014875
4 0.815024 0.214672 0.298869 0.018256
5 0.142973 0.225490 0.163166 0.016903
9 0.336026 0.241717 0.546042 0.015551
5 0.279483 0.276876 0.423263 0.015551
11 0.203554 0.321163 0.222940 0.017579
5 0.672859 0.320487 0.460420 0.016227
11 0.481422 0.338742 0.080775 0.014875
11 0.233441 0.359703 0.205170 0.014875
3 0.817447 0.361055 0.074313 0.014875
11 0.921648 0.361055 0.046850 0.014875
4 0.302100 0.384381 0.513732 0.016903
8 0.815832 0.386748 0.077544 0.013523
5 0.466882 0.406018 0.148627 0.016903
8 0.816640 0.408046 0.082391 0.015551
11 0.434572 0.434415 0.093700 0.014199
8 0.819063 0.436444 0.077544 0.014199
5 0.478998 0.456728 0.172859 0.016903
8 0.815832 0.457404 0.080775 0.015551
11 0.476575 0.483097 0.168013 0.015551
8 0.819871 0.484787 0.079160 0.014875
11 0.440226 0.520622 0.095315 0.014875
8 0.801292 0.522650 0.116317 0.014875
5 0.462843 0.541920 0.140549 0.014199
8 0.809370 0.543949 0.096931 0.014199
4 0.166397 0.572008 0.232633 0.014875
5 0.521002 0.572008 0.211632 0.017579
4 0.846527 0.573022 0.142165 0.016903
11 0.130048 0.592968 0.159935 0.016227
8 0.588853 0.592968 0.072698 0.014875
8 0.880452 0.593306 0.077544 0.014199
9 0.257674 0.646721 0.418417 0.015551
2 0.680129 0.647397 0.323102 0.015551
5 0.517771 0.744422 0.812601 0.014875
5 0.516963 0.778229 0.662359 0.014875
5 0.518578 0.798851 0.400646 0.015551
5 0.519386 0.836376 0.654281 0.017579
9 0.521809 0.870859 0.814216 0.017579
5 0.519386 0.892833 0.867528 0.016903
5 0.517771 0.914131 0.234249 0.014875
5 0.517771 0.950980 0.747981 0.019608