0 0.468599 0.187500 0.492754 0.020313
1 0.462158 0.210547 0.344605 0.019531
11 0.458132 0.231250 0.729469 0.021875
5 0.455717 0.253906 0.685990 0.020313
1 0.471820 0.275781 0.669887 0.017188
4 0.459742 0.297656 0.552335 0.020313
5 0.460548 0.319922 0.595813 0.024219
4 0.462158 0.342969 0.289855 0.021875
1 0.215781 0.385547 0.376812 0.021094
11 0.893720 0.385937 0.051530 0.020313
11 0.172303 0.407813 0.289855 0.018750
6 0.107085 0.429688 0.159420 0.018750
11 0.550725 0.429688 0.064412 0.020313
8 0.668277 0.429688 0.093398 0.018750
8 0.826892 0.429688 0.088567 0.020313
5 0.249597 0.452734 0.447665 0.021094
11 0.892110 0.451953 0.045089 0.017969
11 0.170692 0.474609 0.286634 0.019531
6 0.106280 0.497266 0.157810 0.017969
11 0.548309 0.496094 0.066023 0.018750
8 0.673913 0.496875 0.085346 0.018750
8 0.826892 0.495703 0.091787 0.021094
5 0.294686 0.519141 0.537842 0.019531
11 0.892110 0.518750 0.045089 0.021875
11 0.159420 0.540234 0.267311 0.019531
6 0.171498 0.562500 0.288245 0.020313
11 0.550725 0.562891 0.064412 0.021094
8 0.669082 0.561328 0.088567 0.019531
8 0.826087 0.562500 0.093398 0.020313
5 0.152174 0.606641 0.249597 0.021094
5 0.802738 0.607812 0.230274 0.023438
4 0.227053 0.649219 0.402576 0.020313
11 0.072464 0.671875 0.093398 0.020313
5 0.093398 0.693359 0.135266 0.019531
3 0.823671 0.649609 0.175523 0.017969
8 0.825282 0.671484 0.175523 0.019531
8 0.825282 0.693359 0.175523 0.019531
4 0.148148 0.737891 0.244767 0.019531
4 0.116747 0.759375 0.178744 0.018750
11 0.503221 0.738281 0.152979 0.020313
8 0.571659 0.759375 0.112721 0.020313
4 0.725443 0.737500 0.152979 0.020313
8 0.805958 0.758594 0.082126 0.018750
2 0.293076 0.825000 0.534622 0.020313
9 0.770531 0.824609 0.291465 0.019531
5 0.371176 0.847656 0.687601 0.020313
5 0.459742 0.890625 0.600644 0.020313
9 0.453301 0.912109 0.407407 0.021094
5 0.467794 0.934375 0.526570 0.020313