11 0.578075 0.028519 0.262032 0.017597
5 0.579679 0.049150 0.265241 0.019417
0 0.504278 0.076608 0.606417 0.011833
11 0.507487 0.091626 0.495187 0.010922
1 0.508021 0.104824 0.686631 0.011833
9 0.504278 0.118325 0.704813 0.011529
5 0.505882 0.132585 0.631016 0.012136
4 0.503743 0.145631 0.477005 0.012136
4 0.503209 0.187803 0.210695 0.011529
11 0.106417 0.215413 0.080214 0.010316
2 0.439572 0.215868 0.318717 0.010619
11 0.124599 0.228914 0.118717 0.011226
9 0.410695 0.229217 0.265241 0.009405
5 0.140642 0.242112 0.155080 0.011529
5 0.402139 0.243325 0.241711 0.010316
1 0.316578 0.256523 0.494118 0.011226
5 0.132086 0.283525 0.137968 0.011226
5 0.413369 0.283525 0.264171 0.010619
5 0.134225 0.298089 0.137968 0.010619
5 0.578075 0.298695 0.600000 0.011226
5 0.445989 0.311893 0.265241 0.012136
1 0.567914 0.325394 0.509091 0.012439
11 0.097861 0.337682 0.058824 0.009102
9 0.390909 0.339199 0.225668 0.010316
5 0.440107 0.366353 0.137968 0.010012
11 0.596791 0.366050 0.077005 0.011226
5 0.151872 0.380916 0.218182 0.011226
5 0.445455 0.380309 0.118717 0.011226
11 0.605882 0.380006 0.101604 0.010619
11 0.739037 0.380006 0.062032 0.011226
11 0.870588 0.380461 0.098396 0.012136
11 0.618182 0.393811 0.047059 0.010316
11 0.881818 0.394569 0.043850 0.010012
5 0.274332 0.407615 0.460963 0.011226
8 0.634759 0.407615 0.116578 0.010012
6 0.741711 0.407615 0.013904 0.010012
8 0.900535 0.407767 0.115508 0.011529
5 0.310695 0.420813 0.497326 0.011529
6 0.778075 0.420661 0.013904 0.009405
5 0.331551 0.435073 0.536898 0.011529
6 0.778075 0.434618 0.016043 0.009405
11 0.120321 0.462379 0.155080 0.010316
8 0.899465 0.462682 0.119786 0.011529
5 0.119786 0.475576 0.151872 0.010619
11 0.888770 0.475880 0.029947 0.005765
4 0.272193 0.489988 0.458824 0.011529
8 0.900000 0.489836 0.110160 0.011226
4 0.120321 0.503337 0.152941 0.011529
8 0.911230 0.503489 0.094118 0.010012
11 0.198396 0.516839 0.304813 0.010619
3 0.898396 0.517142 0.121925 0.011226
5 0.217647 0.530795 0.347594 0.010619
8 0.899465 0.531098 0.115508 0.011226
4 0.168449 0.557494 0.251337 0.010619
5 0.519251 0.557494 0.116578 0.010619
4 0.701604 0.558101 0.059893 0.010619
5 0.859358 0.558556 0.116578 0.011529
5 0.531551 0.571905 0.171123 0.010316
0 0.872727 0.572057 0.175401 0.010619
11 0.559358 0.585255 0.042781 0.010316
11 0.729412 0.586317 0.040642 0.011226
11 0.860963 0.586013 0.040642 0.010619
5 0.216043 0.599059 0.344385 0.011226
8 0.614973 0.598604 0.079144 0.010316
8 0.745989 0.598604 0.082353 0.010316
8 0.916043 0.599059 0.080214 0.011226
11 0.094652 0.612712 0.101604 0.010619
5 0.320856 0.613167 0.282353 0.011529
8 0.596257 0.612712 0.118717 0.011226
8 0.740642 0.612561 0.093048 0.010316
8 0.896791 0.612106 0.118717 0.011226
11 0.094118 0.626517 0.102674 0.010316
5 0.320856 0.626669 0.282353 0.010619
8 0.614973 0.625910 0.079144 0.010316
8 0.745989 0.625910 0.082353 0.010316
8 0.916578 0.626517 0.079144 0.010316
11 0.158824 0.654430 0.238503 0.010316
8 0.557219 0.653975 0.113369 0.011226
8 0.741176 0.653671 0.098396 0.010619
8 0.899465 0.653671 0.119786 0.010619
5 0.131016 0.681887 0.174332 0.010619
5 0.279144 0.694933 0.479144 0.011226
6 0.936898 0.694933 0.042781 0.010012
5 0.195722 0.708738 0.312299 0.011529
6 0.925668 0.708434 0.065241 0.010316
5 0.264706 0.722239 0.439572 0.010619
6 0.926203 0.721784 0.059893 0.011529
5 0.251872 0.736347 0.424599 0.010922
6 0.928342 0.735589 0.062032 0.009405
5 0.100535 0.776851 0.119786 0.010619
9 0.189305 0.790807 0.288770 0.010619
5 0.253476 0.817809 0.423529 0.010619
5 0.664171 0.817809 0.211765 0.011833
5 0.208556 0.831462 0.329412 0.010619
5 0.691444 0.831159 0.270588 0.010619
5 0.170588 0.846177 0.247059 0.012136
5 0.701604 0.844964 0.284492 0.012136
11 0.662567 0.858161 0.214973 0.011226
5 0.267914 0.941899 0.251337 0.011226
5 0.502674 0.968750 0.337968 0.011529