5 0.508621 0.036164 0.369732 0.032495
0 0.516284 0.075996 0.760536 0.034591
1 0.510536 0.110587 0.243295 0.030398
1 0.478927 0.181342 0.544061 0.025157
1 0.493295 0.213312 0.787356 0.026205
1 0.467433 0.249476 0.521073 0.025157
5 0.467433 0.280922 0.306513 0.029350
4 0.481801 0.312893 0.703065 0.026205
11 0.480843 0.346960 0.494253 0.027254
4 0.483716 0.415094 0.603448 0.025157
11 0.130268 0.482704 0.164751 0.028302
11 0.275862 0.483229 0.034483 0.023061
9 0.630268 0.480608 0.620690 0.026205
11 0.129310 0.518344 0.162835 0.028302
1 0.725096 0.515199 0.434866 0.024109
5 0.171456 0.551887 0.247126 0.026205
2 0.567050 0.549266 0.429119 0.025157
11 0.888889 0.548218 0.107280 0.023061
5 0.158046 0.584906 0.216475 0.020964
2 0.568966 0.581761 0.432950 0.025157
11 0.890805 0.581761 0.111111 0.020964
5 0.200192 0.617400 0.300766 0.025157
11 0.893678 0.612683 0.105364 0.028302
5 0.187739 0.650943 0.272031 0.027254
11 0.538314 0.647799 0.176245 0.025157
3 0.865900 0.646751 0.168582 0.027254
5 0.110153 0.716981 0.162835 0.027254
11 0.865900 0.713312 0.168582 0.026205
0 0.217433 0.748952 0.331418 0.028302
11 0.867816 0.746855 0.172414 0.030398
11 0.159962 0.816562 0.258621 0.029350
11 0.823755 0.813941 0.241379 0.030398
11 0.142720 0.852725 0.224138 0.028302
11 0.822797 0.846960 0.250958 0.031447
5 0.193487 0.888365 0.321839 0.028302
11 0.823755 0.882600 0.245211 0.029350
4 0.516284 0.919287 0.438697 0.027254
5 0.531609 0.950734 0.254789 0.029350
8 0.540230 0.746855 0.164751 0.028302