0 0.505763 0.053860 0.194540 0.013465
1 0.506471 0.067970 0.210516 0.012749
5 0.503741 0.081292 0.177149 0.012462
1 0.503033 0.095832 0.191507 0.012892
4 0.506269 0.110013 0.157533 0.011746
1 0.509808 0.123836 0.103539 0.012749
11 0.506673 0.137874 0.196764 0.013322
11 0.507381 0.152270 0.196967 0.013752
9 0.442265 0.167598 0.196562 0.012033
9 0.421638 0.195029 0.107988 0.012462
11 0.609505 0.193525 0.046107 0.011746
5 0.428109 0.208853 0.081294 0.012033
9 0.421234 0.223320 0.108392 0.011746
11 0.609909 0.221315 0.046107 0.012033
5 0.432356 0.237502 0.088574 0.012033
9 0.421031 0.251182 0.105966 0.011316
11 0.609505 0.249893 0.046107 0.011316
5 0.439535 0.265435 0.102123 0.012033
9 0.421739 0.279688 0.109403 0.012462
11 0.607280 0.278112 0.052578 0.011316
5 0.434479 0.293224 0.094843 0.012033
8 0.449848 0.307836 0.123559 0.013752
8 0.597573 0.306618 0.038827 0.011316
9 0.421739 0.322160 0.107381 0.012033
11 0.610212 0.320083 0.046714 0.012749
5 0.434479 0.335912 0.094843 0.012033
9 0.421739 0.350093 0.107381 0.012033
11 0.607078 0.349162 0.052983 0.013035
5 0.442568 0.364489 0.108999 0.012462
9 0.422042 0.378169 0.108797 0.011460
11 0.609808 0.376880 0.046714 0.011746
5 0.442265 0.392351 0.110415 0.011746
9 0.422144 0.405887 0.109403 0.012462
11 0.606977 0.405243 0.049949 0.013752
5 0.434985 0.420713 0.096663 0.012033
9 0.421335 0.435110 0.111830 0.011603
11 0.609909 0.433964 0.047321 0.011030
5 0.438827 0.449148 0.103539 0.012462
9 0.420829 0.462899 0.110819 0.011889
11 0.609606 0.462326 0.046714 0.012749
8 0.442063 0.476937 0.110415 0.013035
9 0.421840 0.490904 0.108797 0.011460
11 0.608898 0.489973 0.046107 0.011316
5 0.434681 0.505587 0.095248 0.012462
9 0.422042 0.519481 0.109201 0.011889
11 0.611426 0.518694 0.048736 0.012892
5 0.442366 0.533949 0.109808 0.012462
9 0.422042 0.547844 0.110010 0.012462
11 0.607381 0.546340 0.053994 0.012892
5 0.420627 0.562097 0.067139 0.013465
9 0.422144 0.575849 0.108999 0.011746
11 0.610313 0.574846 0.045703 0.013752
5 0.443984 0.589887 0.113043 0.013752
9 0.421132 0.604283 0.108999 0.012749
11 0.609302 0.603137 0.048129 0.012462
5 0.442366 0.618608 0.109808 0.012462
9 0.421335 0.632359 0.109808 0.012176
11 0.609201 0.631428 0.047118 0.012892
5 0.441962 0.645968 0.110617 0.011889
11 0.378059 0.674187 0.068554 0.011889
8 0.610212 0.673471 0.044287 0.013035
4 0.417796 0.688440 0.148028 0.012892
8 0.609403 0.687581 0.047118 0.012033
5 0.388069 0.703982 0.088574 0.013035
8 0.616178 0.702478 0.032760 0.011460
4 0.432154 0.717161 0.173104 0.013322
3 0.610313 0.716230 0.045703 0.012319
11 0.360667 0.731557 0.032963 0.012319
8 0.608797 0.730626 0.046309 0.012462
5 0.394237 0.746240 0.096866 0.012176
5 0.508999 0.745595 0.076036 0.012892
8 0.612437 0.744736 0.040647 0.012892
9 0.484226 0.758702 0.228716 0.012462
4 0.385440 0.774101 0.084125 0.013465
5 0.509201 0.773098 0.046512 0.012319
4 0.620425 0.772454 0.027503 0.012462
11 0.371587 0.786993 0.055612 0.013179
8 0.513448 0.787351 0.040849 0.012176
8 0.615268 0.786635 0.032558 0.012462
11 0.370880 0.801604 0.055005 0.012033
8 0.513246 0.800888 0.038423 0.012033
8 0.615571 0.800458 0.033165 0.011746
11 0.363094 0.815356 0.039434 0.012033
8 0.510516 0.814926 0.046714 0.011746
8 0.615672 0.814855 0.032558 0.012462
2 0.403640 0.829967 0.120121 0.013179
9 0.574317 0.828893 0.117290 0.013035
9 0.409909 0.844148 0.133468 0.012319
5 0.503033 0.872296 0.118706 0.011889
11 0.501719 0.885188 0.172700 0.012462
5 0.502326 0.898868 0.201820 0.013465
5 0.498989 0.913336 0.128008 0.013179