0 0.425676 0.103854 0.494595 0.012170
5 0.434459 0.118256 0.398649 0.011765
1 0.424324 0.132657 0.194595 0.011359
5 0.414189 0.146856 0.517568 0.012170
5 0.421622 0.160041 0.302703 0.011765
5 0.417568 0.174442 0.583784 0.012982
1 0.422973 0.188844 0.378378 0.010953
5 0.428378 0.202434 0.172973 0.010548
4 0.424324 0.216836 0.497297 0.011765
4 0.405405 0.244828 0.418919 0.013387
5 0.192568 0.277890 0.306757 0.021907
5 0.724324 0.270183 0.305405 0.024341
1 0.175676 0.295132 0.270270 0.010953
1 0.223649 0.308722 0.366216 0.012170
5 0.643243 0.309128 0.175676 0.012170
11 0.080405 0.323732 0.079730 0.012170
2 0.375676 0.323327 0.400000 0.011359
5 0.414189 0.981744 0.517568 0.012170
10 0.175000 0.337323 0.271622 0.011765
5 0.147297 0.366126 0.216216 0.013387
11 0.356081 0.366126 0.063514 0.013387
5 0.527027 0.365517 0.135135 0.012982
11 0.679730 0.365112 0.094595 0.012982
4 0.777027 0.364909 0.059459 0.011765
5 0.245270 0.394118 0.404054 0.012576
5 0.317568 0.421501 0.564865 0.012170
5 0.281757 0.450710 0.477027 0.012170
5 0.222973 0.477890 0.362162 0.011359
11 0.339865 0.408316 0.058108 0.010142
11 0.339865 0.435294 0.055405 0.011359
11 0.339189 0.463895 0.054054 0.010142
11 0.338514 0.491886 0.055405 0.010142
8 0.510811 0.407708 0.100000 0.010548
8 0.508784 0.435497 0.098649 0.011765
8 0.511486 0.463692 0.093243 0.010548
8 0.508108 0.491481 0.094595 0.011765
8 0.678378 0.408114 0.100000 0.012170
8 0.679730 0.435091 0.100000 0.010953
8 0.681757 0.463489 0.093243 0.011765
8 0.679054 0.491886 0.098649 0.010953
11 0.785811 0.408114 0.039189 0.011359
11 0.786486 0.435700 0.040541 0.011359
11 0.784459 0.464097 0.041892 0.012170
11 0.785811 0.491481 0.039189 0.011765
4 0.251351 0.519270 0.418919 0.013793
5 0.220946 0.533469 0.363514 0.012170
4 0.154730 0.546856 0.231081 0.012982
4 0.282432 0.561460 0.475676 0.012170
8 0.756757 0.518458 0.102703 0.012982
8 0.765541 0.532860 0.082432 0.012576
8 0.764189 0.546856 0.079730 0.011359
3 0.747297 0.561460 0.113514 0.011359
11 0.150676 0.594523 0.217568 0.021501
8 0.691216 0.594118 0.222973 0.019878
11 0.156081 0.624746 0.231081 0.011359
2 0.497973 0.624746 0.193243 0.012170
11 0.727027 0.625963 0.156757 0.011359
5 0.166216 0.639351 0.251351 0.012982
11 0.081081 0.680933 0.075676 0.010953
8 0.745270 0.681542 0.109459 0.010548
11 0.207432 0.693915 0.352703 0.014199
5 0.184459 0.708925 0.298649 0.012576
11 0.096622 0.722718 0.120270 0.010953
4 0.145270 0.778905 0.214865 0.012982
5 0.515541 0.779513 0.193243 0.013387
4 0.733784 0.779310 0.135135 0.012982
11 0.061486 0.791481 0.044595 0.011359
11 0.287162 0.792698 0.112162 0.012982
8 0.556757 0.792698 0.118919 0.012982
8 0.762162 0.793509 0.078378 0.011359
5 0.429054 0.860041 0.322973 0.012982
5 0.411486 0.942799 0.179730 0.012982
5 0.430405 0.956389 0.331081 0.013387