0 0.474304 0.169090 0.509636 0.022045
1 0.461456 0.188086 0.334047 0.018762
11 0.459850 0.209428 0.729122 0.019231
5 0.459315 0.228893 0.685225 0.017824
1 0.474839 0.249531 0.664882 0.016886
4 0.461456 0.268058 0.548180 0.018293
5 0.461456 0.287758 0.588865 0.018293
4 0.461456 0.307458 0.239829 0.016417
5 0.194861 0.347326 0.329764 0.017355
11 0.152570 0.368199 0.238758 0.017824
11 0.891863 0.347795 0.042827 0.016417
6 0.110278 0.387430 0.164882 0.018762
8 0.617238 0.386961 0.204497 0.015947
8 0.814240 0.387664 0.112420 0.016417
5 0.273019 0.406895 0.488223 0.015478
11 0.891863 0.405722 0.049251 0.018762
11 0.127944 0.426360 0.198073 0.016886
6 0.179336 0.446998 0.309422 0.016886
11 0.552463 0.445591 0.064240 0.015947
8 0.672377 0.446295 0.087794 0.015478
8 0.827623 0.447233 0.087794 0.016417
5 0.194861 0.465994 0.331906 0.014540
11 0.895075 0.466698 0.049251 0.017824
11 0.173448 0.487101 0.291221 0.016417
6 0.106531 0.506332 0.155246 0.014540
11 0.551392 0.505159 0.064240 0.015009
8 0.671842 0.506098 0.088865 0.015947
8 0.817987 0.505863 0.104925 0.016417
5 0.161135 0.525563 0.264454 0.016417
6 0.084047 0.545497 0.110278 0.015009
11 0.551392 0.545263 0.064240 0.014540
8 0.672377 0.544325 0.087794 0.015478
8 0.826017 0.545263 0.093148 0.015478
5 0.271949 0.565432 0.486081 0.016417
11 0.897752 0.564728 0.050321 0.018762
11 0.184690 0.586069 0.311563 0.016417
6 0.179872 0.605300 0.297645 0.015478
11 0.550857 0.605066 0.063169 0.015947
8 0.671306 0.604831 0.085653 0.016417
8 0.826552 0.604128 0.089936 0.016886
11 0.105996 0.645169 0.152034 0.019231
11 0.245717 0.645169 0.058887 0.017355
11 0.792291 0.644934 0.244111 0.016886
4 0.229657 0.683630 0.401499 0.016417
11 0.075482 0.704503 0.088865 0.015947
5 0.096895 0.723499 0.129550 0.016417
3 0.824946 0.682927 0.178801 0.017824
8 0.826552 0.703096 0.177730 0.015947
8 0.839400 0.723734 0.152034 0.015947
4 0.153105 0.761961 0.244111 0.018293
4 0.119379 0.781895 0.174518 0.015009
11 0.503747 0.761961 0.150964 0.020169
8 0.572805 0.781895 0.107066 0.017824
4 0.726981 0.762430 0.149893 0.019231
8 0.806745 0.781191 0.086724 0.017355
2 0.187901 0.840994 0.309422 0.015009
11 0.463597 0.839822 0.203426 0.016417
9 0.774625 0.840056 0.294433 0.016886
5 0.119914 0.860460 0.175589 0.016417
5 0.420771 0.861398 0.374732 0.016417
5 0.465739 0.901266 0.597430 0.016417
9 0.460385 0.920028 0.419700 0.014540
5 0.472698 0.939962 0.534261 0.020638