0 0.498311 0.187810 0.600225 0.024821
1 0.497185 0.216216 0.325450 0.022063
11 0.491554 0.245174 0.701577 0.025924
5 0.491554 0.273580 0.658784 0.024269
1 0.504505 0.299228 0.648649 0.020408
4 0.490428 0.326806 0.541667 0.024821
5 0.503378 0.355488 0.175676 0.022614
4 0.495495 0.382239 0.281532 0.022063
1 0.265766 0.437121 0.387387 0.020408
11 0.240428 0.464148 0.325450 0.020408
6 0.219595 0.492830 0.281532 0.020408
5 0.195383 0.549090 0.246622 0.029233
11 0.904842 0.438224 0.057432 0.019305
8 0.644144 0.493657 0.198198 0.022063
5 0.820383 0.550745 0.217342 0.023718
4 0.274212 0.603420 0.388514 0.022063
11 0.122748 0.630171 0.092342 0.023718
5 0.145833 0.658301 0.131757 0.021511
4 0.347410 0.713734 0.539414 0.022063
3 0.842342 0.603696 0.173423 0.020408
8 0.843468 0.632377 0.173423 0.020408
8 0.849662 0.658853 0.154279 0.020408
8 0.787725 0.712355 0.154279 0.023718
2 0.333333 0.768064 0.518018 0.021511
5 0.431869 0.796194 0.710586 0.025924
5 0.493243 0.850800 0.585586 0.021511
9 0.497185 0.877275 0.422297 0.025924
5 0.505068 0.905405 0.521396 0.024821
8 0.833333 0.493933 0.108108 0.021511
9 0.789977 0.768616 0.284910 0.021511