0 0.273478 0.020810 0.294639 0.016534
9 0.273881 0.033780 0.077791 0.008267
1 0.273680 0.044185 0.240226 0.007982
5 0.273478 0.054590 0.123740 0.007697
11 0.218259 0.063712 0.091495 0.006556
4 0.273478 0.074401 0.159210 0.008552
4 0.278114 0.099202 0.244256 0.010832
11 0.146110 0.128278 0.070536 0.015393
1 0.205159 0.157212 0.188634 0.011688
2 0.381701 0.155502 0.124143 0.009977
11 0.151552 0.184578 0.045143 0.009977
11 0.226723 0.185861 0.035873 0.013113
11 0.273075 0.184436 0.028617 0.010262
11 0.329907 0.184436 0.054414 0.010262
5 0.412535 0.179162 0.070536 0.008837
6 0.147118 0.210519 0.087062 0.009407
6 0.224506 0.210804 0.008867 0.008267
8 0.268239 0.210519 0.039903 0.009407
8 0.327086 0.210091 0.031036 0.009692
8 0.418984 0.210519 0.049577 0.009977
1 0.250705 0.227195 0.280532 0.009122
11 0.145909 0.262258 0.078194 0.012543
6 0.240024 0.260262 0.009270 0.010262
8 0.415357 0.259265 0.039903 0.009977
11 0.172713 0.288769 0.127771 0.010262
11 0.301894 0.288626 0.005643 0.006556
8 0.415155 0.286916 0.039500 0.009977
4 0.153769 0.305730 0.091495 0.009977
11 0.301491 0.305445 0.007255 0.008267
8 0.420193 0.304162 0.031036 0.009122
5 0.153164 0.322406 0.087868 0.009692
11 0.302096 0.321978 0.006046 0.008267
8 0.417170 0.321266 0.034663 0.009692
11 0.144095 0.340365 0.072148 0.011973
11 0.302096 0.340507 0.006046 0.009407
3 0.407497 0.339937 0.053204 0.012258
11 0.136235 0.357611 0.058041 0.011688
11 0.301693 0.357184 0.005240 0.007982
8 0.407699 0.356756 0.051995 0.012828
5 0.153164 0.377138 0.090286 0.011403
11 0.301491 0.377851 0.007255 0.008267
8 0.413946 0.376710 0.041112 0.012258
4 0.284361 0.437714 0.132608 0.012258
4 0.150141 0.465365 0.076179 0.008267
11 0.234180 0.465650 0.013704 0.008837
5 0.328900 0.460661 0.067715 0.010262
4 0.423015 0.459806 0.031036 0.010262
11 0.129585 0.495154 0.021362 0.008552
8 0.237606 0.494869 0.031036 0.008552
8 0.328497 0.494869 0.038694 0.009122
8 0.418783 0.494441 0.031439 0.009977
11 0.136638 0.525086 0.061266 0.009692
8 0.328900 0.524800 0.039500 0.010262
8 0.419992 0.524088 0.031439 0.009977
5 0.272269 0.553022 0.329303 0.010832
4 0.213624 0.564567 0.207175 0.011117
5 0.278315 0.592930 0.256751 0.010832
5 0.277912 0.606043 0.084240 0.009692
11 0.325272 0.064139 0.094317 0.006842
11 0.411729 0.190564 0.035873 0.010547
11 0.328295 0.471351 0.033454 0.011117
11 0.419992 0.471636 0.033857 0.011117