0 0.463675 0.204193 0.600427 0.025847
1 0.461538 0.230902 0.416667 0.027570
11 0.461004 0.253590 0.725427 0.025847
5 0.461004 0.279150 0.680556 0.028719
1 0.472756 0.301838 0.665598 0.022401
4 0.466346 0.327111 0.550214 0.025847
5 0.474893 0.349799 0.169872 0.021827
4 0.461538 0.373636 0.294872 0.025847
9 0.383013 0.423320 0.710470 0.025273
11 0.896902 0.422746 0.048077 0.020678
11 0.131944 0.446295 0.201923 0.025273
6 0.179487 0.470994 0.290598 0.024124
8 0.616987 0.471281 0.197650 0.020103
8 0.816239 0.473004 0.108974 0.023550
5 0.153846 0.519816 0.245726 0.025273
5 0.801816 0.519816 0.223291 0.020678
4 0.196047 0.566341 0.323718 0.021827
8 0.825855 0.568064 0.173077 0.024124
5 0.241453 0.593337 0.412393 0.021827
8 0.838675 0.592763 0.160256 0.020678
11 0.176282 0.613441 0.282051 0.024124
3 0.823184 0.615738 0.182692 0.020678
11 0.076389 0.636416 0.095085 0.020678
8 0.825855 0.643021 0.179487 0.023550
5 0.098291 0.663125 0.134615 0.018955
8 0.822650 0.663986 0.179487 0.021827
4 0.153312 0.711660 0.242521 0.024124
11 0.505342 0.711373 0.147436 0.025847
4 0.728098 0.711947 0.152778 0.026996
4 0.134081 0.735784 0.204060 0.020678
8 0.572650 0.734922 0.115385 0.022401
8 0.803419 0.737220 0.096154 0.020103
2 0.299679 0.808731 0.522436 0.025273
9 0.776175 0.807869 0.287393 0.025847
5 0.387286 0.832567 0.712607 0.023550
5 0.462073 0.878805 0.603632 0.024124
9 0.472222 0.903217 0.438034 0.022401
5 0.471154 0.928202 0.527778 0.024124