0 0.490385 0.073368 0.579060 0.024967
11 0.477564 0.094831 0.226496 0.017959
5 0.483974 0.116951 0.465812 0.023653
5 0.485043 0.138852 0.457265 0.020149
1 0.478632 0.162067 0.779915 0.023653
4 0.459936 0.204555 0.242521 0.022777
4 0.467415 0.245729 0.652778 0.023653
5 0.153312 0.266754 0.233974 0.020149
11 0.782585 0.268944 0.242521 0.020149
1 0.146902 0.308366 0.233974 0.022777
2 0.488248 0.331143 0.474359 0.020149
11 0.240385 0.361805 0.408120 0.038546
5 0.268697 0.406264 0.471154 0.021463
11 0.791132 0.407797 0.137821 0.020149
8 0.326389 0.429260 0.603632 0.020149
11 0.784188 0.431012 0.162393 0.019273
5 0.295940 0.451818 0.504274 0.017959
11 0.795940 0.451380 0.143162 0.017083
5 0.257479 0.473281 0.427350 0.017959
11 0.790598 0.473281 0.132479 0.017959
5 0.228632 0.495401 0.369658 0.019273
11 0.792201 0.494744 0.146368 0.017959
11 0.153846 0.515769 0.104701 0.017083
8 0.761752 0.517083 0.123932 0.017083
8 0.760684 0.560009 0.115385 0.017083
11 0.193910 0.581472 0.167735 0.021463
8 0.756944 0.582348 0.107906 0.017083
5 0.226496 0.604468 0.237179 0.020149
8 0.766560 0.602935 0.099359 0.017083
4 0.175748 0.623084 0.148504 0.017083
8 0.766026 0.623741 0.094017 0.020149
11 0.169338 0.645204 0.146368 0.020149
3 0.757479 0.644109 0.115385 0.017959
5 0.188568 0.666229 0.174145 0.019273
8 0.768697 0.668857 0.099359 0.020149
5 0.219551 0.686816 0.251068 0.020149
8 0.749466 0.687692 0.127137 0.019273
5 0.182692 0.710250 0.162393 0.021463
8 0.760684 0.710031 0.121795 0.019273
5 0.211004 0.730399 0.212607 0.017083
8 0.763355 0.731932 0.099359 0.020149
2 0.479701 0.753176 0.705128 0.021463
5 0.485043 0.775734 0.628205 0.019273
4 0.468483 0.794131 0.501068 0.020149
4 0.213141 0.837714 0.233974 0.021463
5 0.470085 0.834866 0.217949 0.020149
4 0.683761 0.837495 0.153846 0.022777
4 0.210470 0.858081 0.217949 0.019273
8 0.414530 0.859177 0.123932 0.021463
8 0.662927 0.859177 0.101496 0.021463
4 0.212607 0.878230 0.217949 0.018397
8 0.408120 0.878230 0.115385 0.022777
8 0.659722 0.879763 0.101496 0.017083
5 0.836538 0.310775 0.151709 0.017959