0 0.436644 0.146922 0.678082 0.025187
9 0.430651 0.171175 0.344178 0.023321
1 0.456336 0.199627 0.895548 0.026119
1 0.432363 0.222015 0.779110 0.027985
9 0.439212 0.247668 0.285959 0.023321
5 0.476884 0.290578 0.566781 0.023321
4 0.452911 0.312034 0.518836 0.021455
9 0.059075 0.337687 0.111301 0.022388
1 0.315925 0.338153 0.330479 0.023321
11 0.051370 0.358675 0.095890 0.025187
2 0.398116 0.360075 0.474315 0.020522
10 0.065068 0.385728 0.123288 0.021455
4 0.446062 0.431903 0.244863 0.020522
5 0.250000 0.471082 0.208904 0.022388
11 0.547089 0.471549 0.070205 0.019590
11 0.666096 0.470616 0.085616 0.023321
5 0.806507 0.472015 0.140411 0.020522
6 0.053082 0.493004 0.023973 0.017724
11 0.130137 0.493937 0.047945 0.021455
6 0.309932 0.493937 0.246575 0.015858
6 0.564212 0.495336 0.025685 0.016791
8 0.669521 0.494869 0.095890 0.019590
8 0.833048 0.494869 0.094178 0.017724
5 0.413527 0.515858 0.474315 0.016791
6 0.052226 0.536381 0.029110 0.026119
11 0.127568 0.534049 0.049658 0.017724
6 0.312500 0.536381 0.251712 0.020522
6 0.562500 0.538246 0.022260 0.016791
8 0.673801 0.537313 0.090753 0.014925
8 0.829623 0.538246 0.090753 0.020522
5 0.467466 0.560168 0.578767 0.019590
11 0.474315 0.589552 0.099315 0.020522
3 0.831336 0.590951 0.097603 0.017724
8 0.842466 0.610541 0.082192 0.021455
4 0.321918 0.635261 0.414384 0.020522
8 0.831336 0.635728 0.097603 0.019590
5 0.359589 0.657183 0.325342 0.021455
8 0.833048 0.658116 0.097603 0.019590
5 0.369863 0.681903 0.321918 0.020522
8 0.826199 0.683302 0.094178 0.019590
5 0.396404 0.702425 0.255137 0.022388
8 0.827055 0.703825 0.099315 0.017724
5 0.454623 0.725746 0.138699 0.020522
8 0.827911 0.724813 0.090753 0.018657
4 0.155822 0.762593 0.226027 0.021455
4 0.119007 0.786847 0.159247 0.023321
11 0.255993 0.787313 0.059932 0.022388
4 0.494007 0.787313 0.244863 0.020522
4 0.759418 0.787313 0.087329 0.022388
11 0.103596 0.809235 0.056507 0.017724
8 0.271404 0.809701 0.070205 0.014925
8 0.560788 0.810168 0.097603 0.017724
8 0.761986 0.812034 0.068493 0.017724
4 0.092466 0.846082 0.099315 0.020522
8 0.299658 0.846549 0.071918 0.017724
4 0.194349 0.870802 0.292808 0.021455
5 0.446062 0.944496 0.484589 0.027052
11 0.220890 0.384328 0.150685 0.018657