0 0.497581 0.244513 0.244104 0.011260
5 0.496976 0.255630 0.102600 0.010405
1 0.416851 0.267674 0.130216 0.010262
4 0.573675 0.264966 0.144729 0.008552
5 0.497682 0.276511 0.149567 0.008267
1 0.497783 0.286203 0.241685 0.009692
9 0.497480 0.296251 0.107640 0.008979
9 0.403648 0.318771 0.134046 0.009265
10 0.362729 0.334094 0.052207 0.008267
5 0.431163 0.332668 0.060472 0.010262
2 0.545152 0.316847 0.059464 0.009692
2 0.546261 0.331029 0.058053 0.008979
11 0.621548 0.315849 0.080830 0.009692
11 0.621951 0.330316 0.080830 0.008979
5 0.388329 0.357041 0.101391 0.009977
6 0.397097 0.367232 0.100786 0.009265
11 0.573775 0.364096 0.042935 0.008979
8 0.632231 0.363312 0.027212 0.008267
11 0.656521 0.362885 0.009675 0.007982
5 0.411812 0.380844 0.149567 0.009692
6 0.397601 0.392104 0.101391 0.007982
11 0.573775 0.389681 0.043741 0.007982
8 0.632332 0.388184 0.030236 0.007554
11 0.658335 0.388184 0.009272 0.008979
5 0.442854 0.406357 0.211651 0.010262
11 0.568635 0.404932 0.031848 0.007697
6 0.397198 0.417332 0.100988 0.007982
11 0.574481 0.414766 0.043540 0.008552
8 0.632332 0.414054 0.028623 0.007697
11 0.658133 0.413341 0.008869 0.007982
5 0.443963 0.431300 0.209030 0.010262
6 0.393368 0.442417 0.094134 0.007412
11 0.574279 0.440137 0.042330 0.007982
8 0.632937 0.439282 0.026608 0.007412
11 0.657932 0.438426 0.009272 0.008552
5 0.397803 0.457526 0.117517 0.008267
6 0.398408 0.467930 0.100181 0.007982
11 0.557045 0.465935 0.078008 0.007982
8 0.629913 0.464510 0.033461 0.007982
11 0.658133 0.463940 0.009675 0.008552
5 0.365854 0.492018 0.052812 0.008267
6 0.365854 0.505274 0.052812 0.010832
11 0.562991 0.489453 0.031042 0.009407
5 0.545051 0.502993 0.069341 0.009122
3 0.646241 0.488170 0.034267 0.008552
8 0.650272 0.501425 0.028623 0.008837
11 0.387321 0.518672 0.095747 0.009122
8 0.465632 0.517246 0.028623 0.007982
11 0.559766 0.515821 0.041524 0.008552
8 0.646644 0.514538 0.035880 0.008837
5 0.555533 0.536203 0.050796 0.009977
11 0.564604 0.550029 0.030236 0.008267
8 0.648256 0.548888 0.035880 0.008267
5 0.553921 0.562429 0.053215 0.009122
8 0.648861 0.561431 0.034670 0.008267
4 0.394578 0.577822 0.080024 0.009122
11 0.393066 0.591933 0.046362 0.009407
11 0.392864 0.608039 0.049184 0.008552
11 0.483975 0.575969 0.037089 0.008267
8 0.488813 0.590935 0.028220 0.007982
8 0.485386 0.606613 0.035880 0.007982
4 0.557448 0.575969 0.075590 0.008267
8 0.581133 0.589652 0.029430 0.007697
8 0.580125 0.605331 0.027414 0.007697
9 0.410703 0.627138 0.135255 0.009692
5 0.542330 0.625000 0.110260 0.008267
5 0.430458 0.637115 0.174763 0.008552
5 0.506249 0.646237 0.182423 0.009692
9 0.505140 0.657070 0.221729 0.009692
5 0.506047 0.668187 0.225156 0.008267