0 0.508929 0.069467 0.900974 0.019386
1 0.507305 0.089257 0.446429 0.018578
1 0.501623 0.107835 0.487013 0.018578
9 0.347403 0.124798 0.301948 0.018578
4 0.508117 0.143376 0.399351 0.018578
4 0.504870 0.183360 0.558442 0.030695
11 0.614448 0.231018 0.426948 0.029079
11 0.064935 0.256462 0.042208 0.015347
2 0.676136 0.258078 0.316558 0.018578
5 0.323052 0.288368 0.574675 0.030695
5 0.272727 0.315024 0.461039 0.021002
5 0.188312 0.334814 0.282468 0.018578
1 0.303571 0.352585 0.525974 0.016963
1 0.241883 0.369952 0.399351 0.016155
2 0.539773 0.388126 0.258117 0.018578
5 0.144481 0.411955 0.220779 0.016155
11 0.411526 0.411551 0.066558 0.015347
11 0.488636 0.411955 0.064935 0.016155
11 0.568182 0.410743 0.064935 0.015347
11 0.641234 0.411551 0.025974 0.015347
11 0.710227 0.411147 0.076299 0.014540
11 0.851461 0.411955 0.141234 0.016155
5 0.133929 0.440630 0.199675 0.016963
8 0.400162 0.441438 0.086039 0.016963
6 0.506494 0.441438 0.025974 0.016963
6 0.583604 0.440630 0.027597 0.015347
6 0.640422 0.441034 0.027597 0.016155
6 0.734578 0.441438 0.027597 0.016963
8 0.880682 0.441034 0.082792 0.016155
5 0.122565 0.461228 0.176948 0.017771
8 0.401786 0.461228 0.082792 0.017771
6 0.508929 0.462036 0.024351 0.016155
6 0.584416 0.460824 0.025974 0.016963
6 0.641234 0.461632 0.025974 0.015347
6 0.738636 0.460824 0.022727 0.015347
8 0.880682 0.460824 0.082792 0.016963
5 0.124188 0.481018 0.180195 0.015347
8 0.403409 0.480210 0.086039 0.016963
6 0.508117 0.480614 0.029221 0.017771
6 0.584416 0.480210 0.029221 0.016963
6 0.638799 0.481422 0.027597 0.016155
6 0.737825 0.481018 0.027597 0.015347
8 0.879870 0.480614 0.084416 0.017771
11 0.475649 0.513732 0.350649 0.035541
8 0.775974 0.512520 0.103896 0.026656
5 0.191558 0.546850 0.314935 0.019386
8 0.402597 0.546850 0.087662 0.016155
6 0.506494 0.546850 0.022727 0.016155
6 0.582792 0.546446 0.025974 0.015347
6 0.640422 0.546850 0.024351 0.014540
6 0.735390 0.546042 0.025974 0.016155
8 0.871753 0.546446 0.100649 0.015347
5 0.124188 0.566640 0.180195 0.016963
8 0.401786 0.565024 0.089286 0.016963
6 0.499188 0.565024 0.047078 0.015347
6 0.583604 0.565024 0.030844 0.015347
6 0.642857 0.565832 0.025974 0.015347
6 0.728084 0.566236 0.043831 0.016155
8 0.869318 0.565428 0.102273 0.016155
5 0.144481 0.585218 0.220779 0.016963
8 0.400162 0.584410 0.086039 0.015347
6 0.497565 0.584814 0.043831 0.016155
6 0.582792 0.584814 0.029221 0.014540
6 0.640422 0.583603 0.024351 0.013732
6 0.728896 0.583603 0.045455 0.015347
8 0.872565 0.584006 0.099026 0.014540
4 0.358766 0.618336 0.574675 0.034733
8 0.775162 0.617124 0.105519 0.029079
4 0.610390 0.654685 0.077922 0.029887
8 0.785714 0.654685 0.087662 0.029887
4 0.369318 0.697900 0.553571 0.033926
8 0.774351 0.696688 0.107143 0.026656
11 0.474026 0.737076 0.357143 0.034733
8 0.776786 0.734249 0.105519 0.029079
11 0.512987 0.777464 0.269481 0.034733
3 0.774351 0.776252 0.107143 0.027464
11 0.118506 0.819871 0.155844 0.017771
5 0.470779 0.840872 0.857143 0.019386
5 0.419643 0.859855 0.754870 0.018578
5 0.475649 0.879645 0.876623 0.019386
4 0.400162 0.899435 0.709416 0.018578
4 0.414773 0.918821 0.754870 0.016963
5 0.187500 0.936995 0.293831 0.017771
5 0.503247 0.957997 0.383117 0.017771
9 0.669643 0.126010 0.297078 0.017771
11 0.170455 0.255654 0.025974 0.016963