0 0.511290 0.062092 0.896774 0.019608
1 0.507258 0.081699 0.446774 0.019608
1 0.506452 0.101307 0.483871 0.017974
9 0.352419 0.118873 0.295161 0.018791
4 0.511290 0.137663 0.393548 0.018791
4 0.511290 0.178105 0.561290 0.032680
11 0.615323 0.223448 0.424194 0.033497
9 0.121774 0.249592 0.143548 0.018791
2 0.683871 0.252451 0.319355 0.017974
5 0.328226 0.281454 0.562903 0.030229
5 0.280645 0.309641 0.458065 0.019608
5 0.195968 0.329248 0.291935 0.017974
1 0.309677 0.347631 0.522581 0.017157
11 0.211290 0.365196 0.316129 0.017974
2 0.545161 0.383170 0.254839 0.017974
11 0.754839 0.384395 0.087097 0.017157
5 0.151613 0.406454 0.219355 0.015523
11 0.416129 0.405637 0.061290 0.015523
11 0.645968 0.406454 0.024194 0.013889
11 0.854839 0.407680 0.135484 0.017974
5 0.141129 0.435866 0.201613 0.018791
8 0.405645 0.436683 0.079032 0.017157
6 0.510484 0.436275 0.020968 0.014706
6 0.585484 0.437092 0.022581 0.014706
6 0.643548 0.436683 0.025806 0.013889
6 0.740323 0.437500 0.022581 0.015523
8 0.884677 0.437500 0.082258 0.015523
5 0.131452 0.455474 0.182258 0.017157
8 0.406452 0.456291 0.077419 0.015523
6 0.513710 0.456291 0.020968 0.013889
6 0.589516 0.456699 0.024194 0.014706
6 0.643548 0.456699 0.022581 0.014706
6 0.738710 0.457108 0.022581 0.015523
8 0.883065 0.456699 0.082258 0.014706
5 0.131452 0.474673 0.175806 0.016340
8 0.405645 0.475082 0.075806 0.013889
6 0.512903 0.475899 0.022581 0.013889
6 0.586290 0.475899 0.020968 0.013889
6 0.644355 0.475899 0.020968 0.013889
6 0.741129 0.475899 0.020968 0.013889
8 0.882258 0.475899 0.077419 0.015523
11 0.480645 0.510212 0.351613 0.033497
8 0.788710 0.508578 0.083871 0.025327
5 0.197581 0.541667 0.308065 0.016340
8 0.405645 0.542484 0.079032 0.014706
6 0.510484 0.542892 0.024194 0.013889
6 0.587903 0.542892 0.020968 0.015523
6 0.642742 0.543301 0.024194 0.014706
11 0.731452 0.543301 0.043548 0.014706
8 0.875806 0.543301 0.096774 0.014706
5 0.112903 0.560458 0.145161 0.017974
8 0.404839 0.561275 0.080645 0.014706
6 0.501613 0.561275 0.038710 0.014706
6 0.586290 0.561275 0.020968 0.014706
6 0.642742 0.561275 0.024194 0.014706
6 0.739516 0.560866 0.020968 0.013889
8 0.880645 0.561275 0.083871 0.017974
5 0.141129 0.579657 0.195161 0.015523
8 0.406452 0.580474 0.080645 0.015523
6 0.509677 0.580065 0.022581 0.013072
6 0.587097 0.580882 0.025806 0.013072
6 0.642742 0.579657 0.024194 0.015523
11 0.729032 0.580882 0.041935 0.013072
8 0.874194 0.580882 0.100000 0.014706
4 0.364516 0.613971 0.567742 0.035131
8 0.774194 0.613562 0.103226 0.027778
4 0.613710 0.651144 0.079032 0.027778
8 0.777419 0.651144 0.103226 0.027778
4 0.375000 0.694444 0.553226 0.035948
8 0.777419 0.693219 0.103226 0.026961
11 0.480645 0.734069 0.345161 0.033497
8 0.787097 0.732026 0.083871 0.027778
11 0.516129 0.775327 0.267742 0.034314
3 0.787903 0.772876 0.082258 0.026144
11 0.124194 0.816585 0.151613 0.015523
5 0.477419 0.837010 0.864516 0.018791
5 0.420968 0.855801 0.748387 0.018791
5 0.479032 0.877042 0.861290 0.018791
4 0.402419 0.896242 0.717742 0.019608
4 0.425000 0.916667 0.750000 0.017974
5 0.193548 0.935458 0.300000 0.017974
5 0.510484 0.955882 0.388710 0.017974
9 0.670968 0.119281 0.296774 0.016340
11 0.492742 0.406454 0.056452 0.015523
11 0.568548 0.406863 0.059677 0.014706
11 0.713710 0.406454 0.079032 0.013889