5 0.469453 0.206254 0.295820 0.023190
0 0.467846 0.228039 0.389068 0.016163
9 0.467042 0.250527 0.290997 0.014758
1 0.464630 0.273717 0.707395 0.020379
1 0.466238 0.295502 0.594855 0.017569
11 0.467846 0.315882 0.231511 0.016163
4 0.465434 0.340126 0.477492 0.018271
4 0.469453 0.392832 0.237942 0.015460
9 0.151929 0.434645 0.168810 0.014758
1 0.422026 0.436051 0.300643 0.013352
11 0.109325 0.458538 0.077170 0.016163
2 0.465434 0.458538 0.390675 0.016163
10 0.125402 0.479621 0.118971 0.014758
5 0.331190 0.479972 0.122186 0.014055
5 0.243569 0.524947 0.191318 0.018271
11 0.529743 0.524596 0.065916 0.018974
5 0.718650 0.523542 0.244373 0.016866
6 0.077974 0.543570 0.017685 0.013352
9 0.246785 0.542867 0.207395 0.014758
6 0.551447 0.544273 0.016077 0.014758
8 0.654341 0.543219 0.070740 0.015460
8 0.801447 0.542867 0.072347 0.014758
8 0.327974 0.566409 0.382637 0.015460
6 0.080386 0.587843 0.019293 0.014758
9 0.302251 0.588194 0.315113 0.015460
6 0.551447 0.587140 0.016077 0.011947
8 0.653537 0.586788 0.069132 0.015460
8 0.803055 0.587843 0.069132 0.014758
5 0.325563 0.610682 0.377814 0.018271
6 0.079582 0.631764 0.020900 0.014055
9 0.304662 0.631764 0.319936 0.014055
6 0.550643 0.631061 0.017685 0.012649
8 0.654341 0.631413 0.070740 0.014758
8 0.804662 0.631413 0.069132 0.014758
5 0.313505 0.654603 0.350482 0.016163
6 0.077974 0.674631 0.020900 0.012649
9 0.256431 0.674982 0.223473 0.013352
6 0.542605 0.674982 0.043408 0.014758
8 0.652733 0.675685 0.067524 0.014758
8 0.794212 0.674982 0.090032 0.014758
9 0.331994 0.697119 0.390675 0.014055
11 0.192122 0.718201 0.297428 0.014055
8 0.803055 0.718201 0.065916 0.014055
3 0.311093 0.742446 0.538585 0.017569
3 0.796624 0.741391 0.085209 0.015460
5 0.209807 0.763528 0.329582 0.017569
8 0.803859 0.762474 0.067524 0.014055
11 0.160772 0.790232 0.225080 0.021785
8 0.756431 0.789529 0.149518 0.021785
11 0.094855 0.815882 0.099678 0.016866
8 0.795820 0.815882 0.086817 0.014055
5 0.116559 0.840829 0.146302 0.017569
8 0.803055 0.839424 0.069132 0.014758
4 0.184887 0.871750 0.286174 0.018974
5 0.487138 0.871750 0.199357 0.016163
4 0.772508 0.871398 0.136656 0.016866
11 0.066720 0.893183 0.049839 0.014055
8 0.300643 0.893535 0.070740 0.013352
8 0.541801 0.893886 0.090032 0.014055
8 0.803055 0.893183 0.069132 0.012649
5 0.467846 0.925861 0.154341 0.014758
5 0.467846 0.939916 0.562701 0.013352
5 0.467042 0.956079 0.426045 0.016163