0 0.325284 0.171004 0.474432 0.015932
1 0.177557 0.191184 0.173295 0.014870
5 0.284091 0.214817 0.389205 0.018587
1 0.389915 0.235794 0.600852 0.018056
9 0.496449 0.257302 0.816761 0.018587
9 0.465199 0.277483 0.748580 0.015401
4 0.360795 0.298991 0.536932 0.014870
4 0.425426 0.320765 0.234375 0.014870
9 0.341619 0.341476 0.498580 0.015932
11 0.136364 0.362719 0.088068 0.014870
2 0.320312 0.365374 0.018466 0.012746
10 0.166193 0.383696 0.147727 0.015401
11 0.322443 0.385289 0.022727 0.011152
5 0.276278 0.427244 0.328125 0.015401
5 0.200284 0.449549 0.173295 0.018587
4 0.522017 0.449549 0.342330 0.017525
5 0.803267 0.446097 0.126420 0.013808
5 0.417614 0.491503 0.471591 0.015401
6 0.257102 0.512480 0.022727 0.012746
11 0.482955 0.512746 0.125000 0.014339
8 0.780540 0.511152 0.086648 0.012215
11 0.871449 0.511949 0.041193 0.013808
5 0.458807 0.534254 0.559659 0.014870
6 0.256392 0.554965 0.024148 0.012746
11 0.485085 0.555231 0.134943 0.012215
8 0.783381 0.554169 0.089489 0.014339
11 0.870739 0.553372 0.039773 0.012746
5 0.448153 0.575677 0.538352 0.013808
6 0.257102 0.597982 0.019886 0.013808
11 0.470881 0.597451 0.154830 0.014870
8 0.774858 0.596123 0.109375 0.014339
11 0.871449 0.595592 0.044034 0.012215
5 0.298295 0.640998 0.326705 0.013808
8 0.687500 0.638874 0.110795 0.012746
4 0.299006 0.662241 0.319602 0.012746
8 0.700284 0.660648 0.085227 0.013808
11 0.233665 0.683484 0.191761 0.014870
11 0.450284 0.684811 0.022727 0.012215
3 0.689631 0.681891 0.109375 0.012746
5 0.295455 0.706054 0.321023 0.016463
8 0.720170 0.703399 0.085227 0.015401
11 0.245739 0.728890 0.213068 0.016463
11 0.451705 0.728093 0.019886 0.011683
8 0.713778 0.725969 0.109375 0.015932
5 0.255682 0.746946 0.244318 0.015401
11 0.448153 0.749071 0.024148 0.012215
8 0.711648 0.746150 0.105114 0.014870
5 0.295455 0.770048 0.323864 0.015932
8 0.723722 0.767924 0.086648 0.015932
5 0.301136 0.791822 0.321023 0.014870
6 0.583807 0.789697 0.025568 0.014870
11 0.313210 0.812533 0.345170 0.015932
6 0.605824 0.811471 0.032670 0.015932
4 0.527699 0.856346 0.779830 0.017525
11 0.216619 0.898832 0.112216 0.014339
8 0.542614 0.897504 0.110795 0.014870
8 0.806818 0.897238 0.090909 0.016463
5 0.215199 0.921136 0.234375 0.014339
2 0.459517 0.363516 0.171875 0.016463
11 0.663352 0.363250 0.150568 0.014870
11 0.428267 0.384493 0.109375 0.015932