5 0.476478 0.058797 0.565860 0.023886
0 0.503360 0.089113 0.700269 0.025723
0 0.479839 0.113000 0.416667 0.013780
4 0.480511 0.131144 0.608871 0.014240
1 0.478495 0.149058 0.803763 0.013321
1 0.479839 0.167662 0.661290 0.013780
5 0.481855 0.185117 0.329301 0.011943
9 0.491935 0.202572 0.400538 0.012862
2 0.222446 0.239320 0.331989 0.014699
11 0.114919 0.257694 0.114247 0.013780
9 0.695565 0.238861 0.477151 0.012862
1 0.682124 0.256546 0.307796 0.014240
9 0.445565 0.292605 0.686828 0.012862
2 0.422043 0.310749 0.491935 0.013321
5 0.186156 0.347037 0.254032 0.013321
5 0.788978 0.346808 0.139785 0.011943
9 0.351478 0.382866 0.587366 0.013321
6 0.245296 0.400781 0.240591 0.012402
5 0.255376 0.418925 0.354839 0.013780
5 0.327957 0.436840 0.540323 0.012862
6 0.243952 0.454984 0.235215 0.012402
5 0.254032 0.472209 0.352151 0.013780
5 0.304435 0.490813 0.498656 0.013321
5 0.255376 0.508498 0.352151 0.011943
5 0.278898 0.544327 0.452957 0.014699
11 0.598790 0.544327 0.079301 0.015618
11 0.860887 0.400322 0.143817 0.013321
8 0.826613 0.418925 0.115591 0.013780
11 0.860887 0.454065 0.143817 0.013321
8 0.825269 0.472209 0.118280 0.012862
11 0.850134 0.489665 0.168011 0.012862
8 0.827285 0.508268 0.122312 0.012402
11 0.858871 0.544097 0.139785 0.013321
4 0.301747 0.581075 0.498656 0.012862
5 0.195565 0.599449 0.280914 0.013780
11 0.150538 0.616445 0.193548 0.013780
11 0.103495 0.634359 0.094086 0.013780
5 0.129032 0.652963 0.142473 0.013321
8 0.823925 0.580616 0.118280 0.012862
8 0.836694 0.599219 0.087366 0.013321
3 0.823925 0.616445 0.120968 0.013780
8 0.813844 0.634359 0.141129 0.013780
8 0.825269 0.653422 0.115591 0.014240
5 0.174731 0.688103 0.231183 0.013780
4 0.184812 0.706706 0.259409 0.014240
11 0.127688 0.724851 0.150538 0.012862
11 0.126344 0.743225 0.145161 0.012862
5 0.491263 0.706477 0.256720 0.012862
8 0.563844 0.723932 0.119624 0.012862
8 0.575269 0.742306 0.094086 0.012862
6 0.870296 0.687644 0.020161 0.012862
4 0.786962 0.706706 0.186828 0.014240
8 0.836022 0.724621 0.091398 0.014240
8 0.836022 0.742765 0.094086 0.012862
11 0.206317 0.779283 0.307796 0.014240
8 0.824597 0.777905 0.108871 0.015158
5 0.482527 0.814653 0.569892 0.014240
5 0.491935 0.832797 0.639785 0.012862
5 0.487231 0.850482 0.673387 0.014240
5 0.479167 0.870005 0.426075 0.014699
5 0.481183 0.888608 0.567204 0.014240
5 0.480511 0.906982 0.573925 0.015158