0 0.500000 0.065304 0.905844 0.020032
1 0.493506 0.083734 0.448052 0.018429
1 0.492695 0.103766 0.482143 0.018429
9 0.337662 0.120994 0.295455 0.017628
4 0.497565 0.139423 0.387987 0.017628
4 0.488636 0.177083 0.581169 0.032051
11 0.603896 0.223558 0.441558 0.030449
9 0.104708 0.250801 0.137987 0.019231
2 0.668831 0.252003 0.318182 0.016827
5 0.313312 0.281651 0.568182 0.029647
5 0.269481 0.308894 0.470779 0.018429
5 0.180195 0.327724 0.285714 0.017628
1 0.297890 0.344551 0.524351 0.016026
1 0.233766 0.361779 0.396104 0.016827
2 0.534903 0.380208 0.258117 0.016827
11 0.745130 0.379808 0.094156 0.017628
5 0.137175 0.404647 0.215909 0.016026
11 0.405032 0.403045 0.063312 0.016026
11 0.637175 0.403045 0.027597 0.014423
11 0.844968 0.403446 0.141234 0.016827
5 0.127435 0.433894 0.196429 0.016827
8 0.396916 0.433494 0.079545 0.016026
6 0.501623 0.432692 0.022727 0.014423
6 0.581981 0.433093 0.021104 0.015224
6 0.635552 0.432292 0.024351 0.015224
6 0.730519 0.432292 0.025974 0.015224
8 0.876623 0.432292 0.084416 0.015224
5 0.116883 0.452724 0.178571 0.016026
8 0.396916 0.452724 0.079545 0.016026
6 0.503247 0.451923 0.022727 0.014423
6 0.578734 0.451923 0.024351 0.014423
6 0.636364 0.451522 0.025974 0.013622
6 0.734578 0.451923 0.021104 0.016026
8 0.874188 0.451122 0.082792 0.014423
5 0.121753 0.472356 0.185065 0.016827
8 0.396916 0.471154 0.082792 0.014423
6 0.503247 0.470353 0.022727 0.014423
6 0.581981 0.470353 0.024351 0.016026
6 0.635552 0.470353 0.027597 0.014423
6 0.732143 0.470353 0.022727 0.014423
8 0.877435 0.469151 0.082792 0.015224
11 0.468344 0.503205 0.362013 0.033654
8 0.770292 0.502404 0.099026 0.027244
5 0.188312 0.537660 0.314935 0.016026
8 0.396916 0.536458 0.079545 0.015224
6 0.502435 0.536859 0.024351 0.014423
6 0.581169 0.536458 0.022727 0.015224
6 0.637175 0.536058 0.024351 0.016026
11 0.724838 0.535657 0.040584 0.013622
8 0.868506 0.535256 0.097403 0.014423
5 0.121753 0.554487 0.181818 0.017628
8 0.396104 0.555288 0.081169 0.016026
6 0.493506 0.554487 0.042208 0.016026
6 0.579545 0.554888 0.025974 0.015224
6 0.636364 0.554888 0.022727 0.015224
6 0.723214 0.554487 0.040584 0.016026
8 0.867695 0.554087 0.099026 0.015224
5 0.129058 0.573718 0.202922 0.016026
8 0.399351 0.572917 0.077922 0.016026
6 0.504058 0.572516 0.024351 0.015224
6 0.579545 0.572516 0.022727 0.015224
6 0.637175 0.572917 0.024351 0.014423
11 0.724026 0.572115 0.042208 0.014423
8 0.857143 0.572516 0.120130 0.015224
5 0.130682 0.592147 0.206169 0.017628
8 0.399351 0.591747 0.077922 0.015224
6 0.504058 0.591747 0.024351 0.013622
6 0.572240 0.591346 0.043831 0.014423
6 0.637987 0.590946 0.025974 0.013622
11 0.713474 0.590946 0.066558 0.013622
8 0.858766 0.590545 0.120130 0.014423
4 0.354708 0.625401 0.586039 0.036058
8 0.763799 0.622596 0.121753 0.028846
4 0.607955 0.661058 0.076299 0.025641
8 0.773539 0.660657 0.105519 0.024840
4 0.407468 0.703926 0.474026 0.034455
8 0.762175 0.701923 0.125000 0.027244
11 0.476461 0.740385 0.355519 0.033654
8 0.772727 0.738782 0.100649 0.027244
11 0.511364 0.781250 0.272727 0.032051
3 0.772727 0.778446 0.100649 0.026442
11 0.116883 0.824519 0.152597 0.016026
5 0.470779 0.843750 0.863636 0.017628
5 0.413961 0.862981 0.753247 0.017628
5 0.474026 0.882212 0.876623 0.017628
4 0.399351 0.901042 0.714286 0.016827
4 0.424513 0.919071 0.767857 0.017628
5 0.187500 0.939103 0.300325 0.017628
5 0.504058 0.958734 0.387987 0.016827
9 0.658279 0.121394 0.297078 0.016827
11 0.482143 0.403045 0.061688 0.014423
11 0.561688 0.403045 0.061688 0.014423
11 0.704545 0.403045 0.081169 0.014423