0 0.504334 0.249359 0.269301 0.010405
2 0.504132 0.260832 0.097561 0.010832
1 0.504939 0.272092 0.061278 0.009407
1 0.505745 0.283495 0.235840 0.009692
1 0.505140 0.294755 0.179802 0.009692
4 0.504939 0.307084 0.075388 0.008409
9 0.441342 0.318201 0.167103 0.009265
11 0.369583 0.335661 0.025197 0.009407
11 0.463112 0.336374 0.019553 0.010832
11 0.639387 0.333595 0.027817 0.010405
9 0.453638 0.349629 0.191695 0.010832
3 0.373513 0.362386 0.031445 0.009835
6 0.456360 0.362243 0.007660 0.008409
8 0.637170 0.360248 0.031445 0.010405
3 0.597359 0.382055 0.108244 0.010120
4 0.606733 0.393529 0.094336 0.010547
3 0.609151 0.405074 0.085870 0.009407
5 0.398105 0.422891 0.079419 0.011403
5 0.630720 0.421180 0.043943 0.008837
11 0.376638 0.436431 0.034872 0.008837
8 0.636464 0.435148 0.030034 0.009407
5 0.379661 0.448760 0.042532 0.011830
8 0.635960 0.446765 0.030639 0.009835
4 0.392260 0.477124 0.067728 0.010405
5 0.532050 0.475912 0.047369 0.008837
4 0.637875 0.475627 0.030034 0.009407
4 0.392562 0.490379 0.071155 0.008409
8 0.547067 0.489381 0.020157 0.008409
8 0.642209 0.488241 0.020157 0.008124
4 0.504939 0.506842 0.140697 0.008552
5 0.504031 0.519456 0.188470 0.010120
4 0.503528 0.531428 0.127394 0.009835
5 0.503628 0.543401 0.141705 0.010120
5 0.504334 0.554233 0.174158 0.008124
5 0.503326 0.566705 0.153598 0.011117