5 0.473870 0.069007 0.594633 0.033898
0 0.503531 0.109867 0.747175 0.035714
0 0.476695 0.140133 0.439266 0.021186
4 0.475989 0.164649 0.638418 0.021792
1 0.477401 0.189165 0.850282 0.022397
1 0.478107 0.213983 0.696328 0.018765
5 0.456921 0.239104 0.196328 0.016949
9 0.476695 0.286320 0.699153 0.021792
2 0.202684 0.336259 0.346045 0.019976
9 0.704096 0.335351 0.501412 0.020581
11 0.075565 0.361380 0.100282 0.019370
1 0.692797 0.359262 0.323446 0.019976
5 0.165960 0.410109 0.275424 0.018765
5 0.800141 0.406174 0.148305 0.016949
9 0.340395 0.457022 0.621469 0.018160
6 0.227401 0.482748 0.248588 0.019976
3 0.851695 0.477906 0.104520 0.017554
4 0.293079 0.529964 0.524011 0.018765
8 0.852401 0.527240 0.097458 0.018160
11 0.079802 0.554177 0.097458 0.016344
8 0.829096 0.550847 0.146893 0.018160
5 0.105932 0.578692 0.152542 0.018160
8 0.841102 0.575363 0.128531 0.017554
5 0.155367 0.625605 0.240113 0.017554
6 0.891949 0.623789 0.026836 0.016344
4 0.163842 0.650726 0.274011 0.016949
5 0.490113 0.649516 0.268362 0.019370
4 0.800141 0.648305 0.199153 0.018160
11 0.105226 0.674637 0.153955 0.018765
8 0.578390 0.674031 0.100282 0.017554
8 0.853107 0.672821 0.096045 0.018765
11 0.189266 0.723366 0.324859 0.019370
8 0.853814 0.721247 0.100282 0.017554
5 0.479520 0.770278 0.600282 0.018765
5 0.490819 0.794492 0.676554 0.017554
5 0.487288 0.818402 0.714689 0.019370
5 0.479520 0.843826 0.444915 0.016949
5 0.480932 0.867131 0.597458 0.017554
5 0.481638 0.891041 0.601695 0.016949