0 0.431867 0.172612 0.353004 0.027207
9 0.424893 0.197400 0.210300 0.021161
5 0.430794 0.223398 0.533262 0.027207
1 0.439914 0.249395 0.620172 0.025998
1 0.431867 0.275091 0.415236 0.025393
4 0.431867 0.300181 0.460300 0.021161
4 0.410408 0.351572 0.417382 0.025998
9 0.203326 0.402056 0.303648 0.024184
10 0.547210 0.405381 0.309013 0.022370
11 0.090129 0.429565 0.083691 0.022370
2 0.390558 0.429565 0.399142 0.022370
5 0.157189 0.482164 0.213519 0.027207
11 0.364807 0.483071 0.062232 0.025393
5 0.535408 0.483676 0.135193 0.024184
4 0.726931 0.483071 0.177039 0.022975
11 0.088519 0.533857 0.080472 0.022975
11 0.348176 0.557739 0.061159 0.022370
8 0.525751 0.557437 0.075107 0.022975
11 0.733369 0.557739 0.151288 0.025998
5 0.138948 0.583132 0.174893 0.025998
11 0.343884 0.609432 0.056867 0.025393
8 0.523605 0.609432 0.081545 0.025393
11 0.733369 0.610036 0.151288 0.024184
6 0.166309 0.660520 0.231760 0.025998
4 0.260193 0.685006 0.419528 0.025393
3 0.770923 0.686820 0.076180 0.022975
4 0.288090 0.711911 0.473176 0.027207
8 0.772532 0.712515 0.075107 0.022370
11 0.158262 0.735490 0.215665 0.025998
8 0.732833 0.740024 0.145923 0.024184
11 0.104614 0.787787 0.112661 0.025393
8 0.770923 0.791112 0.076180 0.022370
4 0.156652 0.863664 0.212446 0.027207
5 0.524142 0.867594 0.187768 0.024184
4 0.738197 0.866989 0.135193 0.029021
11 0.079399 0.889661 0.055794 0.022370
11 0.298820 0.891475 0.108369 0.025998
8 0.582618 0.891475 0.083691 0.022370
8 0.768777 0.890871 0.078326 0.022370