0 0.479167 0.186968 0.139815 0.011133
5 0.478704 0.199411 0.164815 0.009823
5 0.478704 0.211198 0.164815 0.009823
1 0.476852 0.223969 0.159259 0.011788
9 0.478704 0.235429 0.114815 0.011133
0 0.478241 0.247217 0.147222 0.011133
4 0.479630 0.259005 0.155556 0.012443
4 0.371296 0.283563 0.131481 0.010478
2 0.564352 0.282580 0.058333 0.011133
10 0.372685 0.295678 0.130556 0.011133
6 0.311574 0.320236 0.006481 0.009168
5 0.379167 0.319253 0.071296 0.011133
11 0.562037 0.318271 0.055556 0.009168
6 0.311111 0.332024 0.007407 0.009168
5 0.375000 0.331369 0.064815 0.010478
11 0.562500 0.330059 0.054630 0.009168
6 0.311111 0.344139 0.007407 0.009823
5 0.378241 0.343811 0.073148 0.010478
11 0.562500 0.342174 0.056481 0.008513
6 0.311574 0.355927 0.004630 0.008513
5 0.379167 0.355599 0.071296 0.009168
11 0.562037 0.353635 0.057407 0.010478
6 0.311574 0.367714 0.006481 0.008513
5 0.378704 0.367714 0.072222 0.009823
11 0.562037 0.366077 0.055556 0.009168
6 0.311111 0.379830 0.007407 0.009168
5 0.368519 0.379502 0.050000 0.009823
11 0.562037 0.378193 0.059259 0.011133
6 0.311111 0.391290 0.007407 0.008513
5 0.400926 0.390635 0.116667 0.011133
8 0.549537 0.390308 0.028704 0.009168
11 0.584259 0.389980 0.012963 0.009823
5 0.342593 0.415193 0.070370 0.009168
6 0.587037 0.413229 0.007407 0.009168
11 0.339352 0.427636 0.065741 0.009168
3 0.573148 0.425999 0.035185 0.009823
11 0.342593 0.455796 0.075926 0.019646
8 0.554630 0.454158 0.074074 0.018991
4 0.328241 0.470858 0.041667 0.009168
8 0.575926 0.469548 0.027778 0.009168
5 0.437500 0.506549 0.106481 0.011133
11 0.320370 0.518664 0.029630 0.009168
8 0.569444 0.517354 0.040741 0.009168
5 0.345370 0.530452 0.077778 0.010478
8 0.572222 0.529470 0.035185 0.011133
2 0.406481 0.555010 0.198148 0.011133
10 0.335648 0.566798 0.062037 0.009823
4 0.345833 0.602489 0.078704 0.010478
5 0.462037 0.601834 0.072222 0.010478
4 0.564352 0.601179 0.047222 0.010478
11 0.313426 0.614604 0.013889 0.011133
6 0.394444 0.614276 0.033333 0.010478
8 0.484722 0.613949 0.026852 0.009823
8 0.574537 0.612967 0.026852 0.009168
11 0.316667 0.626719 0.022222 0.009168
6 0.394444 0.626392 0.033333 0.011133
8 0.479630 0.625409 0.035185 0.010478
8 0.575000 0.625409 0.027778 0.007859
5 0.476852 0.673870 0.064815 0.010478
5 0.477778 0.685003 0.125926 0.010478
11 0.477315 0.697773 0.126852 0.011133
5 0.475463 0.709561 0.210185 0.009823
5 0.449537 0.331041 0.056481 0.009823