0 0.453958 0.095023 0.759289 0.023271
1 0.447496 0.123465 0.739903 0.015514
1 0.237480 0.138009 0.319871 0.014867
11 0.390953 0.156109 0.633279 0.016160
11 0.250404 0.175178 0.355412 0.015514
4 0.298061 0.191338 0.447496 0.012928
4 0.815024 0.200711 0.292407 0.016160
5 0.142973 0.211054 0.163166 0.012282
9 0.335218 0.227214 0.550889 0.016160
5 0.277868 0.262443 0.420032 0.016807
11 0.199515 0.303167 0.231018 0.014221
11 0.223748 0.341952 0.182553 0.012928
11 0.198708 0.361345 0.222940 0.014221
11 0.232633 0.399160 0.197092 0.013575
5 0.671244 0.304460 0.466882 0.015514
11 0.473344 0.321590 0.074313 0.016160
5 0.690630 0.362961 0.499192 0.014867
11 0.616317 0.380737 0.350565 0.016807
8 0.814216 0.342599 0.077544 0.014221
8 0.810178 0.400776 0.095315 0.012928
11 0.922456 0.343568 0.045234 0.012282
11 0.920840 0.400452 0.048465 0.012282
4 0.300485 0.422431 0.510501 0.014867
5 0.461228 0.443116 0.140549 0.014867
11 0.431341 0.469619 0.090468 0.013575
5 0.475767 0.491273 0.176090 0.016807
11 0.474960 0.516807 0.171244 0.013575
11 0.436187 0.553652 0.090468 0.012282
5 0.462036 0.574337 0.142165 0.013575
3 0.810178 0.425339 0.092084 0.014221
8 0.814216 0.445055 0.077544 0.013575
8 0.811793 0.471558 0.092084 0.012282
8 0.817447 0.492243 0.074313 0.013575
8 0.810178 0.519392 0.088853 0.012282
8 0.807754 0.556238 0.096931 0.013575
8 0.808562 0.575953 0.095315 0.012928
4 0.162359 0.602133 0.234249 0.014867
5 0.516963 0.602133 0.210016 0.013575
4 0.843296 0.603103 0.142165 0.014221
11 0.126817 0.622172 0.163166 0.013575
8 0.577544 0.622818 0.092084 0.014867
8 0.880452 0.623465 0.077544 0.013575
9 0.256058 0.672269 0.428110 0.015514
2 0.676090 0.672915 0.318255 0.014221
5 0.514540 0.759858 0.819063 0.014867
5 0.514540 0.792178 0.663974 0.013575
5 0.513732 0.812217 0.397415 0.013575
5 0.513732 0.846154 0.652666 0.015514
9 0.512924 0.879121 0.812601 0.016807
5 0.512116 0.901099 0.865913 0.015514
5 0.512116 0.922431 0.235864 0.015514
5 0.514540 0.956044 0.747981 0.018100