0 0.450241 0.100952 0.759230 0.023793
1 0.447833 0.130523 0.741573 0.016315
1 0.235955 0.147859 0.321027 0.015636
11 0.386035 0.166553 0.621188 0.017675
11 0.252809 0.186948 0.354735 0.013596
4 0.299358 0.203943 0.444623 0.017675
4 0.810594 0.215500 0.301766 0.021754
5 0.145265 0.225357 0.168539 0.014276
9 0.335474 0.240993 0.545746 0.016995
5 0.278491 0.277702 0.422151 0.015636
11 0.202247 0.320190 0.221509 0.016315
11 0.225522 0.359619 0.187801 0.014956
5 0.701445 0.320190 0.523274 0.016315
11 0.498395 0.337865 0.117175 0.014956
3 0.813002 0.360979 0.075441 0.013596
11 0.918941 0.360299 0.049759 0.017675
4 0.303371 0.385452 0.507223 0.014956
5 0.464687 0.405506 0.146067 0.015636
11 0.435795 0.434058 0.097913 0.016995
5 0.480738 0.456152 0.174960 0.016315
11 0.477528 0.482665 0.171750 0.016315
8 0.811396 0.386132 0.075441 0.013596
8 0.814607 0.407546 0.075441 0.011557
8 0.817014 0.435418 0.077047 0.014276
8 0.816212 0.456152 0.075441 0.013596
8 0.815409 0.484704 0.077047 0.013596
8 0.808989 0.522434 0.096308 0.011557
8 0.818620 0.542828 0.070626 0.012916
4 0.170144 0.572400 0.234350 0.017675
5 0.522472 0.572060 0.207063 0.018355
4 0.845907 0.573080 0.144462 0.017675
11 0.134029 0.593814 0.165329 0.015636
8 0.588283 0.592794 0.072231 0.016315
8 0.881220 0.593814 0.083467 0.015636
9 0.262440 0.646499 0.422151 0.013596
5 0.520064 0.743712 0.808989 0.016315
5 0.516051 0.779062 0.662921 0.014956
5 0.513644 0.800476 0.401284 0.015636
5 0.521669 0.837186 0.651685 0.019714
9 0.520064 0.871516 0.808989 0.016315
5 0.519262 0.892590 0.861958 0.016315
5 0.522472 0.911965 0.239165 0.016995
5 0.524077 0.951394 0.743178 0.018355
11 0.439807 0.520394 0.099518 0.018355
5 0.465490 0.540789 0.147673 0.015636
2 0.674960 0.647859 0.335474 0.019035