5 0.472912 0.071266 0.629797 0.024261
0 0.474041 0.112206 0.641084 0.047005
0 0.471783 0.155042 0.704289 0.017437
1 0.471783 0.172100 0.717833 0.016679
1 0.471783 0.187642 0.528217 0.015921
4 0.474041 0.202805 0.379233 0.014405
5 0.471783 0.227824 0.514673 0.018954
5 0.471783 0.254738 0.239278 0.019712
4 0.472912 0.282790 0.295711 0.022745
2 0.279910 0.325246 0.424379 0.019712
6 0.778781 0.326384 0.275395 0.018954
9 0.339729 0.352161 0.571106 0.021986
5 0.220090 0.379075 0.327314 0.019712
11 0.112867 0.415845 0.117381 0.018954
11 0.803612 0.418120 0.212190 0.020470
5 0.355530 0.471569 0.593679 0.019712
11 0.819413 0.471948 0.185102 0.018954
8 0.365688 0.497726 0.613995 0.020470
11 0.836343 0.499621 0.160271 0.018196
4 0.312641 0.551933 0.512415 0.022745
3 0.792325 0.553829 0.135440 0.017437
11 0.127540 0.590599 0.137698 0.034875
8 0.795711 0.592494 0.146727 0.032600
11 0.116253 0.631160 0.115124 0.020470
8 0.790068 0.632676 0.144470 0.018954
5 0.138826 0.658453 0.160271 0.021986
8 0.788939 0.660349 0.137698 0.018196
5 0.220090 0.686126 0.318284 0.018196
6 0.443567 0.687642 0.033860 0.018196
4 0.164786 0.721001 0.216704 0.021228
11 0.519187 0.723275 0.194131 0.018196
4 0.760722 0.723654 0.189616 0.018954
6 0.199774 0.748294 0.083521 0.018196
8 0.551919 0.748673 0.133183 0.015921
8 0.804740 0.749052 0.106095 0.013647
5 0.511287 0.782790 0.697517 0.020470
11 0.470655 0.807809 0.083521 0.014405
5 0.545147 0.836240 0.670429 0.021228
5 0.299097 0.862017 0.164786 0.019712
11 0.419865 0.864670 0.027088 0.014405
5 0.618510 0.862775 0.325056 0.021228
5 0.480813 0.887036 0.546275 0.021228