6 0.136437 0.038525 0.224719 0.025684
5 0.487159 0.115576 0.380417 0.020713
0 0.490369 0.140431 0.656501 0.022370
9 0.479133 0.166114 0.207063 0.022370
1 0.476726 0.190555 0.548957 0.023198
1 0.477528 0.215410 0.242376 0.023198
11 0.488764 0.239437 0.309791 0.021541
4 0.480738 0.265949 0.486356 0.021541
4 0.480738 0.313587 0.213483 0.020713
1 0.290530 0.360812 0.478331 0.022370
11 0.090690 0.385253 0.081862 0.019884
2 0.404494 0.386495 0.285714 0.020713
11 0.858748 0.384838 0.138042 0.020713
10 0.117175 0.409279 0.134831 0.019884
5 0.358748 0.409279 0.191011 0.018227
11 0.109149 0.433720 0.121990 0.020713
2 0.453451 0.434134 0.380417 0.019884
5 0.130016 0.483844 0.166934 0.021541
11 0.906100 0.483430 0.046549 0.020713
5 0.480738 0.534383 0.444623 0.023198
6 0.062600 0.559652 0.022472 0.019056
8 0.395666 0.558824 0.576244 0.022370
3 0.849117 0.558824 0.157303 0.020713
6 0.062600 0.606877 0.025682 0.020713
11 0.184591 0.606877 0.154093 0.020713
8 0.820225 0.606048 0.099518 0.020713
11 0.276083 0.630489 0.333868 0.021541
11 0.771268 0.629660 0.197432 0.021541
11 0.063403 0.679785 0.027287 0.022370
8 0.822632 0.680199 0.107544 0.021541
11 0.075441 0.704225 0.048154 0.019884
8 0.772071 0.704640 0.189406 0.020713
11 0.250401 0.728252 0.022472 0.013256
4 0.158106 0.778376 0.213483 0.022370
11 0.678973 0.777548 0.118780 0.019056
4 0.898074 0.777548 0.059390 0.020713
4 0.272071 0.801574 0.441413 0.022370
8 0.689406 0.801574 0.097913 0.020713
8 0.887640 0.801988 0.080257 0.018227
5 0.489567 0.848799 0.536116 0.022370
5 0.478331 0.872825 0.555377 0.020713
11 0.243981 0.705054 0.077047 0.021541
11 0.373194 0.729080 0.075441 0.021541
11 0.593098 0.728252 0.290530 0.019884