11 0.718884 0.041041 0.045064 0.021107
0 0.494099 0.139306 0.634120 0.017824
9 0.494099 0.159475 0.267167 0.016886
5 0.495708 0.182458 0.435622 0.014071
1 0.497854 0.205206 0.504292 0.014540
9 0.313305 0.239681 0.313305 0.014071
9 0.674893 0.239916 0.315451 0.014540
4 0.494635 0.263602 0.396996 0.015947
4 0.494099 0.291276 0.250000 0.015947
5 0.106223 0.310976 0.113734 0.014071
5 0.324034 0.335366 0.549356 0.015947
5 0.224785 0.355769 0.353004 0.014540
1 0.221567 0.376407 0.348712 0.015478
5 0.233906 0.399390 0.371245 0.014540
9 0.156652 0.421435 0.218884 0.014540
5 0.112661 0.442073 0.133047 0.014540
9 0.399142 0.443011 0.244635 0.015478
2 0.792918 0.443480 0.291845 0.015478
10 0.112124 0.465056 0.127682 0.015478
11 0.342811 0.465994 0.131974 0.013602
11 0.769850 0.467167 0.254292 0.014071
5 0.165773 0.489447 0.234979 0.014540
11 0.693670 0.490150 0.076180 0.015009
11 0.078326 0.537992 0.066524 0.013133
11 0.334764 0.540338 0.060086 0.015947
5 0.465665 0.538931 0.105150 0.014071
4 0.611052 0.523452 0.093348 0.015947
4 0.795601 0.524390 0.091202 0.015947
4 0.918455 0.539869 0.057940 0.013133
6 0.098176 0.557458 0.104077 0.012664
6 0.332618 0.557927 0.017167 0.011726
8 0.467811 0.558396 0.079399 0.012664
8 0.609979 0.558865 0.078326 0.012664
3 0.795601 0.559334 0.095494 0.011726
11 0.921674 0.559099 0.045064 0.011257
5 0.160408 0.580910 0.224249 0.015478
11 0.164700 0.604831 0.151288 0.018293
6 0.332082 0.603659 0.024678 0.013133
8 0.791845 0.604831 0.109442 0.014540
4 0.416309 0.642120 0.487124 0.018762
8 0.799356 0.642120 0.092275 0.014071
5 0.571888 0.668152 0.175966 0.014540
8 0.810622 0.668856 0.074034 0.015009
4 0.561159 0.696060 0.197425 0.015009
8 0.811695 0.696764 0.076180 0.014540
5 0.567597 0.723734 0.186695 0.016886
8 0.811159 0.722561 0.072961 0.013602
4 0.383584 0.750938 0.552575 0.018762
8 0.791845 0.751173 0.111588 0.013602
11 0.592275 0.777674 0.139485 0.014071
8 0.791309 0.777674 0.110515 0.014071
5 0.575107 0.799484 0.173820 0.017355
8 0.798283 0.798546 0.094421 0.015478
4 0.247318 0.844747 0.275751 0.015009
4 0.198498 0.870544 0.163090 0.014071
11 0.396996 0.870779 0.030043 0.015478
11 0.586910 0.872655 0.163090 0.015478
4 0.827790 0.873124 0.155579 0.016417
11 0.142704 0.890244 0.049356 0.014071
6 0.395386 0.891886 0.022532 0.014540
8 0.623391 0.892589 0.092275 0.013133
8 0.870172 0.893527 0.072961 0.013133
11 0.375000 0.914869 0.108369 0.014540
8 0.619635 0.915807 0.093348 0.015478
8 0.870172 0.916510 0.072961 0.015009
5 0.493026 0.956614 0.775751 0.015478
5 0.609979 0.538462 0.108369 0.013133
5 0.783262 0.538696 0.118026 0.012664