0 0.498869 0.193399 0.581448 0.022368
11 0.498869 0.220949 0.726244 0.026187
5 0.494344 0.249318 0.669683 0.026187
1 0.509050 0.275777 0.649321 0.021277
4 0.500566 0.304419 0.546380 0.025095
5 0.498869 0.331969 0.190045 0.024550
5 0.351810 0.384343 0.540724 0.023459
11 0.234729 0.413257 0.304299 0.019094
6 0.158937 0.440535 0.157240 0.021277
5 0.260747 0.468903 0.367647 0.020185
11 0.234729 0.496727 0.308824 0.020185
6 0.158371 0.525095 0.153846 0.021277
5 0.203054 0.581015 0.240950 0.025095
11 0.583710 0.441353 0.070136 0.020731
11 0.582579 0.525095 0.070136 0.021277
11 0.912330 0.385161 0.046380 0.020731
11 0.914027 0.468903 0.047511 0.020185
5 0.826923 0.580742 0.217195 0.022368
4 0.277149 0.633115 0.395928 0.021277
11 0.127262 0.659847 0.109729 0.020185
4 0.347285 0.714403 0.540724 0.021277
3 0.856335 0.634206 0.190045 0.022368
8 0.849548 0.660666 0.178733 0.019640
8 0.799208 0.714403 0.154977 0.021277
2 0.342760 0.771140 0.515837 0.023459
9 0.796946 0.770595 0.290724 0.022368
5 0.369910 0.798963 0.585973 0.021277
5 0.503394 0.853792 0.588235 0.026187
9 0.494910 0.880524 0.412896 0.025095
5 0.509050 0.906710 0.511312 0.026187
8 0.698529 0.440807 0.091629 0.020731
8 0.837670 0.441080 0.116516 0.021277
8 0.699095 0.524004 0.092760 0.021277
8 0.847285 0.524004 0.099548 0.021277