0 0.442369 0.156552 0.630736 0.033103
1 0.439701 0.187931 0.132337 0.018621
1 0.439701 0.212414 0.371398 0.020690
5 0.441302 0.237241 0.139808 0.019310
1 0.445037 0.263793 0.326574 0.021379
9 0.445037 0.289310 0.251868 0.021379
4 0.447705 0.350345 0.387407 0.023448
11 0.133404 0.395172 0.083244 0.017931
5 0.149947 0.425862 0.107791 0.017241
9 0.379936 0.421379 0.202775 0.020690
2 0.654216 0.413103 0.236926 0.022069
10 0.148879 0.451724 0.099253 0.017931
11 0.335112 0.448621 0.113127 0.017241
11 0.638207 0.440000 0.204909 0.017931
5 0.196371 0.479310 0.192102 0.020690
11 0.569370 0.468966 0.071505 0.019310
11 0.131270 0.528276 0.059765 0.015172
11 0.378869 0.523448 0.046958 0.019310
5 0.512273 0.520000 0.098186 0.016552
5 0.657951 0.517241 0.112060 0.019310
4 0.770011 0.515862 0.050160 0.016552
6 0.135539 0.550000 0.068303 0.015862
6 0.383138 0.546207 0.017076 0.016552
3 0.515475 0.543103 0.076841 0.017241
8 0.680363 0.539655 0.073639 0.017241
11 0.776948 0.537931 0.044824 0.017931
5 0.323372 0.572069 0.437567 0.028276
11 0.245464 0.598276 0.125934 0.021379
6 0.388474 0.594828 0.017076 0.017241
8 0.688367 0.587931 0.074707 0.018621
4 0.383671 0.631034 0.395945 0.020690
8 0.693703 0.626207 0.074707 0.017931
5 0.514408 0.658966 0.149413 0.018621
8 0.705977 0.653448 0.065101 0.017241
4 0.508004 0.687931 0.162220 0.015862
8 0.712914 0.683793 0.055496 0.017241
5 0.510672 0.717586 0.156884 0.015862
8 0.707044 0.712414 0.062967 0.019310
4 0.360726 0.752759 0.450374 0.028276
8 0.695838 0.744483 0.076841 0.015862
11 0.529883 0.778966 0.118463 0.018621
8 0.698506 0.775517 0.073639 0.017241
5 0.516542 0.806552 0.140875 0.018621
8 0.705443 0.802759 0.059765 0.017931
4 0.288154 0.863448 0.239061 0.023448
4 0.245464 0.899655 0.134472 0.015862
11 0.397545 0.895862 0.028815 0.017931
11 0.544824 0.890690 0.131270 0.018621
4 0.721985 0.887241 0.127001 0.018621
11 0.204909 0.922759 0.044824 0.016552
6 0.400213 0.917586 0.025614 0.015862
8 0.568837 0.914138 0.078975 0.018621
8 0.758271 0.911034 0.062967 0.016552
11 0.386339 0.952414 0.093917 0.017931
8 0.568837 0.947931 0.081110 0.015862
8 0.757737 0.944138 0.061900 0.020690
4 0.446105 0.322759 0.318036 0.017931