0 0.482419 0.215156 0.630098 0.023610
1 0.494374 0.241051 0.414909 0.023610
11 0.492264 0.266946 0.742616 0.023610
5 0.480309 0.292079 0.721519 0.022087
1 0.495077 0.317593 0.700422 0.024372
4 0.485232 0.342727 0.582278 0.022848
5 0.492264 0.369002 0.649789 0.025133
4 0.483122 0.393374 0.350211 0.022087
5 0.426864 0.470297 0.791842 0.022087
11 0.938115 0.470297 0.050633 0.022087
11 0.135021 0.496573 0.213783 0.021325
6 0.181435 0.523229 0.300985 0.024372
8 0.648383 0.521325 0.210970 0.022087
3 0.858650 0.520944 0.116737 0.021325
5 0.154712 0.574638 0.255977 0.023610
5 0.845992 0.572353 0.237693 0.023610
4 0.240506 0.625286 0.424754 0.022848
8 0.868495 0.623382 0.189873 0.020564
11 0.075949 0.650419 0.095640 0.021325
8 0.867792 0.649276 0.185654 0.022087
4 0.156821 0.702209 0.257384 0.024372
11 0.530239 0.702209 0.163150 0.024372
4 0.763713 0.701066 0.160338 0.023610
4 0.123066 0.727342 0.189873 0.021325
8 0.601266 0.726580 0.113924 0.022848
8 0.847398 0.726580 0.091421 0.019802
2 0.308017 0.805027 0.554149 0.022848
9 0.810127 0.802361 0.303797 0.023610
5 0.295359 0.830160 0.537271 0.022848
5 0.485935 0.880807 0.631505 0.023610
9 0.495077 0.906321 0.461322 0.022848
5 0.495077 0.932216 0.559775 0.021325