0 0.436404 0.217717 0.230196 0.014966
1 0.441040 0.230117 0.067728 0.011830
5 0.437513 0.242446 0.157831 0.012828
1 0.441040 0.255274 0.276960 0.015108
1 0.441040 0.267959 0.278170 0.014253
5 0.436908 0.280787 0.058254 0.010262
4 0.441947 0.293401 0.179198 0.013826
5 0.441242 0.305801 0.205201 0.013826
5 0.384499 0.319056 0.049788 0.010975
4 0.441947 0.331314 0.079621 0.011545
5 0.446483 0.356257 0.072566 0.010405
9 0.376537 0.382768 0.143519 0.012400
2 0.433280 0.394028 0.257005 0.014681
5 0.334207 0.408637 0.058859 0.010832
11 0.565410 0.404005 0.035880 0.010120
5 0.370389 0.419969 0.100585 0.012685
3 0.566015 0.416833 0.037492 0.011545
5 0.362427 0.433082 0.058859 0.009835
5 0.367063 0.445482 0.065309 0.009835
4 0.388127 0.470496 0.162669 0.012828
8 0.566922 0.467075 0.036081 0.009692
11 0.354666 0.483538 0.094941 0.011545
8 0.567325 0.478977 0.038097 0.009835
5 0.354263 0.495938 0.093731 0.012685
8 0.566317 0.492375 0.038097 0.010120
5 0.328059 0.509407 0.046563 0.010547
8 0.567325 0.504561 0.034469 0.009692
4 0.382685 0.532853 0.150574 0.012400
8 0.570046 0.530217 0.029833 0.010832
5 0.442753 0.569199 0.225156 0.013540
5 0.448095 0.582169 0.264866 0.014681
11 0.470772 0.317987 0.094941 0.011973