0 0.481081 0.156863 0.572973 0.027280
5 0.482432 0.192242 0.578378 0.031543
1 0.480405 0.223785 0.663514 0.031543
9 0.481081 0.256607 0.386486 0.027280
4 0.481081 0.286019 0.513514 0.028133
4 0.481081 0.332907 0.191892 0.021313
1 0.270946 0.361466 0.406757 0.028986
11 0.109459 0.391731 0.081081 0.023018
2 0.485811 0.396846 0.422973 0.023018
10 0.127703 0.425831 0.120270 0.026428
11 0.315541 0.427110 0.090541 0.022165
5 0.233108 0.494032 0.182432 0.021313
11 0.535135 0.499147 0.059459 0.023018
11 0.674324 0.495737 0.083784 0.021313
5 0.834459 0.496590 0.131081 0.019608
9 0.247973 0.523870 0.322973 0.019608
6 0.546622 0.526002 0.033784 0.020460
8 0.686486 0.526854 0.064865 0.018755
3 0.854730 0.525575 0.085135 0.017903
5 0.336486 0.557545 0.448649 0.025575
11 0.518919 0.605286 0.089189 0.022165
8 0.856081 0.604007 0.082432 0.019608
5 0.499324 0.638107 0.128378 0.017903
8 0.866216 0.636402 0.067568 0.019608
3 0.310811 0.669650 0.510811 0.026428
8 0.854730 0.670929 0.085135 0.018755
5 0.477703 0.701620 0.177027 0.020460
8 0.856081 0.699488 0.079730 0.019608
9 0.420946 0.731884 0.277027 0.019608
4 0.199324 0.779625 0.201351 0.023018
11 0.392568 0.779625 0.031081 0.021313
5 0.602027 0.782182 0.182432 0.021313
4 0.807432 0.781330 0.128378 0.019608
11 0.112838 0.808610 0.041892 0.019608
8 0.377703 0.812020 0.063514 0.017903
8 0.650676 0.812020 0.085135 0.017903
8 0.839865 0.811168 0.063514 0.019608
5 0.493919 0.874680 0.836486 0.027280
5 0.491892 0.902813 0.800000 0.027280
5 0.492568 0.932651 0.717568 0.027280