0 0.503212 0.124462 0.805139 0.026344
1 0.496253 0.156183 0.183084 0.025269
1 0.497859 0.178763 0.479657 0.024194
5 0.498929 0.201882 0.169165 0.023118
1 0.500535 0.228763 0.425054 0.026344
9 0.498394 0.251344 0.324411 0.023118
4 0.500000 0.285753 0.400428 0.023118
4 0.501606 0.314247 0.491435 0.024194
11 0.105996 0.353226 0.107066 0.017204
5 0.116702 0.382258 0.128480 0.020430
5 0.494111 0.964516 0.799786 0.023656
9 0.421306 0.380914 0.288009 0.025269
2 0.755353 0.379301 0.311563 0.022043
10 0.116702 0.408871 0.141328 0.023118
8 0.843148 0.914516 0.080300 0.020430
11 0.354390 0.409409 0.154176 0.028495
11 0.733405 0.407527 0.267666 0.018280
5 0.176660 0.433871 0.244111 0.020430
11 0.643469 0.432527 0.098501 0.022043
11 0.087259 0.482527 0.086724 0.023118
11 0.404711 0.482527 0.064240 0.023118
5 0.571734 0.482258 0.128480 0.020430
5 0.750000 0.482796 0.146681 0.019355
4 0.891863 0.481183 0.072805 0.020430
6 0.099572 0.508065 0.094218 0.019355
6 0.401499 0.504570 0.038544 0.022043
8 0.571199 0.509677 0.082441 0.020430
3 0.783191 0.505645 0.080300 0.022043
11 0.898287 0.509409 0.059957 0.025269
5 0.265525 0.533602 0.434690 0.024194
11 0.228587 0.559946 0.159529 0.022043
6 0.401499 0.557527 0.029979 0.017204
8 0.788544 0.558602 0.086724 0.019355
4 0.390257 0.597849 0.487152 0.020430
8 0.781049 0.597043 0.080300 0.023118
5 0.544433 0.623925 0.191649 0.022043
8 0.781049 0.623656 0.084582 0.019355
4 0.532120 0.654301 0.199143 0.020430
8 0.780514 0.653495 0.074946 0.023118
5 0.538544 0.683065 0.207709 0.023118
8 0.784261 0.683333 0.082441 0.018280
4 0.353854 0.715323 0.562099 0.027419
8 0.781049 0.716935 0.080300 0.022043
11 0.563704 0.747312 0.144540 0.020430
8 0.779979 0.746237 0.078158 0.020430
5 0.546574 0.775538 0.187366 0.026344
8 0.781049 0.773656 0.080300 0.020430
4 0.267666 0.825000 0.301927 0.024194
4 0.209850 0.857527 0.173448 0.020430
11 0.395075 0.859140 0.036403 0.019355
11 0.573340 0.859409 0.187366 0.022043
4 0.800321 0.859677 0.159529 0.020430
11 0.160600 0.880645 0.070664 0.020430
6 0.397752 0.883065 0.046039 0.023118
8 0.618844 0.882258 0.098501 0.019355
8 0.841006 0.882796 0.082441 0.018280
11 0.382762 0.914785 0.120985 0.022043
8 0.620450 0.914516 0.080300 0.019355