1 0.340032 0.142483 0.583601 0.019231
5 0.160772 0.169143 0.218650 0.018357
5 0.422830 0.196241 0.755627 0.020105
1 0.466238 0.224213 0.810289 0.018357
1 0.303859 0.249563 0.501608 0.016608
11 0.291801 0.277098 0.483923 0.022727
5 0.321543 0.303322 0.536977 0.019231
0 0.448553 0.326923 0.794212 0.017483
4 0.286174 0.354021 0.472669 0.019231
11 0.217846 0.406031 0.062701 0.020105
11 0.385048 0.404283 0.085209 0.020105
11 0.556270 0.404283 0.067524 0.020105
11 0.729904 0.404283 0.070740 0.023601
5 0.322347 0.430507 0.548232 0.020105
6 0.240354 0.459353 0.043408 0.014860
8 0.396302 0.458042 0.069132 0.017483
8 0.558682 0.457168 0.072347 0.019231
8 0.734727 0.457605 0.067524 0.020105
11 0.827170 0.458042 0.049839 0.017483
5 0.286977 0.484703 0.467846 0.020105
6 0.243569 0.510927 0.027331 0.020105
8 0.398714 0.509178 0.073955 0.018357
8 0.558682 0.510490 0.072347 0.017483
8 0.737138 0.509615 0.069132 0.019231
11 0.825563 0.508741 0.046624 0.017483
5 0.192122 0.536276 0.287781 0.020105
6 0.241961 0.563374 0.043408 0.016608
8 0.397106 0.562500 0.067524 0.016608
8 0.562701 0.562500 0.073955 0.018357
8 0.739550 0.562937 0.064309 0.017483
11 0.827974 0.561189 0.048232 0.020979
11 0.135852 0.615385 0.175241 0.020979
3 0.813505 0.613199 0.070740 0.020105
11 0.155949 0.642920 0.225080 0.021853
8 0.816720 0.638986 0.070740 0.020979
11 0.168810 0.694930 0.234727 0.019231
8 0.815916 0.690122 0.069132 0.021853
5 0.149518 0.744755 0.199357 0.017483
8 0.813505 0.746066 0.077170 0.025350
11 0.135048 0.797640 0.173633 0.023601
6 0.492765 0.796329 0.020900 0.020979
11 0.086013 0.849213 0.069132 0.020105
6 0.180868 0.849213 0.059486 0.021853
5 0.367363 0.849213 0.127010 0.018357
8 0.526527 0.848776 0.065916 0.019231
4 0.682476 0.848776 0.075563 0.024476
8 0.816720 0.848776 0.070740 0.019231
2 0.235531 0.900350 0.358521 0.020979
1 0.340836 0.926136 0.575563 0.020105
4 0.228296 0.976836 0.356913 0.020105