0 0.495153 0.091660 0.379645 0.019534
11 0.491922 0.112697 0.185784 0.022539
5 0.493538 0.154395 0.411955 0.020285
1 0.495961 0.175056 0.378029 0.019534
5 0.494346 0.194215 0.226171 0.020285
1 0.496769 0.213373 0.344103 0.019534
4 0.504039 0.233659 0.400646 0.019534
4 0.505654 0.283246 0.210016 0.036063
9 0.383683 0.333584 0.492730 0.022539
2 0.688207 0.354245 0.274637 0.021788
11 0.656704 0.373403 0.211632 0.021037
9 0.289176 0.393689 0.306947 0.019534
5 0.609855 0.394065 0.111470 0.020285
6 0.830372 0.394065 0.096931 0.018783
5 0.242326 0.434636 0.213247 0.021788
5 0.773021 0.434260 0.172859 0.021037
9 0.420840 0.493989 0.570275 0.021788
8 0.307754 0.514275 0.227787 0.020285
3 0.753635 0.514275 0.095315 0.020285
11 0.878029 0.513148 0.040388 0.019534
4 0.375606 0.574005 0.479806 0.022539
8 0.756058 0.572502 0.096931 0.018032
5 0.258481 0.593163 0.245557 0.021788
8 0.764943 0.593163 0.075929 0.018783
11 0.261712 0.613824 0.248788 0.019534
8 0.756058 0.613824 0.096931 0.018032
11 0.176898 0.654020 0.079160 0.020285
8 0.748788 0.653644 0.117932 0.018032
4 0.165590 0.712998 0.059774 0.019534
11 0.255250 0.712246 0.042003 0.019534
6 0.406300 0.712998 0.040388 0.019534
8 0.585622 0.712998 0.095315 0.019534
8 0.768982 0.712998 0.074313 0.019534
4 0.272213 0.732532 0.266559 0.019534
8 0.757674 0.732532 0.096931 0.018032
5 0.253635 0.770849 0.226171 0.019534
6 0.794830 0.770098 0.022617 0.018032
5 0.508078 0.850113 0.547658 0.020285
5 0.285945 0.911345 0.455574 0.033058
11 0.077544 0.948535 0.042003 0.014275
11 0.474960 0.939895 0.084006 0.015026