5 0.477703 0.067575 0.314865 0.021069
5 0.341216 0.124101 0.628378 0.017986
0 0.389189 0.144399 0.721622 0.018499
1 0.359459 0.163926 0.664865 0.018499
11 0.225676 0.183453 0.397297 0.018499
5 0.140541 0.202724 0.224324 0.017986
1 0.210135 0.222765 0.363514 0.017986
5 0.398649 0.241007 0.740541 0.016444
4 0.276351 0.260277 0.495946 0.014902
5 0.391892 0.281089 0.264865 0.015416
10 0.390541 0.299589 0.727027 0.017472
6 0.113514 0.337102 0.135135 0.013361
5 0.219595 0.356886 0.344595 0.013875
11 0.143243 0.375899 0.078378 0.012847
8 0.402703 0.376413 0.097297 0.012847
3 0.713514 0.375385 0.154054 0.014902
4 0.210135 0.414440 0.322973 0.013875
8 0.688514 0.413926 0.095946 0.013875
5 0.160135 0.452980 0.222973 0.013875
11 0.410135 0.452467 0.041892 0.012847
8 0.686486 0.452210 0.097297 0.012333
5 0.152703 0.471994 0.132432 0.013875
11 0.505405 0.471480 0.340541 0.013875
5 0.171622 0.491264 0.170270 0.013361
9 0.412838 0.490750 0.147297 0.013361
4 0.177703 0.529291 0.263514 0.013361
5 0.503378 0.529034 0.187838 0.013875
4 0.720946 0.529034 0.131081 0.014902
11 0.189189 0.548818 0.286486 0.013361
8 0.553378 0.547533 0.095946 0.012847
8 0.753378 0.547020 0.079730 0.013875
11 0.086486 0.586845 0.078378 0.013361
11 0.258108 0.586845 0.078378 0.012333
5 0.409459 0.585817 0.116216 0.013361
11 0.534459 0.585560 0.060811 0.012847
5 0.706081 0.585303 0.139189 0.013361
2 0.183108 0.605601 0.263514 0.012847
6 0.428378 0.605087 0.078378 0.012847
6 0.552703 0.604317 0.027027 0.013361
6 0.706081 0.604317 0.093243 0.011305
5 0.143919 0.625128 0.190541 0.013875
10 0.381081 0.623844 0.170270 0.013361
10 0.647973 0.623330 0.212162 0.013361
6 0.161486 0.643885 0.114865 0.013361
6 0.410811 0.642857 0.116216 0.012333
5 0.637838 0.642086 0.194595 0.012847
5 0.408784 0.682169 0.652703 0.015930
5 0.340541 0.701439 0.513514 0.015416
5 0.387838 0.740236 0.721622 0.016958
9 0.349324 0.759250 0.647297 0.016958
5 0.341216 0.777749 0.633784 0.015930
5 0.283784 0.797533 0.510811 0.015416
9 0.476351 0.859712 0.801351 0.015416