0 0.485520 0.117631 0.729131 0.014876
5 0.488927 0.131680 0.725724 0.015427
5 0.488075 0.145179 0.567291 0.017080
1 0.489779 0.158402 0.172061 0.012672
5 0.485520 0.172176 0.586031 0.014876
5 0.488927 0.186226 0.463373 0.014325
1 0.486371 0.200000 0.611584 0.014325
9 0.487223 0.213223 0.790460 0.014325
4 0.485520 0.226722 0.429302 0.013774
4 0.483816 0.258678 0.483816 0.024793
11 0.102215 0.308264 0.095400 0.012672
2 0.459966 0.336088 0.814310 0.015427
5 0.253833 0.348760 0.412266 0.013223
11 0.672061 0.350413 0.304940 0.014325
11 0.100511 0.374931 0.085179 0.013774
11 0.469336 0.376033 0.066440 0.013774
11 0.637990 0.376584 0.073254 0.014876
5 0.798126 0.377686 0.131175 0.011570
11 0.629472 0.390358 0.080068 0.010468
11 0.821976 0.390909 0.080068 0.012672
6 0.196763 0.402755 0.284497 0.013223
6 0.448893 0.403306 0.018739 0.011019
8 0.630324 0.403857 0.091993 0.012121
8 0.821976 0.405234 0.086882 0.012672
11 0.893526 0.404683 0.028961 0.015978
5 0.258944 0.416804 0.412266 0.013774
6 0.194208 0.429752 0.279387 0.012121
6 0.447189 0.430579 0.018739 0.012672
8 0.629472 0.430579 0.090290 0.013774
8 0.821124 0.431680 0.091993 0.013774
11 0.896082 0.432231 0.040886 0.014876
5 0.403748 0.444628 0.705281 0.015427
11 0.202726 0.471350 0.313458 0.013774
6 0.597104 0.472452 0.045997 0.013774
4 0.540034 0.514325 0.330494 0.013774
11 0.549404 0.527548 0.097104 0.012672
5 0.591993 0.539945 0.185690 0.013223
11 0.211244 0.553168 0.214651 0.013223
11 0.189097 0.566667 0.177172 0.014876
5 0.229131 0.580441 0.264055 0.014876
3 0.869676 0.515152 0.090290 0.012121
8 0.865417 0.528375 0.088586 0.011019
8 0.868825 0.541598 0.088586 0.012121
8 0.825383 0.553994 0.175468 0.012672
8 0.810903 0.568320 0.201022 0.012672
8 0.827939 0.582094 0.177172 0.013774
4 0.479557 0.608540 0.584327 0.017080
4 0.481261 0.634986 0.247019 0.015978
11 0.106474 0.661983 0.097104 0.012672
5 0.467632 0.663085 0.141397 0.014876
11 0.646508 0.663912 0.039182 0.017631
4 0.820273 0.663636 0.158433 0.015978
11 0.086882 0.690083 0.044293 0.012672
8 0.490630 0.690909 0.088586 0.014325
6 0.649063 0.691736 0.023850 0.012672
8 0.850937 0.691736 0.086882 0.012672
4 0.572402 0.731680 0.211244 0.014325
8 0.849233 0.731956 0.097104 0.012672
5 0.477853 0.788154 0.638842 0.012672
5 0.476150 0.801928 0.543441 0.012672
5 0.472743 0.815427 0.747871 0.013223
5 0.478705 0.827824 0.838160 0.012672
1 0.476150 0.841873 0.785349 0.012121
5 0.475298 0.855372 0.459966 0.012672