0 0.469444 0.170596 0.144444 0.012443
5 0.464815 0.183366 0.137037 0.011788
1 0.464815 0.196464 0.124074 0.011788
5 0.464815 0.208251 0.150000 0.011788
5 0.467593 0.220694 0.129630 0.011788
1 0.463426 0.233464 0.178704 0.009823
6 0.468519 0.245252 0.088889 0.009823
4 0.459722 0.261952 0.213889 0.019646
9 0.327778 0.290111 0.064815 0.011788
6 0.408333 0.289784 0.051852 0.011133
2 0.514352 0.290439 0.137963 0.012443
9 0.377778 0.303536 0.166667 0.011133
11 0.529630 0.303209 0.029630 0.010478
6 0.576852 0.302554 0.007407 0.010478
10 0.320370 0.315979 0.051852 0.011133
10 0.403241 0.315652 0.056481 0.010478
11 0.317593 0.328422 0.044444 0.011133
11 0.310185 0.352980 0.033333 0.010478
11 0.398148 0.353307 0.024074 0.012443
5 0.455093 0.352652 0.052778 0.011133
4 0.543981 0.352980 0.075000 0.011788
6 0.468981 0.661100 0.017593 0.009823
9 0.327315 0.377538 0.065741 0.011133
6 0.405093 0.377865 0.008333 0.010478
8 0.466667 0.377538 0.029630 0.011133
8 0.537500 0.377865 0.032407 0.010478
11 0.572222 0.377865 0.018519 0.010478
5 0.326852 0.390308 0.066667 0.010478
9 0.326389 0.403405 0.065741 0.011788
6 0.404630 0.402750 0.009259 0.010478
8 0.465278 0.402750 0.032407 0.010478
8 0.536574 0.402750 0.032407 0.010478
11 0.570833 0.402750 0.017593 0.010478
5 0.333796 0.415521 0.082407 0.011133
9 0.326852 0.428291 0.066667 0.010478
6 0.404630 0.427636 0.007407 0.010478
8 0.464815 0.428291 0.029630 0.010478
8 0.535185 0.427636 0.033333 0.010478
11 0.570833 0.427963 0.017593 0.009823
5 0.341204 0.440733 0.095370 0.011788
11 0.322685 0.465291 0.060185 0.011133
11 0.468519 0.466274 0.007407 0.009168
3 0.561111 0.465619 0.037037 0.011788
11 0.311574 0.490177 0.037963 0.009823
11 0.467593 0.491814 0.007407 0.007859
8 0.560185 0.490504 0.037037 0.010478
11 0.356944 0.519974 0.128704 0.019646
8 0.541667 0.519974 0.070370 0.019646
4 0.357407 0.535691 0.129630 0.011788
11 0.466667 0.536673 0.007407 0.007204
8 0.559259 0.535691 0.037037 0.010478
11 0.467130 0.549443 0.006481 0.009168
8 0.562500 0.547806 0.030556 0.011133
5 0.346296 0.573674 0.111111 0.011788
11 0.306944 0.586117 0.030556 0.010478
8 0.557870 0.585789 0.037963 0.009823
5 0.331019 0.598559 0.080556 0.011788
8 0.561574 0.598232 0.030556 0.011133
4 0.330556 0.623445 0.081481 0.011788
4 0.320833 0.635887 0.062037 0.010478
11 0.365278 0.635560 0.010185 0.011133
5 0.436111 0.636215 0.081481 0.011133
4 0.546296 0.635887 0.059259 0.011788
11 0.298611 0.660445 0.015741 0.011133
6 0.365278 0.660773 0.010185 0.010478
6 0.443056 0.660773 0.006481 0.010478
8 0.561111 0.660773 0.031481 0.011788
5 0.456944 0.685658 0.137963 0.010478
5 0.459259 0.698428 0.127778 0.012443