0 0.501591 0.124800 0.786850 0.024051
1 0.500530 0.154196 0.161188 0.020844
5 0.500000 0.178247 0.461294 0.018707
5 0.498409 0.202298 0.176034 0.020844
1 0.498940 0.230091 0.414634 0.017638
9 0.500000 0.253608 0.317073 0.016569
4 0.497879 0.286745 0.391304 0.018707
4 0.497879 0.311865 0.478261 0.018707
11 0.108165 0.350347 0.103924 0.014431
5 0.122481 0.379743 0.128314 0.016569
9 0.405090 0.381881 0.254507 0.014431
2 0.749205 0.382416 0.293743 0.019776
10 0.121421 0.407536 0.126193 0.015500
11 0.352598 0.409139 0.138918 0.014431
11 0.726405 0.407536 0.248144 0.017638
5 0.176034 0.436398 0.239661 0.020844
11 0.641569 0.435329 0.091198 0.016569
11 0.091198 0.480224 0.078473 0.015500
11 0.402439 0.483431 0.056204 0.019776
5 0.565748 0.481828 0.121951 0.018707
5 0.747084 0.482362 0.141039 0.015500
4 0.887593 0.482362 0.065748 0.017638
6 0.097561 0.506948 0.078473 0.018707
6 0.404030 0.508552 0.021209 0.015500
3 0.565748 0.506948 0.109226 0.014431
8 0.759809 0.508552 0.111347 0.015500
11 0.891304 0.507483 0.051962 0.015500
5 0.321315 0.533672 0.534464 0.021913
11 0.226935 0.559327 0.154825 0.018707
6 0.395016 0.558792 0.024390 0.019776
8 0.760870 0.558792 0.117709 0.019776
4 0.390774 0.596205 0.482503 0.019776
8 0.757688 0.597809 0.111347 0.016569
5 0.539767 0.625601 0.180276 0.017638
8 0.777306 0.625067 0.072110 0.018707
4 0.529692 0.654463 0.198303 0.018707
8 0.774125 0.654997 0.074231 0.015500
5 0.534464 0.683859 0.190880 0.021913
8 0.776246 0.684393 0.069989 0.014431
4 0.353659 0.716996 0.554613 0.020844
8 0.755567 0.716462 0.111347 0.015500
11 0.558324 0.746927 0.138918 0.016569
8 0.756628 0.747461 0.109226 0.015500
5 0.542948 0.775788 0.167550 0.019776
8 0.774125 0.774185 0.074231 0.016569
4 0.262460 0.824960 0.289502 0.019776
4 0.203606 0.858632 0.163309 0.014431
11 0.390774 0.859701 0.028632 0.016569
11 0.571580 0.860235 0.152704 0.017638
4 0.793213 0.859166 0.152704 0.017638
11 0.150053 0.881080 0.056204 0.015500
6 0.389714 0.881614 0.022269 0.014431
8 0.593319 0.882683 0.113468 0.018707
8 0.833510 0.883218 0.076352 0.017638
11 0.380170 0.914217 0.113468 0.018707
8 0.591198 0.914751 0.117709 0.017638
8 0.831389 0.914751 0.072110 0.017638
5 0.490986 0.966061 0.765642 0.018707