5 0.454442 0.119859 0.671982 0.039953
5 0.454442 0.193302 0.699317 0.074031
0 0.455581 0.254407 0.765376 0.024677
1 0.449886 0.279671 0.785877 0.023502
1 0.455581 0.303760 0.601367 0.022327
4 0.458998 0.328437 0.407745 0.022327
5 0.458998 0.363102 0.407745 0.023502
4 0.449886 0.387779 0.234624 0.025852
2 0.218679 0.421269 0.328018 0.027027
6 0.731207 0.422444 0.227790 0.024677
11 0.129841 0.447121 0.145786 0.022327
5 0.240319 0.472385 0.371298 0.025852
11 0.100228 0.508813 0.086560 0.023502
11 0.791572 0.508813 0.148064 0.025852
11 0.301822 0.560517 0.489749 0.025852
3 0.765376 0.559929 0.091116 0.024677
11 0.853075 0.559929 0.025057 0.024677
11 0.159453 0.621034 0.205011 0.038778
8 0.742597 0.621622 0.164009 0.037603
11 0.101367 0.654524 0.088838 0.021152
8 0.744875 0.655699 0.127563 0.021152
5 0.120729 0.679201 0.127563 0.025852
8 0.765376 0.679201 0.086560 0.023502
5 0.182232 0.703290 0.255125 0.022327
6 0.391800 0.703290 0.027335 0.022327
4 0.241458 0.736193 0.164009 0.022327
11 0.449886 0.734430 0.143508 0.023502
4 0.670843 0.736780 0.143508 0.023502
11 0.202733 0.761457 0.086560 0.023502
8 0.482916 0.760870 0.082005 0.024677
8 0.702733 0.760870 0.084282 0.022327
5 0.454442 0.803760 0.589977 0.023502
11 0.455581 0.829612 0.063781 0.014101
5 0.462415 0.853702 0.605923 0.024677
5 0.466970 0.878378 0.451025 0.024677
5 0.448747 0.904230 0.446469 0.019976
11 0.471526 0.965922 0.706150 0.028202