0 0.423611 0.156643 0.357906 0.021323
9 0.420406 0.178513 0.223291 0.022417
5 0.423077 0.204757 0.536325 0.021323
1 0.433226 0.228267 0.622863 0.022417
1 0.425214 0.251777 0.418803 0.021323
4 0.425214 0.274740 0.459402 0.020230
4 0.405983 0.320940 0.418803 0.020776
9 0.201923 0.366320 0.305556 0.019683
10 0.538996 0.367961 0.302350 0.020776
11 0.085470 0.390104 0.076923 0.020230
2 0.382479 0.392017 0.397436 0.019683
5 0.151175 0.438764 0.210470 0.020230
11 0.360577 0.439311 0.058761 0.021323
5 0.528312 0.440131 0.133547 0.018589
11 0.679487 0.439311 0.089744 0.020230
4 0.776175 0.439311 0.056624 0.019136
11 0.113248 0.484418 0.130342 0.021870
11 0.342415 0.509021 0.056624 0.017496
8 0.519765 0.508201 0.077991 0.018043
8 0.690171 0.508748 0.076923 0.019136
11 0.772970 0.509568 0.054487 0.018589
11 0.121261 0.530071 0.152778 0.021323
11 0.342415 0.554401 0.056624 0.018589
8 0.519765 0.554675 0.077991 0.019136
8 0.688034 0.555221 0.087607 0.019136
11 0.773504 0.556042 0.061966 0.019683
5 0.150641 0.577911 0.213675 0.020776
11 0.342415 0.600875 0.054487 0.017496
8 0.520833 0.601422 0.077991 0.017496
8 0.689637 0.601968 0.071581 0.018589
11 0.771902 0.601695 0.056624 0.018043
5 0.131944 0.623018 0.169872 0.020230
11 0.339209 0.645708 0.063034 0.020776
8 0.517094 0.647075 0.079060 0.019136
8 0.688568 0.647348 0.077991 0.018589
11 0.773504 0.647895 0.055556 0.018589
6 0.166132 0.693275 0.244658 0.020776
4 0.252671 0.716785 0.413462 0.020776
3 0.763355 0.717332 0.075855 0.017496
4 0.280449 0.738928 0.471154 0.020230
8 0.762821 0.740569 0.079060 0.018043
11 0.153846 0.761892 0.213675 0.021323
8 0.723825 0.764079 0.150641 0.019136
11 0.098825 0.808912 0.110043 0.020230
8 0.760684 0.810826 0.079060 0.018589
4 0.146902 0.878896 0.206197 0.020230
5 0.515491 0.879989 0.189103 0.021323
4 0.732372 0.879989 0.131410 0.020230
11 0.072650 0.901039 0.057692 0.019683
11 0.290064 0.902132 0.110043 0.021870
8 0.573184 0.902679 0.075855 0.019683
8 0.762286 0.903499 0.077991 0.018043