5 0.512598 0.139538 0.137472 0.012258
0 0.505543 0.153221 0.213667 0.014538
0 0.507761 0.167973 0.183028 0.012685
5 0.520056 0.181585 0.188672 0.013683
5 0.496976 0.195624 0.211852 0.014966
5 0.493852 0.210162 0.312840 0.018672
1 0.524491 0.223845 0.214473 0.013255
4 0.507861 0.237386 0.180004 0.014396
4 0.500302 0.252922 0.197138 0.013540
2 0.403951 0.267959 0.145938 0.013968
9 0.586878 0.264182 0.122758 0.012970
11 0.345999 0.284279 0.029228 0.012970
5 0.446785 0.282355 0.106632 0.012543
5 0.623765 0.277865 0.054626 0.012970
6 0.337029 0.312286 0.008063 0.013968
5 0.452328 0.308509 0.117315 0.014681
11 0.638984 0.305373 0.062891 0.012970
11 0.428744 0.338797 0.070550 0.012543
8 0.607942 0.334521 0.085063 0.012543
4 0.421286 0.353692 0.058859 0.012970
8 0.635154 0.349202 0.037089 0.013968
6 0.339145 0.382982 0.007458 0.014253
11 0.440032 0.380915 0.089901 0.012970
3 0.608748 0.376425 0.086676 0.011973
11 0.414836 0.394741 0.039508 0.013255
8 0.631324 0.390251 0.045958 0.011403
5 0.450010 0.407925 0.108244 0.011973
8 0.616610 0.405573 0.076194 0.012970
4 0.384298 0.452680 0.099778 0.012543
5 0.538097 0.449330 0.055432 0.011260
4 0.640899 0.447121 0.029631 0.012258
4 0.370087 0.467004 0.071357 0.012970
8 0.544447 0.462799 0.045555 0.012258
8 0.637472 0.461802 0.040919 0.011688
5 0.390143 0.481115 0.108244 0.012970
8 0.549083 0.477765 0.039911 0.010262
8 0.636666 0.475556 0.038097 0.011260
0 0.491836 0.521879 0.311631 0.016961
5 0.502721 0.535633 0.240677 0.014253
5 0.497682 0.550100 0.200363 0.012685
5 0.501008 0.564282 0.261439 0.012543
5 0.494658 0.672534 0.242693 0.014681
5 0.488611 0.726767 0.124169 0.012258
5 0.505039 0.741163 0.148156 0.014253
11 0.357085 0.771095 0.028422 0.011403
9 0.471679 0.783637 0.259625 0.016819
9 0.439226 0.797178 0.194719 0.013683