0 0.489238 0.068686 0.915563 0.021331
1 0.483444 0.088311 0.453642 0.019625
1 0.484272 0.109642 0.491722 0.019625
9 0.327815 0.127133 0.307947 0.017065
4 0.491722 0.146758 0.394040 0.018771
4 0.490066 0.188140 0.579470 0.031570
11 0.600993 0.238055 0.440397 0.029010
9 0.089404 0.265358 0.142384 0.018771
2 0.665563 0.267065 0.317881 0.017065
5 0.304636 0.298208 0.572848 0.029863
5 0.254139 0.327218 0.471854 0.017918
5 0.169702 0.346843 0.289735 0.017918
1 0.287252 0.365614 0.538079 0.017918
1 0.224338 0.384812 0.402318 0.018771
2 0.528146 0.404437 0.264901 0.018771
5 0.123344 0.430461 0.223510 0.016212
11 0.298013 0.429181 0.066225 0.017065
11 0.378311 0.429181 0.061258 0.017065
11 0.456954 0.429181 0.066225 0.015358
11 0.533940 0.428754 0.028146 0.016212
11 0.602649 0.428754 0.082781 0.016212
11 0.745033 0.429608 0.142384 0.017918
5 0.110927 0.461604 0.195364 0.017065
8 0.290563 0.460324 0.087748 0.017918
6 0.398179 0.460751 0.024834 0.017065
6 0.475993 0.460324 0.024834 0.016212
6 0.533113 0.460324 0.026490 0.016212
6 0.631623 0.459898 0.028146 0.017065
8 0.767384 0.459898 0.100993 0.015358
5 0.100993 0.479949 0.185430 0.016212
8 0.288907 0.480375 0.081126 0.017065
6 0.398179 0.480802 0.028146 0.016212
6 0.475993 0.479096 0.024834 0.014505
6 0.533113 0.479522 0.026490 0.015358
6 0.631623 0.479949 0.024834 0.014505
8 0.769868 0.479522 0.099338 0.015358
5 0.105960 0.500853 0.178808 0.017065
8 0.290563 0.500427 0.084437 0.016212
6 0.397351 0.500000 0.023179 0.015358
6 0.476821 0.499573 0.023179 0.014505
6 0.533940 0.500000 0.028146 0.015358
6 0.631623 0.499147 0.024834 0.015358
8 0.768212 0.499147 0.102649 0.015358
11 0.469371 0.534983 0.365894 0.034130
8 0.768212 0.533276 0.102649 0.030717
8 0.172185 0.570392 0.317881 0.017918
6 0.396523 0.569966 0.024834 0.017065
6 0.476821 0.569966 0.023179 0.017065
6 0.535596 0.569966 0.028146 0.015358
11 0.624172 0.569539 0.043046 0.016212
8 0.768212 0.569113 0.102649 0.017065
4 0.347682 0.605375 0.586093 0.033276
8 0.769040 0.602816 0.104305 0.028157
4 0.602649 0.643345 0.079470 0.032423
8 0.768212 0.643345 0.109272 0.027304
4 0.357616 0.690273 0.572848 0.037543
8 0.772351 0.687287 0.107616 0.029863
11 0.465232 0.728669 0.354305 0.034130
8 0.770695 0.726536 0.104305 0.028157
11 0.501656 0.771331 0.278146 0.035836
3 0.769868 0.769198 0.105960 0.028157
11 0.062086 0.816980 0.081126 0.017918
5 0.472682 0.838737 0.859272 0.020478
5 0.438742 0.859215 0.748344 0.020478
5 0.478477 0.879266 0.864238 0.017918
4 0.447848 0.898464 0.614238 0.017065
4 0.486755 0.917662 0.615894 0.017918
11 0.280629 0.938567 0.084437 0.017065
5 0.495033 0.960324 0.211921 0.017918
9 0.653146 0.127986 0.302980 0.017065
11 0.742550 0.403157 0.094371 0.017918