5 0.473712 0.079593 0.758584 0.021038
6 0.474785 0.122546 0.217811 0.026999
5 0.472639 0.210028 0.539700 0.048387
0 0.476395 0.251578 0.491416 0.012272
5 0.482833 0.275771 0.291845 0.013675
9 0.486052 0.301718 0.244635 0.010870
4 0.482833 0.319776 0.416309 0.011921
1 0.478004 0.334677 0.574034 0.011571
11 0.478541 0.349053 0.087983 0.010870
5 0.476931 0.363079 0.292918 0.012272
4 0.479614 0.389551 0.336910 0.015428
5 0.151824 0.414621 0.166309 0.012272
9 0.137876 0.438640 0.136266 0.012623
11 0.120708 0.463184 0.099785 0.012623
5 0.219957 0.487027 0.300429 0.011921
6 0.360515 0.438990 0.208155 0.012623
2 0.340129 0.463359 0.212446 0.011571
5 0.707618 0.415498 0.209227 0.014727
5 0.676502 0.439165 0.267167 0.012272
11 0.739270 0.463008 0.160944 0.011571
5 0.172210 0.531031 0.209227 0.012272
5 0.252146 0.555049 0.330472 0.011921
5 0.174356 0.573633 0.110515 0.011921
11 0.584764 0.531557 0.066524 0.014727
6 0.579399 0.554523 0.023605 0.011571
6 0.582082 0.573107 0.022532 0.010870
5 0.729614 0.531732 0.178112 0.012973
8 0.787017 0.554523 0.082618 0.011571
8 0.782189 0.573107 0.081545 0.011571
11 0.893240 0.554874 0.061159 0.011571
11 0.462446 0.601683 0.190987 0.011921
5 0.460837 0.619916 0.185622 0.014727
3 0.751073 0.601683 0.148069 0.011220
11 0.750536 0.619039 0.144850 0.011571
4 0.284871 0.648142 0.434549 0.014376
11 0.716738 0.652525 0.212446 0.016830
11 0.461910 0.694074 0.082618 0.010870
5 0.428648 0.707924 0.155579 0.011921
5 0.441524 0.721950 0.119099 0.012623
8 0.790236 0.694074 0.069742 0.010168
8 0.789700 0.707924 0.072961 0.010519
8 0.787554 0.720722 0.070815 0.010870
11 0.120172 0.769460 0.105150 0.012973
11 0.157189 0.797160 0.162017 0.012973
5 0.552575 0.770337 0.154506 0.011921
8 0.592275 0.796634 0.075107 0.009818
4 0.819742 0.770161 0.072961 0.012272
8 0.820279 0.798387 0.074034 0.010519
5 0.446888 0.855189 0.646996 0.015428
5 0.449571 0.874123 0.652361 0.014727
5 0.448498 0.889902 0.630901 0.015428
5 0.449034 0.906557 0.646996 0.014376
5 0.448498 0.923387 0.545064 0.013675
5 0.447961 0.973177 0.597639 0.015778
2 0.450644 0.990533 0.555794 0.011921
6 0.301502 0.414446 0.094421 0.011921