5 0.427039 0.108009 0.564378 0.012491
0 0.423283 0.125092 0.625536 0.015062
5 0.404506 0.141440 0.435622 0.014695
5 0.414163 0.157605 0.379828 0.014695
1 0.414700 0.173402 0.415236 0.013226
4 0.416845 0.189566 0.528970 0.016165
4 0.396459 0.221896 0.419528 0.014695
5 0.168991 0.259001 0.267167 0.026451
1 0.171674 0.279758 0.272532 0.013593
1 0.217811 0.295922 0.366953 0.014328
5 0.637339 0.296289 0.178112 0.015797
11 0.075107 0.312270 0.079399 0.012491
2 0.373391 0.312270 0.396996 0.013226
10 0.169528 0.328435 0.268240 0.013226
5 0.140558 0.361315 0.210300 0.014328
11 0.348712 0.361315 0.064378 0.013593
5 0.520386 0.361499 0.135193 0.014695
11 0.671137 0.360948 0.097639 0.014328
4 0.768240 0.361499 0.062232 0.013960
5 0.150751 0.392910 0.230687 0.014328
11 0.331009 0.409074 0.061159 0.012123
8 0.512339 0.409258 0.076180 0.013226
8 0.680258 0.409258 0.079399 0.013226
11 0.776288 0.410176 0.043991 0.012858
5 0.177039 0.425974 0.289700 0.014328
11 0.332618 0.441954 0.055794 0.013226
8 0.512339 0.441587 0.078326 0.012491
8 0.683476 0.442138 0.081545 0.013593
11 0.776824 0.441954 0.042918 0.012491
5 0.227468 0.457752 0.384120 0.013960
11 0.333155 0.474467 0.054721 0.012123
8 0.503755 0.474651 0.097639 0.013226
8 0.673820 0.474467 0.094421 0.013593
11 0.776288 0.474100 0.041845 0.012858
5 0.170601 0.490081 0.268240 0.013226
11 0.332618 0.506245 0.060086 0.013226
8 0.503219 0.506429 0.098712 0.014328
8 0.672210 0.506062 0.097639 0.013593
11 0.776288 0.506245 0.041845 0.013226
5 0.199571 0.521859 0.334764 0.014328
11 0.331009 0.538024 0.061159 0.012858
8 0.513412 0.538024 0.074034 0.012123
8 0.681330 0.538024 0.079399 0.012858
11 0.775751 0.538024 0.038627 0.012123
5 0.173283 0.553821 0.277897 0.014328
11 0.331009 0.570904 0.061159 0.013226
8 0.510730 0.570720 0.079399 0.012858
8 0.682940 0.570536 0.078326 0.013226
11 0.776824 0.571087 0.040773 0.012858
4 0.245172 0.602314 0.415236 0.014328
8 0.747854 0.603600 0.103004 0.013226
5 0.216738 0.619398 0.360515 0.013960
8 0.759657 0.619398 0.079399 0.013226
4 0.271996 0.635195 0.473176 0.014695
8 0.747854 0.635562 0.096567 0.013226
5 0.161481 0.651176 0.250000 0.013593
8 0.757511 0.651727 0.079399 0.013226
11 0.145923 0.688464 0.221030 0.024982
3 0.700644 0.689015 0.190987 0.024614
9 0.209764 0.725386 0.342275 0.015062
2 0.493562 0.725569 0.193133 0.012491
11 0.722639 0.726304 0.153433 0.012491
5 0.164163 0.741734 0.246781 0.013226
11 0.077790 0.788391 0.078326 0.013226
8 0.748391 0.789677 0.099785 0.014328
4 0.143777 0.852682 0.210300 0.015430
5 0.511803 0.853049 0.186695 0.013226
4 0.727468 0.853600 0.130901 0.014328
11 0.061159 0.867010 0.042918 0.012491
11 0.286481 0.868663 0.111588 0.015797
8 0.557403 0.868846 0.095494 0.014695
8 0.758584 0.869398 0.077253 0.012123
5 0.415773 0.948567 0.226395 0.014695
5 0.421137 0.965650 0.389485 0.015797
5 0.417918 0.981264 0.535408 0.014695