0 0.503219 0.125268 0.817597 0.027361
1 0.498391 0.154775 0.183476 0.025215
1 0.500536 0.178916 0.481760 0.023069
5 0.501609 0.205740 0.177039 0.023069
1 0.504292 0.230955 0.424893 0.025215
9 0.501073 0.253755 0.326180 0.018240
4 0.501609 0.286749 0.406652 0.025215
4 0.502146 0.315182 0.489270 0.026288
11 0.106760 0.352200 0.108369 0.021996
5 0.120708 0.380633 0.149142 0.021996
9 0.413627 0.382242 0.269313 0.025215
2 0.763412 0.379828 0.322961 0.023605
11 0.739807 0.404238 0.288627 0.025215
10 0.114807 0.408530 0.137339 0.023069
11 0.358369 0.408262 0.171674 0.026824
5 0.498927 0.963519 0.796137 0.018240
8 0.836373 0.912554 0.086910 0.023605
5 0.180258 0.435354 0.259657 0.025215
11 0.650215 0.432672 0.092275 0.023069
11 0.086373 0.482028 0.084764 0.023069
11 0.406116 0.481491 0.082618 0.026288
5 0.569742 0.481491 0.128755 0.024142
5 0.751609 0.480418 0.153433 0.024142
4 0.900751 0.483101 0.078326 0.021996
6 0.098712 0.506974 0.096567 0.019313
6 0.408262 0.508047 0.050429 0.017167
8 0.571352 0.508852 0.086910 0.023069
3 0.778970 0.508047 0.096567 0.019313
11 0.897532 0.506974 0.054721 0.019313
5 0.260730 0.532457 0.433476 0.025215
11 0.226395 0.559281 0.158798 0.023069
6 0.401288 0.556867 0.036481 0.016094
8 0.781116 0.559281 0.100858 0.020923
4 0.394850 0.596298 0.495708 0.024142
8 0.774678 0.595762 0.103004 0.020923
5 0.545064 0.623122 0.190987 0.021996
8 0.784871 0.625805 0.082618 0.020923
4 0.537017 0.652629 0.211373 0.021996
8 0.782725 0.653165 0.078326 0.023069
5 0.540773 0.682672 0.195279 0.021996
8 0.785944 0.682403 0.078326 0.019313
4 0.355687 0.715933 0.569742 0.026288
8 0.772532 0.717006 0.098712 0.021996
11 0.561695 0.745708 0.149142 0.017167
8 0.773605 0.745708 0.092275 0.019313
5 0.544528 0.773873 0.179185 0.023069
8 0.783798 0.773069 0.089056 0.017167
4 0.263948 0.826448 0.302575 0.024142
4 0.207618 0.857564 0.172747 0.020923
11 0.396459 0.857028 0.043991 0.021996
11 0.580472 0.858101 0.169528 0.021996
4 0.804721 0.857028 0.158798 0.021996
11 0.155579 0.880633 0.062232 0.020923
6 0.398069 0.881706 0.034335 0.020923
8 0.609979 0.881170 0.112661 0.024142
8 0.841738 0.883315 0.084764 0.021996
11 0.378219 0.912822 0.119099 0.023069
8 0.611588 0.914163 0.103004 0.019313