0 0.489177 0.203840 0.489177 0.021457
0 0.477273 0.228120 0.415584 0.021457
11 0.477273 0.253247 0.727273 0.023151
5 0.475649 0.277809 0.685065 0.023715
1 0.490260 0.301807 0.666667 0.020892
4 0.479978 0.326369 0.544372 0.023715
5 0.484307 0.350649 0.801948 0.023715
4 0.479437 0.372671 0.283550 0.020327
5 0.283550 0.420384 0.458874 0.023151
11 0.910714 0.425184 0.044372 0.019198
11 0.218615 0.444664 0.322511 0.020892
6 0.129329 0.467815 0.146104 0.019763
6 0.547619 0.469791 0.021645 0.018069
11 0.590909 0.470356 0.023810 0.020327
8 0.690476 0.471485 0.084416 0.021457
8 0.842532 0.472614 0.087662 0.020327
11 0.126623 0.515246 0.142857 0.023151
11 0.234307 0.518069 0.011905 0.015246
6 0.279221 0.516940 0.019481 0.019763
11 0.777597 0.521174 0.128788 0.023715
11 0.877706 0.523151 0.012987 0.017504
6 0.920996 0.521174 0.019481 0.019198
4 0.214286 0.563806 0.324675 0.022021
8 0.854437 0.569170 0.154762 0.020327
5 0.256494 0.588368 0.422078 0.021457
8 0.840368 0.592038 0.174242 0.020892
11 0.189394 0.611237 0.285714 0.022021
3 0.853896 0.616036 0.155844 0.020327
11 0.089286 0.634105 0.089827 0.019198
8 0.842532 0.639752 0.178571 0.021457
5 0.110390 0.657820 0.132035 0.020327
8 0.843074 0.664314 0.177489 0.020892
4 0.163961 0.707228 0.245671 0.025409
11 0.519481 0.710333 0.149351 0.022586
4 0.740260 0.711180 0.151515 0.022021
4 0.141234 0.730378 0.198052 0.022021
8 0.596861 0.733484 0.085498 0.020327
8 0.818182 0.735178 0.088745 0.019198
2 0.132035 0.800960 0.173160 0.022021
11 0.294372 0.802654 0.106061 0.019763
11 0.414502 0.803219 0.084416 0.019763
11 0.529762 0.804630 0.087662 0.020327
11 0.661797 0.805195 0.042208 0.020327
9 0.814394 0.806324 0.217532 0.020327
10 0.304654 0.826652 0.531385 0.022586
5 0.469697 0.875776 0.599567 0.023715
9 0.479437 0.899774 0.435065 0.022021
5 0.478896 0.923772 0.527056 0.023715