0 0.457407 0.212181 0.268519 0.010478
2 0.457870 0.223314 0.099074 0.009168
1 0.457870 0.236084 0.060185 0.009823
1 0.458333 0.246234 0.233333 0.010478
1 0.457407 0.259005 0.175926 0.009823
4 0.455556 0.269483 0.074074 0.008513
9 0.392593 0.280288 0.166667 0.009168
11 0.321759 0.296660 0.025000 0.009168
11 0.412963 0.297970 0.018519 0.009168
11 0.590741 0.297642 0.027778 0.008513
9 0.405093 0.311395 0.189815 0.009823
8 0.323611 0.323510 0.030556 0.007859
6 0.405556 0.324165 0.007407 0.009168
8 0.587963 0.324492 0.029630 0.007204
9 0.388426 0.341519 0.156481 0.011133
8 0.323611 0.354289 0.030556 0.007859
6 0.405093 0.354617 0.006481 0.008513
8 0.586111 0.355272 0.029630 0.008513
3 0.549074 0.375900 0.105556 0.009168
4 0.555556 0.387688 0.092593 0.010478
3 0.559259 0.399804 0.087037 0.008513
5 0.346296 0.414866 0.079630 0.009823
5 0.581019 0.416503 0.041667 0.007859
11 0.324537 0.428291 0.034259 0.007859
8 0.586111 0.429928 0.027778 0.008513
5 0.328704 0.440079 0.040741 0.009168
8 0.585185 0.441388 0.029630 0.007859
4 0.340278 0.468893 0.065741 0.009168
5 0.481481 0.469548 0.044444 0.009168
4 0.586111 0.469876 0.027778 0.009823
4 0.341204 0.481991 0.069444 0.009168
8 0.493981 0.482318 0.019444 0.007204
8 0.589815 0.483301 0.020370 0.006549
4 0.451852 0.499673 0.140741 0.009168
5 0.451852 0.512115 0.190741 0.010478
4 0.451852 0.523903 0.127778 0.011788
5 0.451389 0.536018 0.139815 0.009823
5 0.450000 0.546824 0.174074 0.009168
5 0.450463 0.558939 0.152778 0.011133