0 0.477660 0.135891 0.574468 0.015035
1 0.467021 0.152274 0.410638 0.014649
11 0.462766 0.167695 0.719149 0.016962
5 0.464894 0.185428 0.678723 0.016191
1 0.479255 0.201619 0.658511 0.015420
4 0.468085 0.217232 0.544681 0.015806
5 0.466489 0.234194 0.584043 0.015806
4 0.466489 0.250386 0.247872 0.015035
5 0.291489 0.283346 0.497872 0.016962
11 0.179787 0.299152 0.285106 0.015420
6 0.181383 0.314958 0.288298 0.013878
6 0.181915 0.331342 0.282979 0.013493
11 0.191489 0.347918 0.310638 0.015035
6 0.114894 0.363724 0.157447 0.015806
5 0.246809 0.380301 0.417021 0.013493
11 0.236170 0.396685 0.397872 0.016191
6 0.116489 0.413840 0.150000 0.013493
11 0.170213 0.429838 0.263830 0.016191
11 0.203723 0.446029 0.330851 0.015420
6 0.181915 0.462221 0.285106 0.013107
5 0.215426 0.478604 0.352128 0.014264
11 0.180319 0.494988 0.284043 0.015420
6 0.117021 0.511372 0.157447 0.013493
9 0.323404 0.527371 0.578723 0.013878
11 0.137766 0.543755 0.196809 0.013493
6 0.116489 0.560717 0.154255 0.014264
5 0.269681 0.577679 0.467021 0.015035
11 0.182447 0.592714 0.284043 0.014264
6 0.116489 0.609483 0.156383 0.014649
5 0.280851 0.625482 0.480851 0.013493
11 0.171277 0.642059 0.265957 0.015035
6 0.114362 0.657864 0.150000 0.015035
5 0.159043 0.690825 0.243617 0.014649
8 0.621809 0.315729 0.196809 0.013878
8 0.623404 0.364880 0.193617 0.015035
8 0.623936 0.413840 0.196809 0.015806
8 0.622340 0.462799 0.193617 0.016577
8 0.620745 0.511951 0.196809 0.013107
8 0.621809 0.561103 0.194681 0.013493
8 0.622340 0.609676 0.193617 0.015035
8 0.621809 0.659214 0.198936 0.015420
11 0.793085 0.691596 0.243617 0.016191
11 0.895213 0.283924 0.043617 0.015035
8 0.829787 0.315921 0.089362 0.014264
11 0.896277 0.332691 0.043617 0.013878
8 0.831383 0.365652 0.090426 0.014264
11 0.896277 0.381843 0.043617 0.013493
8 0.829255 0.414418 0.090426 0.013878
11 0.897340 0.430802 0.043617 0.014264
8 0.828723 0.463763 0.085106 0.014649
11 0.894149 0.479375 0.043617 0.015806
8 0.821277 0.512529 0.104255 0.015035
11 0.895213 0.528720 0.045745 0.013493
8 0.829255 0.561874 0.090426 0.015035
11 0.896277 0.578450 0.043617 0.015035
8 0.829787 0.610447 0.087234 0.015806
11 0.898404 0.626638 0.041489 0.015806
8 0.829255 0.659599 0.084043 0.015420
4 0.237766 0.722244 0.394681 0.015806
11 0.075000 0.738628 0.062766 0.013107
11 0.445745 0.755590 0.282979 0.016191
3 0.831915 0.723786 0.174468 0.014264
8 0.829255 0.739977 0.175532 0.015035
5 0.194149 0.772167 0.305319 0.014649
4 0.161170 0.804549 0.239362 0.014649
4 0.126596 0.820547 0.178723 0.014264
11 0.511170 0.805320 0.150000 0.014649
8 0.578191 0.820740 0.107447 0.015420
4 0.730851 0.804742 0.151064 0.016577
8 0.807447 0.820355 0.089362 0.014649
2 0.130319 0.868350 0.173404 0.013493
5 0.183511 0.885312 0.286170 0.015035
11 0.292553 0.869121 0.102128 0.012722
11 0.468617 0.869507 0.198936 0.013493
9 0.775532 0.869121 0.282979 0.015806
5 0.567021 0.885312 0.444681 0.015806
5 0.469149 0.917502 0.591489 0.014649
9 0.478723 0.933693 0.436170 0.013878
5 0.478723 0.950463 0.519149 0.014264