0 0.506048 0.195816 0.729839 0.024005
9 0.478495 0.221879 0.250000 0.022634
4 0.489919 0.245885 0.426075 0.021262
1 0.488575 0.269547 0.622312 0.021948
5 0.488575 0.293553 0.393817 0.019204
11 0.485887 0.316872 0.353495 0.021948
4 0.480511 0.342936 0.286290 0.024691
9 0.266801 0.389918 0.474462 0.019890
2 0.209005 0.413923 0.366935 0.022634
10 0.180108 0.438272 0.301075 0.019204
2 0.327957 0.462963 0.599462 0.021948
11 0.928091 0.458848 0.049731 0.021948
6 0.043683 0.509945 0.020161 0.019890
5 0.368280 0.509945 0.295699 0.019890
8 0.911290 0.508230 0.086022 0.020576
6 0.043011 0.559328 0.024194 0.018519
11 0.171371 0.557956 0.186828 0.019890
8 0.911962 0.555556 0.087366 0.023320
4 0.147177 0.581276 0.122312 0.018519
8 0.909946 0.579904 0.083333 0.019890
5 0.201613 0.604938 0.233871 0.021948
8 0.895833 0.602538 0.114247 0.019890
11 0.170699 0.670782 0.177419 0.020576
3 0.905242 0.662209 0.092742 0.033608
11 0.127016 0.693416 0.081989 0.021948
8 0.909274 0.691358 0.095430 0.021948
5 0.147177 0.731481 0.125000 0.021262
8 0.910618 0.723594 0.087366 0.037037
5 0.488575 0.803155 0.622312 0.020576
5 0.487903 0.826475 0.779570 0.019204
4 0.487903 0.849108 0.537634 0.021948