4 0.468656 0.139895 0.087482 0.009550
5 0.471478 0.152509 0.104818 0.008837
4 0.470671 0.168615 0.201169 0.011688
0 0.470369 0.183010 0.256198 0.010547
1 0.470974 0.195909 0.289256 0.012115
1 0.470772 0.209806 0.156622 0.010547
5 0.372707 0.259122 0.112477 0.009122
5 0.549990 0.257910 0.097763 0.009835
11 0.341766 0.294684 0.043338 0.008694
11 0.430961 0.293971 0.044749 0.010975
11 0.509978 0.293543 0.020964 0.010120
11 0.587583 0.292047 0.085467 0.011973
5 0.359907 0.308438 0.084056 0.009122
11 0.445878 0.306656 0.074179 0.008124
11 0.518242 0.306229 0.034267 0.008124
2 0.581234 0.304946 0.077202 0.008124
5 0.392864 0.328606 0.145535 0.008694
11 0.405967 0.342717 0.172143 0.010690
5 0.353255 0.367588 0.068736 0.009407
11 0.428946 0.366234 0.037896 0.008124
5 0.487200 0.365664 0.052812 0.011545
11 0.547974 0.364453 0.037291 0.009122
11 0.606934 0.363954 0.042733 0.008694
6 0.331687 0.386759 0.008264 0.008409
11 0.369986 0.385334 0.035275 0.008694
11 0.420177 0.386474 0.031244 0.010975
5 0.493751 0.384763 0.064302 0.009550
8 0.602499 0.383623 0.044749 0.010120
8 0.555432 0.409493 0.034469 0.007127
8 0.601895 0.408780 0.040718 0.007697
11 0.364947 0.428948 0.092925 0.008124
11 0.498085 0.427452 0.008063 0.005701
11 0.357992 0.445054 0.074582 0.008124
11 0.496573 0.444270 0.005442 0.006842
8 0.570953 0.442631 0.039710 0.008124
5 0.380770 0.461231 0.120137 0.009122
11 0.498186 0.460946 0.009474 0.007697
8 0.575993 0.459877 0.035275 0.010120
11 0.364342 0.477836 0.088087 0.010120
11 0.496876 0.477052 0.010885 0.007127
3 0.575086 0.474986 0.031848 0.008694
5 0.349426 0.495510 0.060270 0.008694
11 0.496876 0.493800 0.003225 0.007269
8 0.571256 0.492375 0.041927 0.008124
5 0.360512 0.512044 0.080024 0.010120
11 0.497077 0.510262 0.006047 0.005701
8 0.570450 0.508338 0.042330 0.007554
6 0.332090 0.527580 0.024390 0.009550
4 0.401028 0.527580 0.099778 0.008409
6 0.613082 0.804590 0.008264 0.009122
11 0.497077 0.527152 0.006047 0.006699
8 0.574078 0.524729 0.036686 0.008694
5 0.470268 0.553521 0.243902 0.008694
5 0.471377 0.570767 0.168716 0.008694
5 0.470369 0.584236 0.115098 0.007982
5 0.470268 0.598133 0.208426 0.009550
5 0.473997 0.611460 0.300141 0.010547
5 0.470470 0.626069 0.178996 0.010120
9 0.469260 0.640465 0.226970 0.010975
5 0.459182 0.661132 0.256803 0.010120
5 0.458980 0.673603 0.145535 0.009977
11 0.460290 0.689852 0.203386 0.009122
5 0.460391 0.702537 0.145535 0.009122
5 0.459686 0.726197 0.273130 0.009977
5 0.459484 0.738954 0.241282 0.008124
5 0.459484 0.751354 0.201371 0.008694
5 0.427535 0.762400 0.082645 0.010547
11 0.435094 0.780929 0.017537 0.009122
5 0.391353 0.793686 0.089700 0.007839
11 0.492441 0.793258 0.014110 0.006414
11 0.564201 0.792332 0.019754 0.008552
0 0.421286 0.806300 0.057650 0.009122
11 0.498791 0.805373 0.031647 0.008979
11 0.482564 0.780502 0.017335 0.009407
6 0.612679 0.804661 0.008264 0.007554