0 0.445676 0.136474 0.265269 0.016676
4 0.445374 0.148731 0.183229 0.016106
1 0.443661 0.161702 0.342270 0.016676
1 0.451119 0.173247 0.330175 0.016676
5 0.448196 0.186859 0.150574 0.013683
11 0.293792 0.238669 0.036888 0.012115
5 0.379561 0.237315 0.063697 0.010262
9 0.314856 0.251710 0.076597 0.011688
2 0.446785 0.247577 0.170329 0.013968
11 0.290667 0.264111 0.030639 0.010547
2 0.390546 0.261474 0.083652 0.012115
11 0.468656 0.259265 0.055231 0.011688
5 0.322616 0.275869 0.092119 0.012115
11 0.390849 0.273731 0.030639 0.010975
5 0.326648 0.288341 0.100181 0.012828
9 0.440637 0.285348 0.114090 0.013683
5 0.448801 0.309507 0.129208 0.014396
5 0.358194 0.336944 0.158033 0.013968
5 0.308002 0.350485 0.058859 0.010547
5 0.327152 0.362742 0.092723 0.011688
5 0.309212 0.374929 0.058859 0.010975
5 0.344789 0.386616 0.129208 0.013255
5 0.310220 0.399444 0.058859 0.010975
5 0.378855 0.409991 0.192905 0.016676
5 0.310220 0.424102 0.056843 0.010975
5 0.353860 0.436217 0.144124 0.013255
5 0.311429 0.448760 0.056843 0.010975
6 0.495565 0.332811 0.007458 0.010262
6 0.496372 0.357184 0.005846 0.010547
6 0.497380 0.382982 0.005846 0.010547
6 0.498287 0.407070 0.006450 0.010262
6 0.499395 0.431157 0.008668 0.010547
11 0.548176 0.331100 0.044951 0.010547
8 0.544245 0.343999 0.051199 0.011545
11 0.549184 0.355901 0.042935 0.011688
8 0.546563 0.369227 0.051401 0.010975
11 0.549788 0.381200 0.044951 0.009835
8 0.547369 0.392888 0.055029 0.010975
11 0.551401 0.405573 0.044951 0.009835
8 0.547974 0.417474 0.050998 0.010547
11 0.551804 0.430587 0.041725 0.011688
8 0.548680 0.443130 0.052409 0.011688
11 0.583955 0.330388 0.014916 0.010547
11 0.584761 0.355331 0.014513 0.010547
11 0.585265 0.380416 0.015521 0.010547
11 0.586878 0.404433 0.015521 0.010975
11 0.587382 0.429019 0.013304 0.010262
4 0.461399 0.468857 0.112477 0.013255
11 0.584862 0.466220 0.049788 0.009407
5 0.489216 0.481186 0.060069 0.010547
11 0.589901 0.478478 0.044951 0.010547
11 0.471981 0.502352 0.077202 0.012115
3 0.561278 0.496294 0.100181 0.020525
11 0.485184 0.526012 0.071357 0.013255
11 0.586878 0.523803 0.053014 0.010262
5 0.498287 0.538127 0.043943 0.010975
11 0.587986 0.536132 0.054021 0.009835
11 0.344386 0.568273 0.116710 0.011403
5 0.315461 0.592503 0.058859 0.010547
4 0.328462 0.617018 0.080427 0.010262
11 0.479036 0.588441 0.044951 0.009835
4 0.329168 0.641961 0.079823 0.009407
11 0.315057 0.653578 0.050393 0.012115
11 0.316166 0.665906 0.051401 0.011688
11 0.395989 0.639681 0.030034 0.010262
6 0.386112 0.652223 0.009071 0.010262
6 0.385305 0.663840 0.008668 0.009835
5 0.458678 0.637543 0.073977 0.012828
8 0.442552 0.650656 0.036485 0.009407
8 0.438621 0.663056 0.029430 0.010547
4 0.533259 0.635761 0.049385 0.012115
8 0.523886 0.649159 0.030639 0.008694
8 0.523987 0.661345 0.030034 0.009407
2 0.325539 0.691063 0.073372 0.012115
11 0.397904 0.689282 0.055231 0.011688