6 0.435326 0.144849 0.116304 0.043825
0 0.393478 0.204326 0.623913 0.023904
1 0.385326 0.231645 0.179348 0.025043
5 0.390217 0.256118 0.339130 0.021628
5 0.394565 0.278884 0.650000 0.023904
5 0.396196 0.305065 0.442391 0.027319
5 0.408152 0.330677 0.764130 0.023904
1 0.407065 0.356289 0.757609 0.025043
5 0.395109 0.381901 0.168478 0.025043
4 0.400543 0.406944 0.490217 0.025043
5 0.403804 0.433125 0.768478 0.025043
11 0.411413 0.458736 0.411957 0.025043
4 0.406522 0.484348 0.226087 0.023904
5 0.414674 0.535572 0.207609 0.029596
9 0.229891 0.582242 0.398913 0.025043
2 0.297826 0.608423 0.547826 0.023904
11 0.663587 0.607285 0.161957 0.023904
5 0.107065 0.630051 0.170652 0.021628
11 0.726630 0.634035 0.094565 0.018213
5 0.148370 0.658509 0.166304 0.019351
8 0.737500 0.659078 0.081522 0.020489
5 0.170109 0.681844 0.218478 0.019351
8 0.734239 0.683552 0.079348 0.025043
4 0.259239 0.732499 0.475000 0.027319
3 0.736413 0.734775 0.083696 0.022766
11 0.154348 0.756403 0.256522 0.023904
8 0.734239 0.759818 0.088043 0.023904
5 0.161957 0.783153 0.267391 0.020489
8 0.720109 0.784291 0.103261 0.020489
5 0.085326 0.809903 0.131522 0.023904
8 0.726630 0.810472 0.111957 0.025043
4 0.225543 0.858850 0.411957 0.029596
8 0.741848 0.861696 0.094565 0.023904
5 0.386957 0.934548 0.615217 0.031873