0 0.452730 0.227719 0.561917 0.033988
5 0.461385 0.260952 0.533955 0.033988
5 0.452730 0.291163 0.282290 0.024924
1 0.461385 0.324396 0.419441 0.026435
5 0.450067 0.354607 0.439414 0.027946
4 0.462716 0.387840 0.499334 0.026435
1 0.470040 0.418429 0.561917 0.027190
11 0.141145 0.480740 0.146471 0.024924
6 0.468708 0.482628 0.122503 0.024169
2 0.788948 0.483761 0.161119 0.026435
5 0.344208 0.545695 0.541944 0.026435
3 0.776964 0.546073 0.182423 0.027190
8 0.229028 0.575529 0.242344 0.024169
4 0.368842 0.639728 0.601864 0.027190
8 0.780293 0.640483 0.095872 0.024169
5 0.600533 0.671450 0.138482 0.024169
8 0.779627 0.670695 0.102530 0.024169
5 0.579893 0.702417 0.182423 0.024169
11 0.801598 0.701284 0.063915 0.029456
4 0.179760 0.768505 0.223702 0.030967
5 0.489348 0.766239 0.203728 0.023414
4 0.778296 0.766239 0.134487 0.024924
11 0.135819 0.796450 0.133156 0.024924
8 0.539947 0.795695 0.102530 0.024924
11 0.818242 0.795695 0.062583 0.029456
5 0.454727 0.892749 0.563249 0.030211
9 0.460719 0.922583 0.782956 0.029456