5 0.388430 0.167617 0.324128 0.012258
0 0.392360 0.181727 0.207418 0.013113
1 0.388027 0.194983 0.079823 0.011403
5 0.387120 0.209664 0.207418 0.011403
1 0.388329 0.223062 0.290466 0.010547
9 0.389135 0.237030 0.115501 0.013683
5 0.388027 0.251140 0.229792 0.012543
4 0.383794 0.279148 0.089498 0.010975
4 0.383592 0.292403 0.152389 0.010975
5 0.267184 0.336089 0.081637 0.012828
11 0.508264 0.334450 0.081637 0.013255
1 0.272425 0.363170 0.090506 0.012543
5 0.520560 0.362243 0.059464 0.012115
2 0.388430 0.376354 0.146745 0.010975
11 0.323120 0.396807 0.195122 0.020810
5 0.375126 0.426881 0.060069 0.012543
6 0.232312 0.441562 0.005846 0.009407
6 0.232312 0.455601 0.007055 0.010975
6 0.232010 0.469783 0.006450 0.011403
6 0.232312 0.483253 0.007055 0.010975
6 0.231707 0.496936 0.007055 0.010975
11 0.275650 0.441135 0.034872 0.011688
5 0.331687 0.454675 0.130820 0.010547
5 0.339750 0.468643 0.145737 0.011403
5 0.335719 0.482754 0.153800 0.011403
5 0.322314 0.496936 0.133441 0.012400
11 0.504435 0.439994 0.056239 0.011688
11 0.527313 0.453535 0.009675 0.010547
11 0.527817 0.467930 0.010683 0.010547
11 0.507055 0.482112 0.049788 0.010975
11 0.506853 0.495795 0.049385 0.010975
11 0.287744 0.524230 0.075186 0.013398
5 0.298730 0.539339 0.092723 0.011688
4 0.279379 0.552238 0.058456 0.010975
11 0.274945 0.566847 0.047168 0.011403
5 0.285628 0.580673 0.074582 0.013398
11 0.274441 0.594997 0.054223 0.012970
11 0.269704 0.608823 0.048780 0.012970
11 0.274541 0.622719 0.040718 0.011973
5 0.293489 0.637044 0.089498 0.010975
0 0.288047 0.650727 0.074582 0.014396
8 0.495465 0.523304 0.048780 0.014396
8 0.498287 0.537913 0.034267 0.010547
8 0.499698 0.552309 0.035880 0.011973
8 0.494961 0.565636 0.045354 0.013255
8 0.498085 0.580530 0.036686 0.011973
3 0.495465 0.593714 0.044749 0.011545
8 0.494255 0.607540 0.039911 0.012400
8 0.493953 0.621936 0.041725 0.010975
8 0.494054 0.635904 0.040718 0.010975
11 0.498287 0.649729 0.034267 0.009835
2 0.386817 0.678806 0.241887 0.013540
5 0.389841 0.705673 0.073372 0.010262
5 0.390647 0.719997 0.137069 0.010975
4 0.388329 0.733965 0.204596 0.012970
4 0.373009 0.761260 0.247329 0.011973
4 0.317779 0.776796 0.138480 0.011973
8 0.458174 0.776083 0.031042 0.011688
4 0.313747 0.790051 0.131224 0.011688
8 0.458073 0.788982 0.033259 0.010975
11 0.534469 0.649587 0.010280 0.007269