0 0.524894 0.270738 0.177787 0.012685
1 0.523685 0.283994 0.116106 0.010690
1 0.523685 0.298603 0.147148 0.012543
5 0.523282 0.312856 0.145132 0.012543
5 0.514614 0.354119 0.145938 0.013255
6 0.513203 0.367588 0.079016 0.012258
9 0.517940 0.395168 0.168716 0.011260
4 0.517436 0.410419 0.295505 0.012115
5 0.521871 0.424173 0.273332 0.012258
2 0.430155 0.451112 0.151985 0.011688
10 0.594033 0.450470 0.099174 0.011260
1 0.449809 0.465507 0.192905 0.013683
11 0.369079 0.494014 0.034267 0.012543
5 0.514715 0.493158 0.057851 0.011973
5 0.620439 0.493586 0.090708 0.013683
11 0.362427 0.520525 0.025801 0.011973
11 0.479339 0.520097 0.016529 0.012543
3 0.600585 0.520026 0.017940 0.012970
8 0.643519 0.520097 0.043338 0.011973
11 0.511590 0.548318 0.097561 0.013398
11 0.478533 0.561716 0.036283 0.011973
11 0.598770 0.561716 0.018343 0.013398
1 0.514513 0.590080 0.298125 0.012258
11 0.518041 0.604475 0.243902 0.011688
11 0.525297 0.520525 0.041121 0.011688
8 0.642814 0.561075 0.043136 0.012115