0 0.489886 0.180383 0.764855 0.015010
9 0.482933 0.199275 0.204804 0.017598
1 0.490518 0.219462 0.761062 0.015528
1 0.490518 0.238872 0.450063 0.016046
4 0.491150 0.257505 0.527181 0.017081
4 0.472187 0.277433 0.413401 0.016563
5 0.263590 0.296066 0.297092 0.015528
1 0.309102 0.315994 0.322377 0.015010
1 0.700379 0.316770 0.262958 0.015528
11 0.149178 0.335145 0.080910 0.016046
2 0.446903 0.335921 0.393173 0.014493
10 0.301517 0.355331 0.380531 0.016046
11 0.728192 0.356366 0.131479 0.017081
6 0.862832 0.355849 0.021492 0.015010
11 0.140329 0.396222 0.058154 0.016046
5 0.329962 0.396222 0.209861 0.016046
4 0.785714 0.395186 0.170670 0.016046
6 0.180784 0.433747 0.015171 0.013458
11 0.615044 0.434524 0.021492 0.013975
11 0.738306 0.434265 0.149178 0.016563
5 0.188369 0.454193 0.154235 0.016046
6 0.178887 0.473344 0.013906 0.015010
11 0.616941 0.473861 0.020228 0.016046
11 0.740202 0.473602 0.150442 0.014493
5 0.309735 0.493271 0.396966 0.016563
6 0.179520 0.512164 0.015171 0.015010
11 0.615676 0.512422 0.020228 0.014493
11 0.738306 0.512681 0.154235 0.015010
5 0.198483 0.531315 0.169406 0.015010
6 0.180152 0.551760 0.013906 0.014493
11 0.614412 0.551242 0.020228 0.014493
11 0.740834 0.551760 0.149178 0.014493
5 0.235145 0.570911 0.252845 0.016563
6 0.182048 0.591097 0.015171 0.013458
11 0.616308 0.590839 0.026549 0.016046
11 0.748420 0.591615 0.136536 0.016563
5 0.205436 0.609731 0.190898 0.016563
6 0.181416 0.630435 0.013906 0.014493
11 0.614412 0.630952 0.022756 0.015528
11 0.742731 0.631211 0.150442 0.016046
5 0.233881 0.652174 0.245259 0.018634
6 0.181416 0.670807 0.013906 0.014493
11 0.614412 0.671325 0.025284 0.015528
11 0.748420 0.671066 0.131479 0.016046
5 0.186473 0.690217 0.152971 0.017081
4 0.318584 0.727226 0.414665 0.015528
3 0.816056 0.727484 0.112516 0.015010
4 0.348925 0.746636 0.470291 0.016046
8 0.816056 0.746894 0.112516 0.014493
11 0.220607 0.765787 0.216182 0.017081
8 0.762326 0.765787 0.214918 0.016046
5 0.197851 0.803054 0.170670 0.016046
2 0.567636 0.804607 0.192162 0.016046
11 0.795196 0.804607 0.151707 0.016046
10 0.292035 0.822723 0.361568 0.016046
11 0.166877 0.841874 0.113780 0.016046
8 0.816056 0.841874 0.112516 0.015010
4 0.216814 0.881470 0.211125 0.017598
5 0.585335 0.881211 0.187105 0.016046
4 0.803413 0.881470 0.127686 0.015528
11 0.131479 0.899068 0.037927 0.014493
11 0.359039 0.899845 0.108723 0.017081
8 0.625158 0.899586 0.112516 0.014493
8 0.832491 0.900880 0.077118 0.013975
5 0.481037 0.957039 0.362832 0.014493
5 0.501896 0.976967 0.323641 0.016046