0 0.492593 0.217277 0.277778 0.015707
9 0.492130 0.232003 0.102778 0.011126
5 0.493056 0.243783 0.176852 0.011126
1 0.491204 0.256545 0.230556 0.013089
5 0.490741 0.267343 0.107407 0.011126
4 0.400926 0.289267 0.148148 0.011780
9 0.585185 0.291230 0.127778 0.011780
11 0.357870 0.304647 0.069444 0.013743
11 0.421296 0.306610 0.007407 0.012435
6 0.447685 0.306283 0.012037 0.013089
11 0.347222 0.317081 0.050000 0.009817
8 0.417593 0.327225 0.192593 0.011780
9 0.355556 0.340314 0.066667 0.010471
9 0.462500 0.340969 0.091667 0.010471
2 0.590741 0.341623 0.135185 0.010471
5 0.379167 0.352094 0.113889 0.010471
11 0.582870 0.353076 0.123148 0.011126
10 0.357407 0.363547 0.074074 0.009817
11 0.439815 0.364202 0.051852 0.009817
11 0.338426 0.379908 0.037963 0.011126
11 0.409259 0.380236 0.031481 0.009162
11 0.473148 0.380890 0.027778 0.010471
11 0.531481 0.381217 0.050000 0.011126
5 0.622222 0.382199 0.068519 0.010471
6 0.332870 0.407395 0.028704 0.009817
6 0.408333 0.407723 0.009259 0.009162
8 0.466667 0.407723 0.040741 0.010471
8 0.635648 0.409359 0.039815 0.008508
6 0.337500 0.432264 0.034259 0.009817
6 0.409722 0.433246 0.010185 0.009162
8 0.469907 0.433246 0.032407 0.009162
8 0.638426 0.434882 0.030556 0.009817
11 0.362500 0.446990 0.089815 0.010471
6 0.460648 0.448298 0.010185 0.010471
3 0.399074 0.459097 0.162963 0.011126
11 0.470833 0.478076 0.102778 0.012435
8 0.628704 0.479712 0.038889 0.009162
11 0.494907 0.491492 0.052778 0.010471
8 0.631481 0.493455 0.033333 0.009162
5 0.444907 0.505236 0.152778 0.013089
8 0.631944 0.506872 0.034259 0.009817
4 0.479167 0.518979 0.082407 0.011780
8 0.630556 0.520615 0.033333 0.008508
5 0.470370 0.531741 0.100000 0.011126
8 0.630556 0.534031 0.031481 0.009162
11 0.395370 0.546466 0.068519 0.014398
3 0.617130 0.549411 0.054630 0.012435
11 0.389815 0.560864 0.059259 0.014398
8 0.616204 0.562827 0.054630 0.013089
5 0.405093 0.580170 0.089815 0.013743
8 0.622222 0.582134 0.042593 0.012435
5 0.476852 0.607657 0.255556 0.012435
5 0.476852 0.620419 0.085185 0.010471
11 0.369907 0.394634 0.100926 0.013089
11 0.352778 0.420157 0.066667 0.013089