6 0.133731 0.018695 0.233390 0.021074
0 0.249574 0.088375 0.369676 0.019035
4 0.449744 0.111489 0.773424 0.019035
11 0.114991 0.136302 0.103918 0.021074
5 0.217206 0.159075 0.304940 0.020394
5 0.206985 0.180829 0.277683 0.020394
1 0.205281 0.203943 0.281090 0.020394
5 0.147359 0.225357 0.165247 0.019714
9 0.461670 0.245071 0.793867 0.019714
2 0.272572 0.290279 0.405451 0.019035
1 0.745315 0.289259 0.270869 0.018355
5 0.126065 0.311693 0.122658 0.016995
4 0.510221 0.312033 0.403748 0.017675
11 0.821976 0.311693 0.107325 0.016995
5 0.179727 0.356560 0.226576 0.018355
11 0.422487 0.358600 0.071550 0.022434
11 0.600511 0.356900 0.107325 0.017675
5 0.792164 0.356900 0.129472 0.017675
9 0.348382 0.402107 0.567291 0.016995
8 0.109881 0.423182 0.083475 0.015636
8 0.590290 0.423182 0.086882 0.015636
8 0.812606 0.423182 0.088586 0.015636
9 0.308348 0.445615 0.487223 0.016995
8 0.109881 0.466349 0.083475 0.016315
8 0.591141 0.466349 0.085179 0.016315
8 0.811755 0.466689 0.086882 0.015636
9 0.307496 0.488443 0.485520 0.016995
8 0.109881 0.510197 0.083475 0.016995
8 0.591993 0.509517 0.083475 0.018355
8 0.813458 0.510197 0.086882 0.016995
4 0.289608 0.555404 0.449744 0.019035
3 0.804089 0.555744 0.112436 0.018355
5 0.260647 0.579878 0.388416 0.020394
8 0.811755 0.578518 0.090290 0.016315
11 0.149915 0.600952 0.166951 0.017675
8 0.804089 0.600612 0.112436 0.018355
5 0.198467 0.623046 0.270869 0.016995
5 0.138842 0.646499 0.148211 0.019035
8 0.792164 0.644799 0.129472 0.015636
5 0.128620 0.688987 0.127768 0.019714
8 0.813458 0.688647 0.086882 0.017675
5 0.171210 0.733175 0.206133 0.016995
6 0.442078 0.732835 0.028961 0.016315
11 0.170358 0.755608 0.204429 0.018355
6 0.443782 0.755269 0.025554 0.016315
4 0.178876 0.800476 0.228279 0.019714
5 0.492334 0.798776 0.126065 0.016315
4 0.842419 0.798776 0.063032 0.016315
4 0.148211 0.820530 0.166951 0.017675
8 0.473595 0.820530 0.088586 0.016315
8 0.833901 0.820530 0.083475 0.014956
4 0.130324 0.842964 0.127768 0.016315
8 0.482964 0.842284 0.100511 0.016315
8 0.834753 0.841944 0.085179 0.015636
9 0.210392 0.887492 0.291312 0.019714
1 0.722317 0.885792 0.265758 0.016315
5 0.411414 0.909245 0.693356 0.019714
5 0.297274 0.932019 0.461670 0.020394
5 0.361158 0.954453 0.589438 0.020394
5 0.241908 0.976547 0.350937 0.019714
8 0.482112 0.622706 0.105622 0.016315