0 0.406470 0.211231 0.269099 0.014253
2 0.407680 0.222634 0.100181 0.010547
1 0.409192 0.234108 0.063697 0.010405
1 0.409292 0.246080 0.231607 0.012400
1 0.408083 0.258053 0.176376 0.011260
4 0.408990 0.268814 0.076194 0.011403
9 0.345797 0.280929 0.167910 0.011403
11 0.275045 0.299316 0.023181 0.008267
9 0.359605 0.311716 0.191897 0.010547
8 0.280185 0.326040 0.030236 0.009265
9 0.363233 0.342004 0.196735 0.011830
8 0.281294 0.357184 0.030841 0.009407
3 0.507257 0.373290 0.106632 0.011403
4 0.514816 0.385761 0.095948 0.010975
3 0.517738 0.396879 0.088893 0.011260
5 0.307599 0.417474 0.081032 0.010832
11 0.286132 0.431656 0.036081 0.007839
5 0.288752 0.443771 0.045354 0.012115
8 0.545455 0.425741 0.034267 0.008552
8 0.546966 0.438355 0.031244 0.009835
4 0.302459 0.471636 0.069542 0.007982
4 0.305382 0.484535 0.069341 0.008694
4 0.416650 0.500285 0.141504 0.010547
5 0.417053 0.512329 0.189075 0.010975
4 0.418262 0.524302 0.131022 0.010690
5 0.418464 0.535775 0.141101 0.009977
5 0.416751 0.547677 0.172344 0.010975
5 0.417859 0.559578 0.153598 0.010832
11 0.367365 0.298247 0.020762 0.009835
11 0.543741 0.294042 0.030841 0.009692
6 0.362326 0.324758 0.005442 0.009835
8 0.542935 0.320624 0.031647 0.008979
6 0.363233 0.355544 0.006853 0.008979
8 0.543338 0.351554 0.032453 0.009265
5 0.443963 0.469213 0.047773 0.007982
4 0.548377 0.467004 0.030841 0.009265
8 0.457166 0.481613 0.018948 0.007982
8 0.553517 0.479618 0.019754 0.006842