0 0.201935 0.135405 0.290206 0.017104
9 0.202741 0.149088 0.077388 0.008552
1 0.202741 0.158637 0.241032 0.008267
5 0.201330 0.169327 0.125353 0.007412
11 0.146715 0.178164 0.091092 0.006842
4 0.202741 0.188426 0.155582 0.009692
4 0.205562 0.214795 0.243450 0.012258
11 0.073559 0.243016 0.069730 0.015108
1 0.133212 0.270382 0.191455 0.010547
11 0.077993 0.299458 0.044740 0.009407
11 0.152761 0.300599 0.035470 0.012258
11 0.199315 0.299743 0.028617 0.009407
11 0.256751 0.300741 0.054010 0.010832
5 0.338573 0.295610 0.070133 0.009692
6 0.072753 0.326254 0.086659 0.009407
6 0.149133 0.326539 0.008061 0.009407
8 0.193873 0.326254 0.040306 0.009407
8 0.253124 0.326397 0.031439 0.010262
8 0.345022 0.327252 0.049980 0.009122
5 0.136437 0.342503 0.199516 0.009977
6 0.072954 0.365450 0.087062 0.009692
6 0.149335 0.365450 0.007658 0.008552
8 0.193269 0.364880 0.039097 0.009692
8 0.252721 0.365878 0.030633 0.008267
8 0.344418 0.366306 0.049577 0.009692
5 0.139661 0.381984 0.207578 0.010832
11 0.070133 0.416049 0.079000 0.012258
6 0.163845 0.414339 0.008464 0.009407
8 0.340588 0.415194 0.040306 0.009407
11 0.096534 0.443415 0.127771 0.010547
11 0.225917 0.443985 0.006852 0.008837
8 0.340387 0.444270 0.041516 0.010547
4 0.075776 0.459949 0.092705 0.012828
11 0.226119 0.461089 0.009674 0.008837
8 0.341798 0.460519 0.033051 0.009977
5 0.076985 0.477338 0.091092 0.011688
11 0.226522 0.477052 0.012898 0.005986
8 0.341798 0.477052 0.038694 0.009977
11 0.069125 0.493871 0.076985 0.014538
11 0.223700 0.496152 0.013704 0.010547
3 0.328698 0.496294 0.057638 0.013683
11 0.059250 0.512828 0.060459 0.014823
11 0.224103 0.511830 0.013704 0.007127
8 0.329303 0.514966 0.055623 0.015678
5 0.074768 0.530929 0.088271 0.015678
11 0.223499 0.531642 0.009270 0.009122
8 0.336961 0.532782 0.041112 0.017674
4 0.206570 0.592075 0.134220 0.015393
4 0.071141 0.619014 0.078597 0.014538
11 0.154978 0.620867 0.014107 0.011973
5 0.251310 0.622434 0.072148 0.024230
4 0.343611 0.621579 0.038291 0.020810
11 0.050988 0.649943 0.024587 0.009692
8 0.158807 0.650228 0.030633 0.011403
8 0.251108 0.651511 0.048368 0.013968
11 0.342604 0.651653 0.035470 0.012543
11 0.054817 0.679590 0.067715 0.009692
8 0.252519 0.679304 0.047965 0.013683
8 0.342604 0.680017 0.030633 0.010547
5 0.193672 0.706670 0.330109 0.011403
4 0.135429 0.717788 0.212817 0.013683
5 0.197501 0.747719 0.258767 0.011403
5 0.198509 0.761830 0.086659 0.014538
11 0.253728 0.178734 0.094720 0.006842
2 0.308343 0.271237 0.125756 0.009407
11 0.338573 0.307298 0.033857 0.010832