0 0.429029 0.150449 0.631804 0.030366
1 0.428495 0.179779 0.131270 0.022774
1 0.427428 0.204279 0.376734 0.022084
5 0.429562 0.229469 0.137673 0.018634
1 0.431163 0.255694 0.328709 0.021394
9 0.431163 0.279503 0.249733 0.019324
4 0.433298 0.314355 0.318036 0.018634
4 0.434899 0.340925 0.385272 0.023464
11 0.120598 0.384748 0.076841 0.017253
5 0.131270 0.416494 0.098186 0.015873
9 0.366596 0.412698 0.199573 0.020704
2 0.640875 0.406487 0.242263 0.020704
10 0.132871 0.442374 0.101387 0.016563
11 0.322305 0.439959 0.113127 0.017253
11 0.627001 0.434438 0.203842 0.018634
5 0.181430 0.470669 0.189968 0.020704
11 0.559765 0.463768 0.073639 0.020704
11 0.114194 0.516218 0.061900 0.016563
11 0.370331 0.512077 0.051227 0.015183
5 0.502668 0.507591 0.100320 0.015873
5 0.650480 0.504141 0.118463 0.015873
4 0.770011 0.498275 0.056564 0.013803
6 0.121665 0.537612 0.066169 0.013803
6 0.372465 0.529331 0.021345 0.012422
3 0.508004 0.526225 0.059765 0.011732
8 0.682497 0.520704 0.065101 0.015873
11 0.776414 0.518288 0.043757 0.015183
5 0.189968 0.560386 0.196371 0.022084
11 0.231590 0.584196 0.123799 0.017253
6 0.375667 0.577985 0.017076 0.015873
8 0.693170 0.566253 0.062967 0.018634
4 0.372465 0.618703 0.401281 0.026915
8 0.699573 0.606625 0.060832 0.017943
5 0.502134 0.644582 0.150480 0.017943
8 0.698506 0.636991 0.056564 0.017943
4 0.495731 0.674948 0.165422 0.023464
8 0.701708 0.667357 0.065101 0.017943
5 0.502134 0.707384 0.154749 0.020704
8 0.706510 0.697378 0.061900 0.018634
4 0.355923 0.747757 0.457844 0.037957
8 0.706510 0.732919 0.064034 0.017943
11 0.527215 0.773637 0.121665 0.016563
8 0.708645 0.765010 0.061900 0.018634
5 0.516542 0.802277 0.143010 0.018634
8 0.712914 0.793996 0.059765 0.017253
4 0.291355 0.863009 0.239061 0.026915
4 0.247599 0.902001 0.134472 0.019324
11 0.400213 0.895445 0.029883 0.018634
11 0.552828 0.888889 0.136606 0.019324
4 0.736393 0.883023 0.132337 0.018634
11 0.208111 0.925121 0.044824 0.015873
6 0.404482 0.917184 0.019210 0.015183
8 0.586980 0.910973 0.070438 0.019324
8 0.770544 0.904072 0.064034 0.017943
11 0.393810 0.953071 0.098186 0.020704
8 0.587513 0.944099 0.065101 0.019324
8 0.772679 0.937888 0.066169 0.016563
5 0.731590 0.991028 0.150480 0.016563