0 0.434013 0.162170 0.357296 0.021240
9 0.426502 0.188576 0.219957 0.020092
5 0.428112 0.213835 0.538627 0.021240
1 0.439914 0.237945 0.639485 0.021240
1 0.431330 0.262055 0.422747 0.022388
4 0.429721 0.286739 0.462446 0.021240
4 0.410408 0.336682 0.417382 0.023536
9 0.202253 0.385476 0.307940 0.021240
10 0.537554 0.386051 0.298283 0.023536
11 0.089056 0.411596 0.083691 0.019518
2 0.386266 0.410161 0.399142 0.021240
5 0.156652 0.460964 0.214592 0.024110
11 0.363734 0.460103 0.066524 0.024684
5 0.534335 0.460677 0.139485 0.026980
11 0.686159 0.457807 0.095494 0.021240
4 0.782725 0.458094 0.065451 0.020666
11 0.120708 0.509185 0.138412 0.024110
11 0.349785 0.533008 0.062232 0.018944
8 0.527897 0.531573 0.081545 0.020666
8 0.698498 0.532721 0.083691 0.022962
11 0.782725 0.532434 0.059013 0.018944
11 0.130901 0.557118 0.158798 0.021240
11 0.349785 0.582664 0.064378 0.018370
8 0.525215 0.580367 0.086910 0.017222
8 0.698498 0.580367 0.081545 0.020666
11 0.783798 0.580654 0.061159 0.021240
5 0.140021 0.606774 0.174893 0.022962
11 0.345494 0.629736 0.062232 0.020666
8 0.526824 0.629162 0.085837 0.020666
8 0.699571 0.630023 0.081545 0.021240
11 0.782725 0.629449 0.056867 0.020092
6 0.167918 0.676808 0.232833 0.022962
4 0.261803 0.702067 0.422747 0.022962
3 0.772532 0.702067 0.077253 0.020666
4 0.289700 0.726464 0.476395 0.023536
8 0.775215 0.726464 0.080472 0.020092
11 0.164700 0.751148 0.224249 0.023536
8 0.734442 0.750861 0.149142 0.020666
11 0.108906 0.798794 0.116953 0.021240
8 0.773069 0.799369 0.080472 0.022388
4 0.159871 0.875144 0.214592 0.021240
5 0.528433 0.874282 0.192060 0.020666
4 0.742489 0.873995 0.135193 0.021240
11 0.084764 0.898393 0.064378 0.022962
11 0.300966 0.898393 0.112661 0.022962
8 0.586910 0.897245 0.081545 0.022962
8 0.770386 0.897245 0.083691 0.017222