0 0.473712 0.219891 0.404506 0.023723
0 0.456009 0.244830 0.424893 0.026156
11 0.459764 0.272202 0.739270 0.027372
5 0.461910 0.298966 0.687768 0.023723
1 0.472103 0.324513 0.665236 0.022506
4 0.459764 0.350669 0.552575 0.026156
5 0.457618 0.376217 0.468884 0.024939
4 0.465129 0.403589 0.292918 0.024939
5 0.196352 0.452859 0.332618 0.022506
11 0.895386 0.455292 0.041845 0.022506
11 0.153433 0.479623 0.246781 0.021290
6 0.178648 0.505779 0.292918 0.026156
6 0.530043 0.506387 0.023605 0.022506
11 0.572961 0.507603 0.021459 0.021290
3 0.672747 0.506387 0.090129 0.021290
8 0.824571 0.505474 0.091202 0.019465
5 0.149142 0.556265 0.246781 0.027372
5 0.802575 0.559915 0.225322 0.026156
4 0.231760 0.609793 0.399142 0.026156
8 0.838519 0.608577 0.153433 0.023723
11 0.075644 0.633516 0.099785 0.021290
8 0.842275 0.636557 0.165236 0.026156
4 0.153433 0.687652 0.251073 0.023723
11 0.502682 0.686436 0.155579 0.023723
4 0.725858 0.687652 0.149142 0.023723
4 0.118562 0.711375 0.181330 0.021290
8 0.541845 0.713200 0.090129 0.022506
8 0.760730 0.713808 0.090129 0.022506
2 0.297210 0.789842 0.530043 0.022506
9 0.771996 0.791058 0.288627 0.024939
5 0.329936 0.817214 0.595494 0.024939
5 0.460837 0.866484 0.601931 0.022506
9 0.469957 0.891423 0.446352 0.022506
5 0.472103 0.918796 0.534335 0.022506