0 0.442568 0.210128 0.560811 0.027939
5 0.463401 0.236903 0.546171 0.029104
5 0.456081 0.264552 0.286036 0.025029
1 0.465090 0.294237 0.432432 0.026193
5 0.466779 0.323923 0.417793 0.028522
4 0.471847 0.352154 0.506757 0.027939
1 0.483671 0.408324 0.568694 0.026193
11 0.159347 0.470023 0.140766 0.021537
6 0.488176 0.467113 0.125000 0.021537
2 0.807432 0.463038 0.162162 0.020373
5 0.362050 0.527066 0.541667 0.025029
11 0.799550 0.521246 0.184685 0.021537
8 0.264640 0.555297 0.268018 0.019790
5 0.363739 0.582363 0.540541 0.025029
11 0.800676 0.577998 0.184685 0.020955
8 0.265203 0.610885 0.260135 0.020373
4 0.399775 0.666473 0.603604 0.022119
3 0.797297 0.665891 0.121622 0.019790
5 0.626126 0.694703 0.141892 0.023865
8 0.797860 0.694121 0.120495 0.019208
5 0.608108 0.724098 0.182432 0.020955
8 0.817568 0.722643 0.083333 0.021537
4 0.215090 0.781432 0.220721 0.026193
5 0.518018 0.781432 0.195946 0.020373
4 0.805743 0.780850 0.136261 0.021537
11 0.162162 0.809662 0.126126 0.017462
8 0.562500 0.808789 0.120495 0.020373
11 0.849099 0.810244 0.065315 0.018626
5 0.483671 0.896682 0.557432 0.026193
9 0.487050 0.925495 0.782658 0.023283