5 0.440860 0.011985 0.715054 0.014981
0 0.446237 0.120225 0.438172 0.020225
9 0.443548 0.147940 0.212366 0.017228
5 0.443548 0.171910 0.548387 0.017228
5 0.443548 0.194757 0.352151 0.017978
1 0.439516 0.219101 0.352151 0.017228
9 0.277554 0.243071 0.275538 0.017228
4 0.604839 0.243820 0.287634 0.017228
4 0.443548 0.275281 0.344086 0.015730
4 0.444892 0.310487 0.438172 0.017228
11 0.094086 0.350562 0.088710 0.014981
11 0.100134 0.378652 0.100806 0.015730
9 0.364247 0.378277 0.212366 0.014981
2 0.667339 0.377154 0.256720 0.015730
10 0.103495 0.403745 0.107527 0.014981
11 0.323253 0.404869 0.133065 0.015730
11 0.649194 0.402996 0.225806 0.016479
5 0.157930 0.430712 0.219086 0.017978
11 0.574597 0.428464 0.076613 0.016479
11 0.081317 0.476779 0.065860 0.015730
11 0.358871 0.477154 0.053763 0.019476
5 0.507392 0.475281 0.106183 0.014232
5 0.672715 0.476030 0.119624 0.015730
4 0.794355 0.474532 0.056452 0.014232
6 0.163978 0.501124 0.228495 0.016479
6 0.360215 0.501498 0.010753 0.014232
3 0.508065 0.500375 0.077957 0.016479
8 0.692204 0.500375 0.080645 0.016479
11 0.797715 0.499625 0.038978 0.014981
5 0.258737 0.525843 0.418011 0.014981
11 0.204301 0.552809 0.139785 0.019476
6 0.353495 0.551685 0.016129 0.017228
8 0.691532 0.549064 0.079301 0.016479
4 0.352151 0.598876 0.424731 0.020225
8 0.803763 0.596255 0.080645 0.016479
5 0.489247 0.624345 0.153226 0.017228
8 0.810484 0.622846 0.059140 0.015730
4 0.459677 0.651685 0.150538 0.016479
8 0.812500 0.651685 0.063172 0.014981
5 0.483871 0.682772 0.161290 0.017228
8 0.811156 0.680150 0.065860 0.014981
11 0.425403 0.717228 0.291667 0.020225
8 0.777554 0.716479 0.119624 0.018727
4 0.331989 0.749813 0.400538 0.025468
11 0.483199 0.780899 0.176075 0.021723
8 0.766129 0.779775 0.142473 0.020974
5 0.494624 0.816854 0.147849 0.018727
8 0.803763 0.814232 0.083333 0.016479
4 0.244624 0.867416 0.274194 0.017978
4 0.186828 0.900375 0.142473 0.014981
11 0.353495 0.901124 0.026882 0.020974
11 0.519489 0.900375 0.141129 0.016479
4 0.717070 0.900749 0.138441 0.017228
11 0.141801 0.923596 0.049731 0.016479
6 0.355511 0.922472 0.022849 0.017228
8 0.540995 0.922846 0.092742 0.016479
8 0.750672 0.922472 0.068548 0.017228
11 0.338710 0.955431 0.112903 0.018727
8 0.540323 0.955431 0.091398 0.018727
8 0.749328 0.955431 0.068548 0.017228