5 0.465643 0.025090 0.633041 0.025090
5 0.475877 0.048984 0.656433 0.023895
5 0.467105 0.075568 0.849415 0.023297
11 0.466374 0.101852 0.280702 0.017324
5 0.480263 0.124253 0.831871 0.020311
0 0.465643 0.224910 0.548246 0.019713
1 0.479532 0.250000 0.207602 0.019713
9 0.477339 0.274492 0.431287 0.019713
1 0.479532 0.298387 0.342105 0.016129
1 0.467105 0.321685 0.448830 0.014934
4 0.470760 0.347670 0.590643 0.017921
9 0.156433 0.393369 0.216374 0.017324
1 0.404971 0.393369 0.146199 0.014934
11 0.089181 0.417264 0.084795 0.016129
2 0.557749 0.419355 0.451754 0.017921
5 0.122807 0.441756 0.152047 0.016129
11 0.377924 0.441159 0.083333 0.014934
9 0.477339 0.913978 0.536550 0.015532
5 0.475146 0.939068 0.616959 0.017921
5 0.489035 0.960872 0.635965 0.014934
5 0.243421 0.490143 0.393275 0.014934
8 0.145468 0.514636 0.188596 0.014934
11 0.841374 0.512545 0.144737 0.015532
5 0.344298 0.537634 0.583333 0.015532
8 0.138158 0.562724 0.171053 0.015532
11 0.852339 0.559737 0.128655 0.014337
5 0.202485 0.609319 0.302632 0.015532
4 0.507310 0.631720 0.391813 0.014934
3 0.861842 0.630526 0.106725 0.014934
5 0.624269 0.655018 0.149123 0.013740
8 0.863304 0.654421 0.106725 0.013740
5 0.603801 0.679510 0.190058 0.017324
8 0.862573 0.678017 0.105263 0.014337
5 0.290205 0.704301 0.472222 0.016726
10 0.401316 0.728495 0.688596 0.018519
4 0.497076 0.775986 0.236842 0.017921
4 0.144006 0.798088 0.171053 0.014337
5 0.615497 0.798984 0.213450 0.017324
4 0.839912 0.797192 0.144737 0.017324
11 0.132310 0.821386 0.153509 0.014337
8 0.671053 0.820490 0.105263 0.014934
8 0.871345 0.819594 0.081871 0.014337
11 0.133041 0.844683 0.149123 0.014337
8 0.679825 0.843489 0.081871 0.014337
8 0.875000 0.842294 0.086257 0.014337
5 0.476608 0.985962 0.830409 0.017324