0 0.501623 0.065000 0.902597 0.018333
1 0.493506 0.084583 0.444805 0.017500
1 0.496753 0.104167 0.483766 0.020000
9 0.338474 0.122917 0.300325 0.017500
4 0.501623 0.141667 0.396104 0.018333
4 0.500000 0.182917 0.564935 0.030833
11 0.609578 0.230417 0.436688 0.032500
9 0.107955 0.257500 0.141234 0.020000
2 0.672078 0.257083 0.314935 0.019167
5 0.316558 0.289167 0.568182 0.030000
5 0.267045 0.317917 0.462662 0.019167
5 0.184253 0.337917 0.290584 0.015833
1 0.300325 0.355833 0.532468 0.016667
11 0.198052 0.375000 0.327922 0.020000
2 0.535714 0.392917 0.256494 0.019167
11 0.748377 0.391667 0.090909 0.020000
5 0.139610 0.418333 0.217532 0.015000
11 0.311688 0.416667 0.064935 0.015000
11 0.541396 0.415833 0.027597 0.015000
11 0.752435 0.416250 0.137987 0.017500
5 0.129870 0.446667 0.194805 0.018333
8 0.301948 0.447917 0.081169 0.015833
6 0.408279 0.447500 0.024351 0.015000
6 0.484578 0.447083 0.017857 0.015833
6 0.541396 0.447083 0.024351 0.015833
11 0.629058 0.447083 0.040584 0.015833
8 0.778409 0.445833 0.079545 0.018333
5 0.119318 0.467083 0.180195 0.017500
8 0.301136 0.466667 0.086039 0.016667
6 0.407468 0.467083 0.022727 0.015833
6 0.483766 0.465833 0.025974 0.015000
6 0.542208 0.466667 0.025974 0.015000
6 0.638799 0.465833 0.021104 0.016667
8 0.775162 0.465417 0.102273 0.015833
5 0.122565 0.486250 0.183442 0.017500
8 0.303571 0.486250 0.081169 0.015833
6 0.408279 0.485833 0.024351 0.015000
6 0.483766 0.486250 0.025974 0.015833
6 0.541396 0.485417 0.024351 0.014167
6 0.637987 0.485000 0.025974 0.016667
8 0.779221 0.485833 0.081169 0.018333
5 0.130682 0.505833 0.199675 0.016667
8 0.301948 0.504583 0.084416 0.017500
6 0.407468 0.506250 0.022727 0.015833
6 0.483766 0.505000 0.025974 0.015000
6 0.542208 0.505417 0.025974 0.015833
6 0.637175 0.505000 0.024351 0.015000
8 0.780032 0.505833 0.082792 0.015000
11 0.472403 0.540417 0.357143 0.035833
3 0.772727 0.537917 0.103896 0.027500
5 0.121753 0.574167 0.185065 0.020000
8 0.301948 0.574583 0.087662 0.020833
6 0.409903 0.573750 0.030844 0.019167
6 0.485390 0.575417 0.032468 0.019167
6 0.540584 0.573333 0.025974 0.018333
6 0.638799 0.574167 0.030844 0.016667
8 0.781656 0.573750 0.082792 0.014167
4 0.356331 0.609167 0.582792 0.033333
8 0.780844 0.605833 0.097403 0.030000
4 0.608766 0.645000 0.081169 0.026667
8 0.780844 0.645000 0.087662 0.026667
4 0.366883 0.689167 0.555195 0.036667
8 0.780844 0.687500 0.087662 0.028333
11 0.471591 0.729583 0.345779 0.035833
8 0.775974 0.727500 0.110390 0.030000
11 0.514610 0.769167 0.275974 0.036667
8 0.771916 0.768750 0.112013 0.027500
11 0.114448 0.815417 0.154221 0.020833
5 0.471591 0.835417 0.858766 0.019167
5 0.414773 0.854583 0.758117 0.019167
5 0.469968 0.874583 0.871753 0.017500
4 0.397727 0.894583 0.720779 0.019167
4 0.412338 0.913750 0.756494 0.017500
5 0.185877 0.934167 0.297078 0.018333
5 0.500000 0.955000 0.399351 0.020000
9 0.664773 0.123333 0.303571 0.018333
11 0.389610 0.416667 0.058442 0.015000
11 0.465909 0.416667 0.058442 0.015000
11 0.610390 0.416250 0.077922 0.015833