5 0.387422 0.177523 0.191897 0.068558
0 0.401834 0.231613 0.249748 0.011688
0 0.399617 0.245011 0.145737 0.010262
1 0.401330 0.258053 0.262447 0.012115
5 0.401230 0.271023 0.176779 0.010975
1 0.400726 0.284208 0.262044 0.011688
11 0.402439 0.296893 0.121951 0.010832
4 0.402237 0.310291 0.163475 0.011973
4 0.398609 0.323119 0.155412 0.011403
2 0.321004 0.350770 0.112276 0.011117
9 0.496573 0.348917 0.098569 0.009407
11 0.274340 0.364025 0.022173 0.010832
5 0.355876 0.363455 0.085265 0.010262
5 0.525499 0.361317 0.043136 0.009977
6 0.268091 0.389823 0.005644 0.008837
5 0.369986 0.388968 0.114291 0.010547
11 0.539609 0.387685 0.043943 0.009692
6 0.267486 0.403364 0.007660 0.010262
5 0.349426 0.402794 0.073171 0.010262
11 0.539407 0.400086 0.042733 0.009977
6 0.268293 0.416192 0.006047 0.010262
5 0.392562 0.414481 0.157831 0.010262
11 0.539609 0.413769 0.043136 0.009407
6 0.267688 0.429162 0.005644 0.009407
5 0.359907 0.428592 0.094134 0.009977
11 0.540012 0.426739 0.043943 0.010832
6 0.267083 0.442417 0.008466 0.009692
5 0.342874 0.441990 0.057650 0.009977
11 0.539811 0.440422 0.045152 0.009122
6 0.267688 0.455388 0.004838 0.010262
5 0.366962 0.454818 0.107438 0.010262
11 0.539811 0.453250 0.042733 0.009977
6 0.267285 0.481756 0.009675 0.009977
11 0.348518 0.480758 0.069744 0.009692
3 0.511187 0.479475 0.069744 0.010547
11 0.327958 0.494014 0.030236 0.009407
8 0.529530 0.492303 0.035880 0.010547
5 0.356481 0.506699 0.085668 0.010832
8 0.511086 0.505844 0.070349 0.010262
4 0.303265 0.547463 0.078412 0.010832
4 0.285628 0.559863 0.043943 0.009122
5 0.310119 0.572834 0.094537 0.010547
5 0.455956 0.545610 0.042330 0.011117
8 0.458577 0.558295 0.037089 0.009407
8 0.461600 0.571693 0.030236 0.009977
4 0.536585 0.545040 0.023382 0.010547
8 0.532554 0.558010 0.031445 0.008837
8 0.532957 0.571123 0.029833 0.009407
11 0.280790 0.599629 0.035074 0.011688
5 0.402842 0.611460 0.138077 0.010262
5 0.404656 0.624715 0.070349 0.010547
5 0.386011 0.650798 0.242290 0.011117
5 0.411812 0.664196 0.256803 0.011117
5 0.377545 0.677024 0.230196 0.011688
4 0.413828 0.690564 0.258416 0.012543
5 0.377847 0.703962 0.188067 0.011973
5 0.386616 0.717075 0.205201 0.010832
5 0.387926 0.729618 0.248942 0.011117
4 0.395485 0.743372 0.219311 0.010405
5 0.393368 0.756271 0.217900 0.011117
4 0.381576 0.768885 0.234227 0.011545
5 0.406067 0.782212 0.244507 0.010547
5 0.369583 0.795254 0.170329 0.010120
9 0.346402 0.821052 0.164685 0.011545
9 0.341363 0.834806 0.155009 0.010547