0 0.496296 0.198428 0.292593 0.020956
5 0.513889 0.687295 0.292593 0.015062
9 0.498148 0.211198 0.101852 0.012443
5 0.497222 0.225278 0.194444 0.013098
5 0.497685 0.239358 0.112037 0.012443
1 0.496759 0.252783 0.152778 0.011788
5 0.499537 0.266863 0.052778 0.009823
9 0.436574 0.281925 0.112037 0.012443
9 0.562963 0.278651 0.112963 0.012443
5 0.500463 0.292731 0.200926 0.014407
4 0.500926 0.307138 0.150000 0.011788
4 0.500926 0.325475 0.094444 0.013098
5 0.359722 0.345449 0.054630 0.011133
9 0.465741 0.342174 0.094444 0.009823
2 0.613889 0.337590 0.109259 0.011133
10 0.359722 0.359201 0.049074 0.009823
11 0.446759 0.356582 0.052778 0.009823
11 0.606481 0.352652 0.100000 0.009823
5 0.381944 0.375246 0.089815 0.010478
11 0.578704 0.368697 0.029630 0.009168
4 0.548148 0.390308 0.033333 0.009168
4 0.617130 0.388343 0.034259 0.009168
11 0.350000 0.404715 0.025926 0.007859
11 0.433796 0.402750 0.021296 0.009168
5 0.495370 0.401113 0.040741 0.007204
5 0.549537 0.399149 0.041667 0.007204
5 0.612500 0.396857 0.043519 0.007859
4 0.662963 0.396529 0.022222 0.007204
6 0.351852 0.416830 0.025926 0.008513
6 0.434722 0.414866 0.050926 0.008513
8 0.495370 0.413556 0.029630 0.007204
8 0.548611 0.411591 0.030556 0.008513
8 0.619907 0.409954 0.028704 0.007859
11 0.666204 0.408317 0.015741 0.007204
5 0.396296 0.429601 0.116667 0.010478
6 0.353241 0.446300 0.026852 0.008513
11 0.436111 0.444663 0.050000 0.007859
8 0.496296 0.443026 0.031481 0.008513
8 0.549537 0.441716 0.030556 0.007204
8 0.621759 0.439751 0.030556 0.007204
11 0.667593 0.438114 0.014815 0.007859
5 0.444907 0.457760 0.208333 0.014407
11 0.386111 0.474132 0.057407 0.009168
6 0.447685 0.471840 0.010185 0.008513
8 0.618981 0.467256 0.041667 0.008513
4 0.480556 0.488540 0.183333 0.013098
8 0.622685 0.484938 0.032407 0.008513
5 0.539352 0.505239 0.069444 0.009823
8 0.626852 0.501965 0.025926 0.008513
4 0.537500 0.521938 0.076852 0.010478
8 0.627315 0.519319 0.025000 0.009168
5 0.537500 0.539948 0.069444 0.009823
8 0.628704 0.536346 0.027778 0.007859
4 0.471759 0.559267 0.208333 0.013098
3 0.621759 0.554682 0.041667 0.009168
11 0.548611 0.574329 0.052778 0.009168
8 0.622222 0.571709 0.042593 0.009168
5 0.543056 0.587426 0.063889 0.009168
8 0.630093 0.584807 0.026852 0.009168
4 0.421296 0.620825 0.100000 0.010478
4 0.404630 0.638179 0.064815 0.009823
11 0.478704 0.636542 0.011111 0.009168
11 0.550463 0.634578 0.062037 0.010478
4 0.638426 0.631631 0.060185 0.009823
11 0.384259 0.650950 0.018519 0.009168
6 0.478704 0.648003 0.009259 0.009823
8 0.562963 0.646693 0.033333 0.009823
8 0.654630 0.643746 0.025926 0.007859
11 0.472222 0.663392 0.042593 0.009168
8 0.562037 0.660773 0.033333 0.009168
8 0.654167 0.658481 0.025000 0.007204