0 0.465278 0.180544 0.425926 0.021434
0 0.467593 0.209398 0.340278 0.024732
11 0.456019 0.235779 0.631944 0.023083
5 0.455440 0.264221 0.593750 0.023908
1 0.469907 0.290602 0.578704 0.022259
4 0.460069 0.319044 0.475694 0.026381
5 0.464120 0.346661 0.245370 0.027205
4 0.465856 0.373866 0.253472 0.022259
11 0.223380 0.431987 0.270833 0.024732
11 0.840278 0.425392 0.034722 0.021434
11 0.214699 0.460429 0.251157 0.025556
6 0.156829 0.489283 0.135417 0.022259
6 0.527199 0.485161 0.012731 0.022259
11 0.565394 0.483512 0.019676 0.023908
3 0.652199 0.483100 0.072917 0.023083
8 0.787037 0.481451 0.076389 0.023083
5 0.197917 0.545342 0.203704 0.025556
5 0.766782 0.537923 0.188657 0.025556
4 0.267940 0.599340 0.346065 0.026381
8 0.799190 0.593157 0.135417 0.022259
11 0.134259 0.630668 0.078704 0.023083
8 0.801505 0.620363 0.135417 0.023908
4 0.337963 0.682605 0.481481 0.031327
8 0.744792 0.677246 0.133102 0.025556
2 0.176505 0.741138 0.153935 0.026381
11 0.322917 0.739077 0.090278 0.025556
11 0.427083 0.737428 0.074074 0.023908
11 0.526620 0.736191 0.081019 0.023083
11 0.641204 0.734130 0.039352 0.025556
9 0.774884 0.732069 0.190972 0.026381
10 0.332755 0.767519 0.461806 0.029678
5 0.481481 0.820692 0.520833 0.030503
9 0.479167 0.849134 0.365741 0.026381
5 0.488426 0.877988 0.458333 0.029678