0 0.499339 0.103821 0.486129 0.028239
1 0.492074 0.133721 0.405548 0.028239
11 0.486129 0.159884 0.715984 0.029070
5 0.486129 0.186462 0.678996 0.029070
1 0.502642 0.213870 0.656539 0.027409
4 0.499339 0.239618 0.560106 0.027409
5 0.488771 0.268272 0.319683 0.029900
4 0.486129 0.296096 0.235139 0.025748
5 0.455746 0.351329 0.784676 0.033223
11 0.915456 0.352159 0.044914 0.023256
11 0.192206 0.380814 0.260238 0.024086
6 0.204095 0.407392 0.281374 0.024086
11 0.575958 0.409053 0.060766 0.024086
3 0.692867 0.409053 0.085865 0.025748
8 0.846103 0.409053 0.088507 0.022425
5 0.181638 0.463040 0.236460 0.027409
5 0.823646 0.462625 0.212682 0.023256
4 0.259577 0.516196 0.397622 0.025748
8 0.857332 0.517027 0.153236 0.027409
11 0.105020 0.542359 0.088507 0.023256
8 0.843461 0.542774 0.175694 0.025748
5 0.127477 0.570183 0.130779 0.024086
8 0.854029 0.571844 0.151915 0.024086
4 0.179657 0.626246 0.237781 0.024917
11 0.530383 0.628322 0.149273 0.025748
4 0.749670 0.629153 0.149273 0.027409
4 0.148613 0.654070 0.170410 0.024086
8 0.605020 0.654900 0.084544 0.020764
8 0.824967 0.654485 0.083223 0.023256
2 0.319683 0.735880 0.531044 0.024917
9 0.789960 0.736711 0.287979 0.024917
5 0.333554 0.764535 0.542933 0.024086
5 0.485469 0.818106 0.585205 0.024917
9 0.494716 0.845100 0.431968 0.025748
5 0.495376 0.873339 0.515192 0.027409