0 0.437500 0.180134 0.761029 0.020049
1 0.301471 0.200790 0.500000 0.020049
5 0.225184 0.221142 0.343750 0.019441
5 0.202206 0.240583 0.305147 0.019441
11 0.228860 0.260936 0.351103 0.018834
0 0.302390 0.281288 0.505515 0.019441
4 0.292279 0.301337 0.485294 0.020656
11 0.744485 0.341738 0.051471 0.017618
9 0.347426 0.362090 0.580882 0.020656
8 0.833640 0.361482 0.097426 0.018226
11 0.936581 0.361179 0.038603 0.017618
8 0.136029 0.382442 0.165441 0.018834
9 0.322610 0.402491 0.542279 0.020049
11 0.691176 0.397327 0.025735 0.007290
8 0.824449 0.402491 0.126838 0.020049
11 0.932904 0.402795 0.034926 0.018226
9 0.372243 0.422843 0.630515 0.019441
8 0.824449 0.423451 0.119485 0.018226
11 0.932904 0.423147 0.034926 0.018834
9 0.370404 0.444107 0.634191 0.019441
8 0.834559 0.444107 0.095588 0.019441
11 0.933824 0.443803 0.036765 0.017618
9 0.190257 0.464763 0.273897 0.019441
11 0.843750 0.463852 0.117647 0.018834
11 0.234375 0.484204 0.185662 0.019441
3 0.823529 0.483597 0.121324 0.018226
4 0.232537 0.523694 0.362132 0.020656
8 0.822610 0.523694 0.123162 0.019441
11 0.102022 0.544654 0.101103 0.018834
8 0.825368 0.544046 0.125000 0.018834
5 0.282169 0.565006 0.465074 0.019441
11 0.847426 0.564702 0.125000 0.018834
5 0.167279 0.584751 0.235294 0.018834
8 0.832721 0.584447 0.099265 0.018226
5 0.300551 0.624848 0.498162 0.018834
8 0.834559 0.625152 0.102941 0.018226
4 0.166360 0.665857 0.237132 0.018226
4 0.502757 0.665249 0.181985 0.019441
4 0.754596 0.665857 0.167279 0.018226
11 0.069853 0.687120 0.036765 0.018226
6 0.238051 0.686817 0.053309 0.017618
8 0.513787 0.686817 0.119485 0.018834
8 0.722426 0.686513 0.095588 0.019441
5 0.268382 0.706561 0.441176 0.019441
1 0.512868 0.745443 0.518382 0.019441
5 0.494485 0.766403 0.268382 0.018834
5 0.495404 0.785844 0.483456 0.020049
5 0.497243 0.806804 0.685662 0.020656
5 0.502757 0.825942 0.634191 0.018834
5 0.490809 0.846294 0.352941 0.019441
0 0.490809 0.866039 0.801471 0.020049
5 0.508272 0.886391 0.832721 0.019441
9 0.487132 0.906744 0.897059 0.020049
5 0.502757 0.927096 0.681985 0.019441
4 0.493566 0.947145 0.762868 0.019441
11 0.362132 0.967801 0.121324 0.018226
2 0.613971 0.967193 0.187500 0.019441
11 0.690257 0.356926 0.034926 0.009113