0 0.452648 0.107577 0.754414 0.025018
1 0.447833 0.136883 0.738363 0.016440
1 0.235955 0.153324 0.321027 0.016440
11 0.386838 0.174410 0.629213 0.020014
11 0.253612 0.196212 0.353130 0.016440
4 0.301766 0.215154 0.446228 0.015726
4 0.810594 0.225161 0.295345 0.020014
5 0.146870 0.236598 0.165329 0.015726
9 0.337881 0.253753 0.547352 0.015726
5 0.277689 0.291279 0.417335 0.016440
11 0.198234 0.335597 0.223114 0.015011
11 0.225522 0.358113 0.181380 0.018585
5 0.601926 0.334882 0.321027 0.016440
3 0.813804 0.358470 0.077047 0.015011
11 0.920546 0.359543 0.046549 0.015726
4 0.304173 0.383846 0.502408 0.017155
5 0.465490 0.406362 0.141252 0.016440
11 0.434992 0.436026 0.086677 0.014296
5 0.479133 0.458899 0.168539 0.017155
11 0.479133 0.487134 0.171750 0.013581
11 0.439807 0.527520 0.093098 0.014296
5 0.463884 0.550393 0.144462 0.015726
8 0.814607 0.385990 0.078652 0.014296
8 0.816212 0.408506 0.081862 0.016440
8 0.821830 0.437813 0.083467 0.013581
8 0.819422 0.460329 0.078652 0.015726
8 0.818620 0.489993 0.077047 0.017870
8 0.819422 0.529664 0.078652 0.015726
8 0.817014 0.552180 0.080257 0.013581
4 0.170947 0.581129 0.235955 0.018585
5 0.520064 0.582559 0.215088 0.018585
4 0.845907 0.582559 0.144462 0.018585
11 0.134029 0.602931 0.162119 0.017870
8 0.589085 0.603645 0.077047 0.016440
8 0.878812 0.604003 0.075441 0.015726
9 0.263242 0.657970 0.433387 0.016440
2 0.680578 0.659400 0.327448 0.019299
5 0.520064 0.753038 0.812199 0.017870
5 0.519262 0.789135 0.659711 0.017155
5 0.520064 0.812723 0.391653 0.018585
5 0.521669 0.849893 0.648475 0.018585
9 0.523274 0.888134 0.808989 0.020729
5 0.524077 0.911365 0.865169 0.014296
5 0.522472 0.932809 0.245586 0.014296
5 0.519262 0.962831 0.743178 0.018585