0 0.510661 0.116379 0.808102 0.030933
1 0.507996 0.144270 0.195096 0.021805
5 0.506930 0.168357 0.487207 0.024341
5 0.505330 0.192444 0.200426 0.021805
1 0.504264 0.216531 0.434968 0.024341
9 0.510661 0.237576 0.330490 0.020791
4 0.506930 0.269270 0.414712 0.019270
4 0.505330 0.293611 0.494670 0.027383
11 0.107676 0.331136 0.127932 0.017241
5 0.124200 0.357252 0.133262 0.020791
9 0.417910 0.358012 0.289979 0.018256
2 0.757996 0.358012 0.309168 0.025355
10 0.127932 0.383621 0.144989 0.022819
11 0.361940 0.384635 0.158849 0.020791
11 0.731343 0.382606 0.270789 0.020791
5 0.184435 0.409229 0.257996 0.024341
11 0.652452 0.409229 0.113006 0.026369
11 0.094883 0.453093 0.093817 0.021805
11 0.409915 0.453600 0.067164 0.022819
5 0.569296 0.454868 0.130064 0.025355
5 0.750000 0.454361 0.152452 0.024341
4 0.894989 0.454615 0.082090 0.020791
6 0.104478 0.478195 0.087420 0.019270
5 0.237207 0.502028 0.359275 0.026369
6 0.099680 0.527637 0.097015 0.021805
5 0.196162 0.554260 0.289979 0.024341
6 0.408316 0.478702 0.038380 0.016227
8 0.569829 0.477941 0.082090 0.021805
8 0.776652 0.480477 0.101279 0.021805
11 0.894989 0.478955 0.060768 0.020791
6 0.411514 0.529919 0.040512 0.019270
8 0.577292 0.528905 0.097015 0.024341
8 0.777719 0.532454 0.097015 0.024341
11 0.898188 0.530680 0.062900 0.020791
11 0.234542 0.580882 0.179104 0.020791
6 0.407783 0.578347 0.047974 0.022819
3 0.778252 0.581136 0.108742 0.025355
4 0.395522 0.616633 0.496802 0.027383
8 0.771322 0.615872 0.118337 0.021805
5 0.549041 0.642748 0.204691 0.022819
8 0.778252 0.643002 0.093817 0.018256
4 0.545309 0.670639 0.231343 0.022819
8 0.783049 0.669625 0.099147 0.020791
5 0.542111 0.697515 0.195096 0.021805
8 0.784648 0.697262 0.076759 0.019270
4 0.364606 0.730730 0.565032 0.024341
8 0.773454 0.727941 0.103412 0.020791
11 0.564499 0.757860 0.158849 0.020791
8 0.776652 0.756846 0.101279 0.020791
5 0.551706 0.783722 0.190832 0.021805
8 0.784648 0.783469 0.087420 0.017241
4 0.267058 0.831643 0.301706 0.019270
4 0.212154 0.862830 0.179104 0.021805
11 0.398188 0.863083 0.047974 0.024341
11 0.581023 0.863083 0.168443 0.024341
4 0.802239 0.863083 0.171642 0.024341
11 0.164179 0.884381 0.072495 0.017241
6 0.399787 0.884381 0.036247 0.017241
8 0.607143 0.886410 0.103412 0.018256
8 0.840085 0.886917 0.087420 0.024341
11 0.386461 0.916582 0.135394 0.021805
8 0.610341 0.917596 0.116205 0.020791
8 0.835821 0.916836 0.093817 0.017241
5 0.499467 0.964757 0.792111 0.021805