0 0.510552 0.062500 0.897727 0.023333
1 0.503247 0.082500 0.441558 0.020000
1 0.502435 0.102083 0.482143 0.020833
9 0.347403 0.119583 0.298701 0.017500
4 0.508117 0.140000 0.389610 0.018333
4 0.504058 0.179583 0.560065 0.032500
11 0.612825 0.229583 0.430195 0.030833
9 0.108766 0.254167 0.139610 0.021667
2 0.676136 0.257083 0.313312 0.017500
5 0.320617 0.285833 0.560065 0.030000
5 0.271916 0.315000 0.465909 0.020000
5 0.185877 0.334583 0.287338 0.019167
1 0.301136 0.353333 0.521104 0.018333
1 0.240260 0.371667 0.399351 0.018333
2 0.538149 0.390000 0.261364 0.018333
5 0.141234 0.415000 0.214286 0.016667
11 0.314123 0.413333 0.063312 0.015000
11 0.391234 0.414167 0.058442 0.016667
11 0.468344 0.415000 0.063312 0.015000
11 0.543019 0.415000 0.027597 0.015000
11 0.611201 0.414167 0.079545 0.016667
11 0.752435 0.416250 0.134740 0.015833
5 0.133117 0.444583 0.201299 0.017500
8 0.301948 0.445417 0.081169 0.015833
6 0.408279 0.445833 0.027597 0.015000
6 0.487013 0.445000 0.025974 0.015000
6 0.543831 0.445833 0.022727 0.015000
6 0.640422 0.446250 0.024351 0.015833
8 0.781656 0.445833 0.082792 0.016667
5 0.120942 0.464583 0.180195 0.015833
8 0.303571 0.464583 0.081169 0.015833
6 0.408279 0.464167 0.027597 0.015000
6 0.486201 0.464167 0.024351 0.015000
6 0.543019 0.464583 0.024351 0.015833
6 0.637175 0.465417 0.024351 0.015833
8 0.782468 0.465417 0.081169 0.014167
5 0.123377 0.484583 0.188312 0.019167
8 0.303571 0.484583 0.084416 0.015833
6 0.409091 0.484167 0.025974 0.015000
6 0.484578 0.484583 0.027597 0.015833
6 0.543019 0.483750 0.027597 0.015833
6 0.637987 0.484583 0.025974 0.014167
8 0.774351 0.484583 0.097403 0.015833
11 0.470779 0.519583 0.350649 0.032500
8 0.774351 0.518333 0.110390 0.028333
5 0.122565 0.552083 0.176948 0.017500
8 0.301948 0.553333 0.084416 0.015000
6 0.407468 0.553333 0.025974 0.015000
6 0.485390 0.552917 0.022727 0.014167
6 0.544643 0.554167 0.027597 0.015000
11 0.630682 0.553333 0.037338 0.015000
8 0.772727 0.553750 0.097403 0.015833
5 0.104708 0.572083 0.144481 0.019167
8 0.301948 0.572083 0.081169 0.015833
6 0.409091 0.572917 0.025974 0.014167
6 0.486201 0.572083 0.024351 0.015833
6 0.543019 0.572083 0.027597 0.015833
11 0.629058 0.572083 0.043831 0.014167
8 0.772727 0.573333 0.097403 0.015000
4 0.361201 0.607083 0.579545 0.035833
8 0.771916 0.606250 0.105519 0.029167
4 0.607143 0.644583 0.077922 0.027500
8 0.772727 0.645000 0.100649 0.026667
4 0.366883 0.688750 0.561688 0.035833
8 0.771916 0.687917 0.095779 0.032500
11 0.475649 0.726250 0.347403 0.030833
8 0.772727 0.726250 0.110390 0.030833
11 0.508929 0.770417 0.271104 0.035833
3 0.771916 0.767917 0.102273 0.029167
11 0.116071 0.813750 0.154221 0.015833
5 0.468344 0.834167 0.862013 0.018333
5 0.419643 0.853750 0.758117 0.019167
5 0.475649 0.874167 0.876623 0.018333
4 0.385552 0.893333 0.693182 0.018333
4 0.415584 0.912917 0.753247 0.019167
5 0.184253 0.933333 0.300325 0.018333
5 0.502435 0.954583 0.387987 0.017500
9 0.667208 0.121250 0.295455 0.017500
11 0.749188 0.392083 0.092532 0.017500