0 0.437232 0.167552 0.357296 0.023599
9 0.425429 0.193805 0.209227 0.019469
5 0.430258 0.218879 0.536481 0.025959
1 0.440987 0.245428 0.635193 0.024779
1 0.430794 0.271386 0.417382 0.022419
4 0.432940 0.293805 0.462446 0.020059
4 0.415773 0.346313 0.419528 0.025959
9 0.203326 0.394100 0.312232 0.022419
10 0.536481 0.395280 0.291845 0.027139
11 0.089056 0.422419 0.083691 0.025959
2 0.386266 0.421534 0.405579 0.027729
5 0.152897 0.472566 0.215665 0.027139
11 0.369099 0.470796 0.060086 0.028319
5 0.538627 0.470206 0.148069 0.024779
11 0.685622 0.469617 0.096567 0.024779
4 0.783262 0.469617 0.057940 0.023599
11 0.127146 0.520354 0.168455 0.025959
11 0.346030 0.543363 0.063305 0.024779
8 0.525215 0.542183 0.080472 0.022419
8 0.699034 0.546313 0.082618 0.025959
11 0.792382 0.544543 0.035408 0.027139
5 0.134657 0.569912 0.179185 0.025959
11 0.347103 0.594100 0.065451 0.022419
8 0.526824 0.593510 0.087983 0.023599
8 0.697425 0.591740 0.087983 0.023599
11 0.793991 0.597050 0.047210 0.025959
6 0.170601 0.643068 0.238197 0.022419
4 0.259657 0.669617 0.433476 0.023599
8 0.768240 0.667847 0.094421 0.027139
4 0.216738 0.693805 0.330472 0.024779
8 0.770923 0.694985 0.082618 0.020059
4 0.286481 0.720354 0.487124 0.025959
3 0.771996 0.718584 0.084764 0.020059
11 0.161481 0.745133 0.224249 0.023599
8 0.730687 0.745133 0.145923 0.021239
11 0.109979 0.793510 0.116953 0.027139
8 0.768777 0.794100 0.069742 0.022419
4 0.156116 0.869617 0.222103 0.023599
5 0.519313 0.870501 0.188841 0.019469
4 0.742489 0.867257 0.133047 0.025959
11 0.075107 0.893805 0.055794 0.022419
11 0.294528 0.894985 0.116953 0.024779
8 0.586373 0.893805 0.082618 0.022419
8 0.771996 0.894395 0.080472 0.021239