6 0.121971 0.033714 0.192246 0.035429
0 0.499192 0.163429 0.523425 0.025143
1 0.504847 0.192000 0.159935 0.022857
1 0.502423 0.218286 0.575121 0.022857
5 0.503231 0.241714 0.373183 0.021714
1 0.508078 0.270286 0.567044 0.021714
5 0.505654 0.296571 0.219709 0.019429
4 0.506462 0.325714 0.399031 0.025143
4 0.504039 0.364571 0.190630 0.022857
2 0.265751 0.395429 0.153473 0.025143
1 0.704362 0.394857 0.216478 0.021714
11 0.639742 0.448571 0.048465 0.024000
4 0.703554 0.447429 0.056543 0.021714
11 0.823102 0.448000 0.050081 0.018286
1 0.369952 0.473143 0.390953 0.022857
6 0.642165 0.473143 0.021002 0.020571
11 0.708401 0.474286 0.040388 0.018286
3 0.810178 0.473143 0.075929 0.018286
11 0.366721 0.498857 0.374798 0.024000
4 0.404685 0.554286 0.392569 0.025143
8 0.773021 0.554286 0.075929 0.018286
5 0.447496 0.592571 0.316640 0.021714
11 0.463651 0.629143 0.281099 0.021714
8 0.768982 0.627429 0.084006 0.020571
5 0.504847 0.666857 0.195477 0.019429
8 0.771405 0.666286 0.075929 0.018286
5 0.535541 0.705143 0.127625 0.025143
8 0.781099 0.705714 0.063005 0.021714
11 0.472536 0.744000 0.256866 0.022857
6 0.801292 0.743429 0.019386 0.021714
4 0.307754 0.803429 0.205170 0.025143
5 0.522617 0.800000 0.111470 0.018286
4 0.744750 0.800571 0.051696 0.019429
11 0.543619 0.826286 0.069467 0.022857
11 0.736672 0.828000 0.071082 0.021714
11 0.260905 0.862857 0.114701 0.022857
8 0.551696 0.861143 0.072698 0.017143
8 0.740711 0.860571 0.059774 0.018286
11 0.236672 0.893714 0.072698 0.020571
8 0.554120 0.890857 0.074313 0.019429
8 0.739095 0.892571 0.059774 0.018286
5 0.486268 0.937143 0.187399 0.022857
5 0.497577 0.965143 0.481422 0.021714