0 0.504870 0.065417 0.912338 0.019167
1 0.507305 0.084167 0.446429 0.020000
1 0.504058 0.104583 0.488636 0.019167
9 0.347403 0.124167 0.301948 0.018333
4 0.507305 0.142500 0.391234 0.020000
4 0.506494 0.183333 0.564935 0.030000
11 0.615260 0.231667 0.428571 0.030000
2 0.677760 0.259167 0.319805 0.016667
9 0.110390 0.258333 0.139610 0.020000
5 0.322240 0.289167 0.560065 0.028333
5 0.273539 0.317917 0.462662 0.019167
5 0.185877 0.337500 0.290584 0.018333
1 0.303571 0.355000 0.519481 0.020000
11 0.206169 0.373750 0.321429 0.019167
2 0.540584 0.393750 0.259740 0.019167
5 0.142857 0.417500 0.214286 0.016667
8 0.776786 0.518750 0.108766 0.027500
11 0.410714 0.417083 0.061688 0.017500
11 0.491071 0.417917 0.060065 0.015833
11 0.568182 0.416667 0.064935 0.015000
11 0.641234 0.416667 0.025974 0.016667
11 0.711851 0.417083 0.079545 0.015833
11 0.853896 0.417917 0.139610 0.017500
5 0.132305 0.447083 0.202922 0.019167
8 0.403409 0.447083 0.076299 0.017500
6 0.509740 0.447917 0.035714 0.019167
6 0.583604 0.447083 0.024351 0.015833
6 0.641234 0.447083 0.025974 0.015833
11 0.730519 0.447500 0.042208 0.013333
8 0.866883 0.446667 0.126623 0.016667
5 0.122565 0.467083 0.176948 0.019167
8 0.400974 0.467083 0.081169 0.015833
6 0.508117 0.467083 0.029221 0.015833
6 0.585227 0.467083 0.024351 0.015833
6 0.640422 0.467500 0.027597 0.015000
11 0.729708 0.467500 0.040584 0.015000
8 0.871753 0.467500 0.103896 0.016667
5 0.124188 0.485833 0.180195 0.016667
8 0.403409 0.485417 0.082792 0.015833
6 0.508117 0.486250 0.025974 0.015833
6 0.583604 0.485833 0.027597 0.015000
6 0.639610 0.486667 0.029221 0.016667
6 0.737825 0.485833 0.024351 0.015000
8 0.882305 0.485833 0.082792 0.016667
11 0.478084 0.520833 0.349026 0.033333
8 0.237013 0.553750 0.405844 0.017500
6 0.506494 0.554167 0.022727 0.016667
6 0.583604 0.554167 0.030844 0.016667
6 0.641234 0.554167 0.025974 0.015000
6 0.737825 0.553750 0.027597 0.015833
8 0.882305 0.553750 0.086039 0.019167
5 0.124188 0.573750 0.180195 0.019167
8 0.402597 0.573333 0.087662 0.016667
6 0.498377 0.573750 0.042208 0.019167
6 0.585227 0.574167 0.027597 0.016667
6 0.640422 0.573333 0.024351 0.016667
6 0.727273 0.574167 0.042208 0.016667
8 0.879058 0.573750 0.082792 0.017500
4 0.360390 0.608333 0.577922 0.033333
8 0.777597 0.606667 0.100649 0.030000
4 0.610390 0.645000 0.077922 0.030000
8 0.782468 0.645417 0.084416 0.029167
4 0.374188 0.688333 0.566558 0.033333
8 0.775162 0.686250 0.099026 0.029167
11 0.476461 0.727917 0.349026 0.037500
8 0.771916 0.725833 0.108766 0.028333
11 0.511364 0.770833 0.275974 0.035000
3 0.783279 0.768333 0.086039 0.028333
11 0.116071 0.814167 0.154221 0.018333
5 0.472403 0.834167 0.870130 0.018333
5 0.415584 0.854583 0.762987 0.019167
5 0.471591 0.874583 0.871753 0.019167
4 0.403409 0.893333 0.732143 0.018333
4 0.424513 0.913333 0.774351 0.018333
5 0.186688 0.931250 0.298701 0.017500
5 0.502435 0.954167 0.394481 0.018333
9 0.669643 0.123750 0.297078 0.017500
11 0.755682 0.393333 0.095779 0.018333