0 0.443820 0.103729 0.759230 0.024407
1 0.439005 0.133898 0.736758 0.014237
1 0.227929 0.150508 0.314607 0.013559
11 0.381220 0.169831 0.624398 0.015593
11 0.245586 0.189153 0.353130 0.013559
4 0.297753 0.206441 0.457464 0.014237
4 0.801766 0.214915 0.296950 0.016271
5 0.138844 0.228475 0.162119 0.016271
9 0.326645 0.244068 0.544141 0.014915
5 0.273676 0.281017 0.415730 0.015593
11 0.198234 0.324746 0.219904 0.013559
3 0.232745 0.383729 0.199037 0.014915
5 0.685393 0.324068 0.497592 0.013559
5 0.691011 0.342373 0.508828 0.016271
5 0.552970 0.363390 0.232745 0.017627
8 0.800963 0.381017 0.096308 0.014915
11 0.915730 0.381017 0.049759 0.014915
4 0.300963 0.407119 0.505618 0.015593
5 0.463082 0.426441 0.146067 0.013559
11 0.428571 0.454915 0.089888 0.016271
5 0.475923 0.477288 0.168539 0.016271
11 0.477528 0.504746 0.171750 0.014237
11 0.437400 0.544068 0.091493 0.015593
5 0.462279 0.566780 0.141252 0.013559
8 0.802568 0.406441 0.096308 0.012881
8 0.809791 0.427797 0.075441 0.013559
8 0.804173 0.456271 0.096308 0.013559
8 0.816212 0.477627 0.078652 0.012881
8 0.806581 0.506441 0.101124 0.016271
8 0.808186 0.546441 0.094703 0.016271
8 0.811396 0.566780 0.097913 0.013559
4 0.171750 0.596949 0.234350 0.015593
5 0.522472 0.595932 0.216693 0.016271
4 0.844302 0.594576 0.144462 0.016271
11 0.133226 0.616610 0.157303 0.015593
8 0.577047 0.615593 0.097913 0.014915
8 0.881220 0.614576 0.070626 0.012881
9 0.263242 0.668136 0.417335 0.015593
2 0.680578 0.668814 0.324238 0.016949
5 0.524077 0.760678 0.810594 0.014915
5 0.522472 0.794576 0.659711 0.013559
5 0.524077 0.815254 0.396469 0.014237
5 0.522472 0.842373 0.643660 0.014237
9 0.524880 0.878305 0.805778 0.015593
5 0.528090 0.901356 0.863563 0.015593
5 0.527287 0.922034 0.239165 0.013559
5 0.528090 0.958305 0.741573 0.016949