0 0.324401 0.134840 0.479549 0.026500
5 0.334979 0.162120 0.509168 0.028059
1 0.387870 0.187451 0.614951 0.025721
9 0.297602 0.213952 0.239774 0.024162
4 0.352609 0.240062 0.352609 0.026500
11 0.136812 0.287607 0.110014 0.021824
2 0.488011 0.341777 0.818054 0.024162
5 0.243300 0.366719 0.322990 0.024162
11 0.654443 0.371005 0.282087 0.023383
5 0.191114 0.390491 0.224260 0.023383
11 0.127645 0.441543 0.097320 0.019486
11 0.392102 0.444271 0.081805 0.020265
11 0.526798 0.447389 0.066291 0.021824
5 0.683357 0.447389 0.179126 0.020265
6 0.191819 0.468433 0.225670 0.024942
6 0.202398 0.520265 0.244006 0.022603
6 0.191819 0.570538 0.220028 0.023383
6 0.435825 0.471161 0.064880 0.021044
6 0.421721 0.521824 0.022567 0.022603
6 0.411848 0.573266 0.016925 0.019486
8 0.555712 0.473500 0.081805 0.021044
8 0.546544 0.522603 0.114245 0.024162
8 0.534556 0.574045 0.112835 0.024162
8 0.694640 0.473110 0.108604 0.024942
8 0.694640 0.521824 0.114245 0.024162
8 0.685472 0.574045 0.104372 0.022603
5 0.390691 0.495713 0.620592 0.024942
5 0.481664 0.547935 0.805360 0.024942
5 0.301128 0.597428 0.441467 0.025721
11 0.251763 0.648480 0.345557 0.024942
6 0.565585 0.651988 0.067701 0.021044
11 0.192525 0.699922 0.227080 0.024942
11 0.131171 0.724084 0.104372 0.021824
4 0.124824 0.749805 0.088858 0.024942
4 0.119182 0.775136 0.080395 0.022603
5 0.191114 0.801637 0.221439 0.022603
11 0.145980 0.826968 0.131171 0.024942
11 0.135402 0.852689 0.112835 0.021824
5 0.166432 0.878800 0.172073 0.024162
8 0.416784 0.701481 0.105783 0.020265
8 0.349788 0.726812 0.084626 0.022603
8 0.349788 0.751364 0.084626 0.021824
8 0.341326 0.777475 0.084626 0.022603
8 0.425247 0.803975 0.083216 0.021044
3 0.366714 0.828917 0.107193 0.022603
8 0.363893 0.853858 0.101551 0.019486
8 0.399154 0.880748 0.081805 0.023383
5 0.458392 0.932970 0.758815 0.024942
5 0.202398 0.954793 0.249647 0.024942
5 0.769394 0.116524 0.328632 0.047545