6 0.126072 0.038373 0.193825 0.018419
0 0.498285 0.159632 0.636364 0.018419
5 0.499142 0.186493 0.346484 0.015349
5 0.500000 0.212970 0.341338 0.016117
1 0.497427 0.239831 0.421955 0.014582
5 0.496569 0.265541 0.193825 0.015349
0 0.498285 0.299309 0.495712 0.018419
4 0.500000 0.328089 0.516295 0.020721
4 0.499142 0.361474 0.243568 0.016884
9 0.171527 0.395625 0.209262 0.016117
1 0.439108 0.394091 0.171527 0.016117
11 0.122642 0.421719 0.104631 0.014582
2 0.501715 0.421719 0.303602 0.016117
5 0.163808 0.448964 0.186964 0.015349
6 0.375643 0.447429 0.041166 0.016884
11 0.716123 0.478127 0.070326 0.016884
11 0.875643 0.478127 0.108062 0.018419
1 0.343911 0.506907 0.550600 0.017652
11 0.210978 0.533001 0.192110 0.017652
11 0.379931 0.534152 0.025729 0.015349
8 0.491424 0.534152 0.097770 0.016884
3 0.695540 0.533001 0.118353 0.014582
11 0.898799 0.533001 0.065180 0.014582
11 0.347341 0.563699 0.173242 0.017652
8 0.696398 0.563699 0.116638 0.017652
4 0.271870 0.596700 0.313894 0.017652
8 0.704974 0.595549 0.099485 0.013814
4 0.276158 0.624712 0.301887 0.018419
8 0.695540 0.623945 0.121784 0.015349
11 0.262436 0.653492 0.343053 0.016117
8 0.697256 0.653492 0.114923 0.016117
5 0.343053 0.679586 0.192110 0.020721
8 0.696398 0.677283 0.116638 0.014582
5 0.311321 0.704528 0.262436 0.018419
8 0.714408 0.702226 0.077187 0.016884
11 0.220412 0.737529 0.293310 0.019954
4 0.211835 0.768227 0.255575 0.018419
5 0.511149 0.765925 0.219554 0.018419
4 0.794168 0.763622 0.157804 0.018419
11 0.113208 0.796623 0.058319 0.015349
11 0.283877 0.796623 0.104631 0.018419
8 0.573756 0.794705 0.101201 0.014582
8 0.834477 0.795088 0.070326 0.015349
5 0.496569 0.899463 0.228130 0.016884
5 0.494854 0.920952 0.409949 0.016884