0 0.473595 0.122530 0.725724 0.014681
5 0.472743 0.137493 0.734242 0.014116
5 0.470187 0.149915 0.555366 0.011858
1 0.476150 0.163467 0.175468 0.011858
5 0.471039 0.177583 0.580920 0.014116
5 0.475298 0.191700 0.473595 0.014116
1 0.473595 0.206381 0.630324 0.014116
9 0.477002 0.220215 0.793867 0.013552
4 0.471039 0.234613 0.437819 0.014116
4 0.476150 0.268492 0.475298 0.023151
11 0.091993 0.318746 0.091993 0.011858
2 0.449744 0.345850 0.817717 0.014116
5 0.247019 0.361095 0.408859 0.011858
11 0.663543 0.359966 0.308348 0.012987
11 0.090290 0.389328 0.085179 0.012987
11 0.460818 0.388199 0.066440 0.012987
11 0.632027 0.388199 0.071550 0.011858
5 0.791312 0.388199 0.134583 0.011858
11 0.620954 0.402880 0.076661 0.012987
11 0.814310 0.403444 0.074957 0.014116
6 0.189949 0.417561 0.287905 0.011858
6 0.439523 0.417843 0.023850 0.011293
3 0.609029 0.417843 0.114140 0.012422
8 0.804940 0.417561 0.114140 0.015246
11 0.889267 0.416149 0.037479 0.012422
5 0.345826 0.432242 0.603066 0.011858
11 0.195911 0.460474 0.303237 0.011858
6 0.591993 0.459910 0.018739 0.011858
4 0.534923 0.501129 0.316865 0.011858
11 0.545145 0.514681 0.088586 0.012987
5 0.588586 0.529362 0.172061 0.012987
11 0.209540 0.544043 0.214651 0.011858
11 0.189097 0.557877 0.173765 0.014681
5 0.231687 0.571993 0.255537 0.012422
8 0.854344 0.500565 0.107325 0.012987
8 0.863714 0.514681 0.088586 0.012987
8 0.866269 0.528797 0.090290 0.010728
8 0.804940 0.542914 0.212947 0.014116
8 0.807496 0.556748 0.224872 0.013552
8 0.804940 0.571146 0.219761 0.014116
4 0.482112 0.600226 0.579216 0.014681
4 0.478705 0.628741 0.241908 0.014116
11 0.113288 0.656409 0.090290 0.015246
5 0.471891 0.655844 0.126065 0.011858
11 0.651618 0.655562 0.032368 0.013552
4 0.821976 0.655844 0.151618 0.012987
11 0.092845 0.684924 0.049404 0.012422
8 0.488075 0.684359 0.110733 0.013552
6 0.652470 0.682947 0.020443 0.012987
8 0.858603 0.682947 0.085179 0.012987
4 0.578365 0.724732 0.209540 0.016375
8 0.860307 0.725296 0.085179 0.011858
5 0.487223 0.785997 0.643952 0.013552
5 0.488927 0.800113 0.551959 0.013552
5 0.486371 0.812535 0.761499 0.011293
5 0.486371 0.825240 0.839864 0.011858
1 0.489779 0.838509 0.802385 0.011293
5 0.484668 0.852626 0.461670 0.011293