0 0.514485 0.112307 0.672747 0.022627
1 0.499464 0.139901 0.863734 0.030353
1 0.510730 0.167494 0.369099 0.023731
9 0.515021 0.193709 0.540773 0.024283
4 0.503219 0.221578 0.439914 0.023731
9 0.137339 0.278146 0.175966 0.023179
6 0.427039 0.276214 0.109442 0.022627
11 0.104077 0.306291 0.109442 0.024283
2 0.621781 0.304084 0.494635 0.023179
5 0.146459 0.333333 0.194206 0.023179
11 0.415773 0.332506 0.091202 0.024834
10 0.155579 0.359272 0.216738 0.023179
5 0.460837 0.359272 0.172747 0.024283
11 0.095494 0.413907 0.094421 0.024283
11 0.534335 0.412804 0.115880 0.023179
11 0.704399 0.413079 0.067597 0.025938
11 0.899678 0.412252 0.108369 0.024283
5 0.211910 0.469371 0.325107 0.027042
3 0.511803 0.468819 0.158798 0.025938
11 0.713519 0.468819 0.042918 0.021523
11 0.875000 0.466887 0.151288 0.024283
5 0.204936 0.523455 0.300429 0.023731
4 0.329936 0.586921 0.565451 0.042494
11 0.878755 0.587748 0.165236 0.040839
11 0.094957 0.620585 0.091202 0.021523
5 0.145386 0.648179 0.194206 0.024834
11 0.865343 0.646247 0.177039 0.020971
5 0.126609 0.674669 0.152361 0.024834
11 0.878219 0.673565 0.155579 0.024834
4 0.179185 0.729029 0.257511 0.023179
11 0.875000 0.727097 0.151288 0.021523
4 0.146459 0.755243 0.198498 0.024834
11 0.889485 0.754139 0.135193 0.021523
11 0.071888 0.809327 0.047210 0.022627
11 0.620708 0.809603 0.155579 0.023179
11 0.885193 0.809327 0.137339 0.023731
4 0.243562 0.837748 0.388412 0.022075
11 0.629292 0.835817 0.138412 0.022627
11 0.886266 0.836093 0.133047 0.022075
11 0.071888 0.863135 0.045064 0.024283
11 0.631438 0.862583 0.131974 0.020971
11 0.886803 0.861755 0.136266 0.022627
4 0.245708 0.890177 0.386266 0.023179
11 0.630901 0.890728 0.135193 0.020971
11 0.887339 0.889349 0.135193 0.021523
5 0.516631 0.944536 0.198498 0.022627