1 0.328431 0.129065 0.591503 0.020325
5 0.342320 0.158028 0.612745 0.021341
1 0.494281 0.189024 0.916667 0.022358
1 0.441993 0.221037 0.805556 0.021341
11 0.279412 0.252033 0.486928 0.018293
5 0.308007 0.283537 0.544118 0.022358
0 0.432190 0.312500 0.792484 0.021341
4 0.267974 0.341463 0.467320 0.020325
11 0.208333 0.403963 0.060458 0.019309
11 0.377451 0.403963 0.088235 0.017276
11 0.548203 0.403963 0.073529 0.019309
11 0.723039 0.404472 0.073529 0.018293
5 0.369281 0.433943 0.666667 0.022358
6 0.228758 0.463923 0.016340 0.017276
3 0.387255 0.464431 0.068627 0.020325
8 0.549837 0.464939 0.066993 0.019309
8 0.727941 0.464431 0.063725 0.018293
11 0.820261 0.464939 0.042484 0.017276
11 0.119281 0.522866 0.166667 0.019309
8 0.809641 0.524898 0.066993 0.019309
11 0.145425 0.552846 0.218954 0.018293
8 0.808824 0.553354 0.065359 0.019309
11 0.163399 0.613821 0.254902 0.020325
8 0.798203 0.614329 0.083333 0.019309
5 0.137255 0.674289 0.202614 0.021341
8 0.797386 0.674797 0.084967 0.020325
11 0.118464 0.733232 0.171569 0.021341
6 0.480392 0.734248 0.016340 0.017276
11 0.054739 0.793191 0.040850 0.019309
5 0.355392 0.794207 0.129085 0.019309
8 0.517157 0.793699 0.066993 0.020325
4 0.675654 0.793191 0.083333 0.021341
8 0.808007 0.794207 0.066993 0.019309
2 0.213235 0.854167 0.357843 0.019309
9 0.303105 0.884146 0.537582 0.020325
4 0.213235 0.944106 0.354575 0.020325
11 0.102124 0.795224 0.008170 0.013211
11 0.165850 0.794207 0.060458 0.019309