4 0.469966 0.111032 0.085668 0.009122
0 0.472082 0.122719 0.106027 0.010547
4 0.472183 0.138398 0.202983 0.011688
5 0.470570 0.152651 0.252973 0.013683
1 0.471780 0.165336 0.292078 0.014823
1 0.473191 0.179946 0.155412 0.009835
5 0.376638 0.229190 0.108244 0.010547
5 0.553114 0.227124 0.097964 0.010975
11 0.343580 0.265108 0.042935 0.008267
11 0.431667 0.262970 0.044547 0.009122
11 0.513606 0.262828 0.017738 0.010262
11 0.567124 0.260262 0.043338 0.009122
11 0.403447 0.277580 0.161863 0.010975
2 0.560673 0.274444 0.116307 0.010975
5 0.375932 0.298674 0.107640 0.010975
11 0.408889 0.312144 0.170329 0.013683
11 0.335819 0.338227 0.027414 0.010262
11 0.372606 0.336659 0.034872 0.009407
11 0.432272 0.335448 0.035275 0.008694
5 0.490828 0.335162 0.050393 0.010975
11 0.550998 0.332811 0.036888 0.009407
11 0.609958 0.332312 0.042330 0.009835
6 0.335013 0.357041 0.013304 0.010547
5 0.380871 0.356186 0.051401 0.009122
8 0.650776 0.351910 0.046563 0.008267
6 0.335114 0.374074 0.009071 0.008694
11 0.369280 0.373503 0.026204 0.009835
5 0.496876 0.371223 0.063697 0.009835
8 0.607035 0.368230 0.042935 0.009835
6 0.335719 0.390607 0.010280 0.007554
11 0.369280 0.390108 0.025801 0.007982
11 0.426426 0.389324 0.038500 0.010975
5 0.497480 0.387543 0.064906 0.009122
8 0.610260 0.385547 0.033663 0.008837
6 0.335517 0.407568 0.010280 0.008409
11 0.368877 0.407141 0.026608 0.007554
11 0.427031 0.406499 0.038500 0.010262
5 0.497984 0.405074 0.065108 0.009122
8 0.609655 0.402437 0.034469 0.008409
6 0.335013 0.424815 0.009272 0.007839
11 0.369885 0.424245 0.027011 0.008124
5 0.496876 0.422463 0.063697 0.008837
8 0.610865 0.419185 0.034066 0.009122
6 0.335618 0.440921 0.009675 0.008124
11 0.374723 0.440351 0.035477 0.008409
11 0.423403 0.440422 0.029228 0.009692
5 0.497883 0.438141 0.063294 0.008837
8 0.606934 0.436574 0.040314 0.008837
8 0.555432 0.461730 0.042935 0.008409
8 0.605725 0.461588 0.040718 0.008124
11 0.369280 0.482540 0.089498 0.008124
11 0.501209 0.479903 0.007055 0.006556
11 0.361721 0.498432 0.073574 0.009407
11 0.501209 0.496579 0.006249 0.006271
8 0.575791 0.495225 0.042935 0.008409
5 0.385406 0.515750 0.120943 0.010690
11 0.501411 0.513113 0.007458 0.006842
8 0.575489 0.512115 0.041121 0.009122
11 0.369381 0.531214 0.087684 0.010262
11 0.501310 0.529076 0.008869 0.006842
3 0.574985 0.528292 0.042129 0.008409
5 0.353558 0.548746 0.058859 0.010262
11 0.501008 0.544969 0.006652 0.007269
8 0.575791 0.544755 0.042935 0.009122
5 0.365047 0.564353 0.081838 0.010975
11 0.500605 0.561288 0.006652 0.006556
8 0.575287 0.560647 0.040718 0.008409
4 0.390143 0.578677 0.129208 0.008837
11 0.500806 0.578107 0.007055 0.006556
8 0.578512 0.577109 0.035074 0.008837
5 0.473292 0.604903 0.239065 0.009977
5 0.473090 0.622506 0.162467 0.010690
5 0.474300 0.635761 0.116106 0.008409
5 0.473796 0.649230 0.209030 0.010262
5 0.477323 0.663769 0.291473 0.009977
5 0.473191 0.677024 0.178391 0.009122
9 0.472889 0.690921 0.225761 0.010975
5 0.461903 0.711659 0.254989 0.009977
5 0.461802 0.725200 0.144326 0.009407
11 0.462205 0.740308 0.201572 0.009692
5 0.462306 0.754133 0.146946 0.009692
5 0.459686 0.776796 0.271921 0.009122
5 0.460391 0.788911 0.243096 0.009692
5 0.460794 0.801383 0.201572 0.008409
5 0.459786 0.812714 0.144729 0.009977
5 0.460794 0.830459 0.066922 0.010690
5 0.458275 0.841648 0.223140 0.011973
0 0.457771 0.854262 0.125378 0.011545
6 0.608345 0.855259 0.008869 0.007839