11 0.729873 0.037530 0.046610 0.023753
0 0.483051 0.132542 0.631356 0.018052
9 0.487288 0.152019 0.273305 0.017102
5 0.486758 0.173872 0.433263 0.016152
1 0.490996 0.196675 0.498941 0.015202
9 0.309322 0.232304 0.313559 0.015202
9 0.664725 0.231829 0.314619 0.016152
4 0.488877 0.256057 0.395127 0.015202
4 0.488347 0.283848 0.252119 0.015677
5 0.107521 0.304988 0.119703 0.016152
5 0.322034 0.328266 0.550847 0.015202
5 0.227754 0.350594 0.351695 0.015202
1 0.222987 0.369834 0.344280 0.014727
5 0.233051 0.392637 0.368644 0.016627
9 0.161547 0.416627 0.215042 0.015202
5 0.119174 0.437767 0.134534 0.016627
9 0.399364 0.437292 0.243644 0.016627
2 0.788136 0.435867 0.292373 0.015677
10 0.178496 0.460095 0.001059 0.016627
11 0.345869 0.460570 0.140890 0.013777
11 0.766419 0.460570 0.253178 0.015677
5 0.171081 0.486461 0.236229 0.018052
11 0.691737 0.484798 0.080508 0.015677
11 0.084746 0.533492 0.063559 0.014252
11 0.337924 0.535154 0.057203 0.018527
5 0.468750 0.533729 0.104873 0.014727
4 0.608581 0.516865 0.092161 0.016152
4 0.795551 0.517815 0.091102 0.017102
4 0.914195 0.533254 0.055085 0.015677
6 0.108051 0.552257 0.103814 0.012827
6 0.339513 0.554157 0.037076 0.013777
8 0.471398 0.553444 0.076271 0.015202
8 0.611758 0.553682 0.079449 0.012827
3 0.792903 0.553919 0.096398 0.014252
11 0.920021 0.553682 0.041314 0.012827
11 0.104343 0.575059 0.102754 0.012827
11 0.173199 0.599287 0.155720 0.021378
6 0.340572 0.598812 0.039195 0.014727
8 0.789725 0.599762 0.111229 0.015677
4 0.422669 0.638005 0.478814 0.017102
8 0.791314 0.637767 0.108051 0.013777
5 0.576271 0.664846 0.180085 0.016627
8 0.809852 0.664371 0.073093 0.014727
4 0.565148 0.692162 0.195975 0.017102
8 0.809322 0.692399 0.074153 0.014727
5 0.570975 0.720428 0.186441 0.017577
8 0.810381 0.719477 0.072034 0.014727
4 0.388771 0.747981 0.550847 0.018527
8 0.791314 0.747031 0.114407 0.014727
11 0.592691 0.775059 0.138771 0.017577
8 0.791314 0.774822 0.112288 0.019002
5 0.577860 0.797150 0.172669 0.019002
8 0.811441 0.796200 0.072034 0.015202
4 0.256886 0.844418 0.270127 0.015677
4 0.206568 0.871259 0.163136 0.018052
11 0.404131 0.869834 0.039195 0.020903
11 0.592691 0.871496 0.164195 0.017577
4 0.828919 0.871971 0.155720 0.017577
11 0.152013 0.891924 0.051907 0.012827
6 0.407309 0.893112 0.026483 0.015202
8 0.619174 0.892399 0.106992 0.014727
8 0.870763 0.892399 0.076271 0.014727
11 0.382945 0.914727 0.113347 0.016627
8 0.614407 0.915914 0.112288 0.017102
8 0.871822 0.915202 0.074153 0.016627
5 0.499470 0.956532 0.772246 0.014727
5 0.611229 0.532779 0.112288 0.015677
5 0.779661 0.532779 0.118644 0.012827