0 0.493232 0.067742 0.725888 0.019355
5 0.495770 0.084588 0.714044 0.021505
5 0.497462 0.103226 0.558376 0.018638
1 0.496616 0.121147 0.167513 0.017204
5 0.494078 0.139068 0.578680 0.018638
5 0.493232 0.158065 0.468697 0.020789
1 0.494924 0.176703 0.617597 0.017921
9 0.494924 0.195341 0.786802 0.019355
4 0.491540 0.212186 0.434856 0.018638
4 0.492386 0.254480 0.477157 0.032975
11 0.109983 0.316129 0.091371 0.017204
2 0.466159 0.353405 0.807107 0.021505
5 0.265651 0.371326 0.406091 0.017204
11 0.677665 0.372043 0.299492 0.017204
11 0.108291 0.406810 0.094755 0.019355
11 0.476311 0.409319 0.065990 0.015771
11 0.641286 0.408244 0.067682 0.016487
5 0.803723 0.408961 0.131980 0.015054
11 0.633672 0.428674 0.079526 0.018638
11 0.827411 0.429032 0.087986 0.017921
6 0.203046 0.442652 0.284264 0.019355
6 0.458545 0.444086 0.030457 0.016487
8 0.636210 0.444444 0.094755 0.014337
3 0.817259 0.445878 0.108291 0.014337
11 0.897631 0.445520 0.028765 0.016487
5 0.316413 0.462007 0.507614 0.016487
11 0.214044 0.496057 0.306261 0.018638
6 0.603215 0.497491 0.025381 0.015771
4 0.547377 0.550179 0.323181 0.016487
11 0.555838 0.567742 0.093063 0.015771
5 0.599831 0.585663 0.177665 0.017204
11 0.217428 0.602867 0.204738 0.017204
11 0.199662 0.621505 0.175973 0.018638
5 0.242809 0.640143 0.255499 0.017204
8 0.862944 0.550896 0.118443 0.017921
8 0.871404 0.569534 0.098139 0.017921
8 0.871404 0.587097 0.087986 0.015771
8 0.809645 0.604301 0.208122 0.017204
8 0.812183 0.622939 0.216582 0.020072
8 0.807107 0.641219 0.216582 0.017921
4 0.489848 0.675986 0.580372 0.018638
4 0.489002 0.710394 0.243655 0.018638
11 0.119289 0.744444 0.086294 0.015054
5 0.478003 0.745520 0.123519 0.015771
11 0.657360 0.746237 0.025381 0.015771
4 0.825719 0.746953 0.148900 0.017204
11 0.099831 0.778853 0.047377 0.015054
8 0.490694 0.778853 0.111675 0.019355
6 0.655668 0.780287 0.035533 0.016487
8 0.857868 0.781362 0.087986 0.018638
4 0.582064 0.834050 0.206430 0.016487
8 0.859560 0.834050 0.091371 0.017921
5 0.362944 0.906093 0.390863 0.017204
5 0.357868 0.921864 0.289340 0.017204
5 0.269882 0.939427 0.326565 0.016487
5 0.219966 0.956989 0.307953 0.017204
5 0.202200 0.973835 0.208122 0.015054