1 0.440610 0.153173 0.174960 0.018964
0 0.418941 0.174690 0.593900 0.018235
1 0.427769 0.195113 0.617978 0.019694
5 0.437400 0.216630 0.252006 0.018964
4 0.431782 0.237418 0.417335 0.019694
4 0.415730 0.280452 0.426966 0.021152
1 0.318620 0.330780 0.537721 0.038658
1 0.199839 0.377462 0.293740 0.019694
11 0.092295 0.398249 0.085072 0.018964
11 0.198234 0.400073 0.020867 0.013858
2 0.409310 0.397520 0.362761 0.017505
1 0.295345 0.419402 0.504013 0.018964
5 0.158106 0.461342 0.213483 0.019694
11 0.363563 0.460977 0.065811 0.020423
5 0.537721 0.462071 0.138042 0.019694
11 0.687801 0.461342 0.094703 0.019694
4 0.784109 0.460977 0.056180 0.018964
5 0.234350 0.503282 0.362761 0.020423
11 0.350722 0.524070 0.056180 0.018235
3 0.527287 0.524070 0.078652 0.018235
8 0.698234 0.524799 0.080257 0.018235
11 0.792937 0.524435 0.044944 0.017505
11 0.147673 0.566740 0.189406 0.018964
6 0.273676 0.567469 0.024077 0.020423
4 0.260032 0.588621 0.420546 0.020423
8 0.773676 0.588257 0.086677 0.018235
4 0.215088 0.609409 0.327448 0.019694
8 0.775281 0.608315 0.080257 0.016047
4 0.290530 0.629468 0.475120 0.020423
8 0.772873 0.629103 0.081862 0.018235
11 0.162921 0.679066 0.223114 0.032093
8 0.735152 0.679066 0.154093 0.032093
11 0.111557 0.748359 0.123596 0.020423
8 0.767255 0.747629 0.096308 0.017505
5 0.127608 0.766958 0.155698 0.016776
8 0.777689 0.767323 0.081862 0.017505
4 0.083467 0.828957 0.064205 0.016776
11 0.199037 0.829686 0.138042 0.019694
5 0.526485 0.829322 0.186196 0.017505
4 0.745586 0.828957 0.133226 0.018235
11 0.077047 0.849015 0.044944 0.016047
11 0.302568 0.849380 0.110754 0.018235
8 0.585875 0.848651 0.080257 0.016776
8 0.776083 0.849015 0.078652 0.016047
5 0.424559 0.952589 0.370787 0.017505
5 0.443820 0.974106 0.332263 0.019694