5 0.500000 0.109663 0.379870 0.019939
0 0.498377 0.131902 0.659091 0.016871
9 0.491071 0.158359 0.212662 0.020706
1 0.487013 0.181748 0.668831 0.019939
1 0.489448 0.204371 0.245130 0.019172
11 0.500812 0.225844 0.313312 0.017638
4 0.490260 0.249233 0.490260 0.016871
4 0.490260 0.292945 0.217532 0.019939
9 0.157468 0.338574 0.201299 0.019172
11 0.279221 0.340491 0.016234 0.013804
1 0.422078 0.340107 0.237013 0.019172
11 0.097403 0.362730 0.081169 0.016871
11 0.280032 0.364264 0.017857 0.015337
2 0.430195 0.362730 0.250000 0.016871
11 0.865260 0.363113 0.159091 0.019172
10 0.125812 0.385736 0.137987 0.016871
11 0.280032 0.388037 0.017857 0.016871
8 0.439123 0.384969 0.280844 0.016871
11 0.113636 0.408742 0.123377 0.016871
11 0.279221 0.409893 0.016234 0.014571
2 0.489448 0.408742 0.368506 0.018405
5 0.137175 0.454755 0.167208 0.018405
11 0.920455 0.454371 0.045455 0.017638
5 0.489448 0.500383 0.443182 0.019172
6 0.068994 0.521089 0.024351 0.016104
8 0.396104 0.522623 0.561688 0.019172
11 0.862825 0.523390 0.160714 0.019172
6 0.068994 0.545629 0.021104 0.017638
8 0.422078 0.546396 0.613636 0.017638
11 0.866883 0.546779 0.155844 0.018405
6 0.070617 0.569018 0.021104 0.018405
8 0.327922 0.570169 0.422078 0.019172
11 0.865260 0.569402 0.155844 0.017638
6 0.069805 0.591258 0.025974 0.018405
8 0.326299 0.592025 0.428571 0.016871
11 0.868506 0.591258 0.159091 0.016871
11 0.165584 0.636887 0.211039 0.017638
3 0.831981 0.636120 0.099026 0.019172
11 0.283279 0.659126 0.336039 0.019172
8 0.784903 0.659126 0.193182 0.019172
11 0.099838 0.705521 0.082792 0.018405
8 0.824675 0.705521 0.120130 0.016871
5 0.172078 0.728528 0.230519 0.018405
8 0.791396 0.728144 0.196429 0.017638
2 0.494318 0.752684 0.517857 0.020706
4 0.162338 0.797929 0.217532 0.019172
4 0.155844 0.819018 0.201299 0.016871
5 0.688312 0.796012 0.120130 0.016871
8 0.702110 0.819785 0.102273 0.016871
4 0.910714 0.796396 0.064935 0.019172
8 0.902597 0.818635 0.087662 0.017638
5 0.501623 0.863880 0.545455 0.019172
5 0.488636 0.885353 0.561688 0.019172