0 0.510150 0.127287 0.642094 0.019914
0 0.514423 0.155544 0.336538 0.017223
5 0.511218 0.180571 0.541667 0.017761
1 0.510684 0.205059 0.822650 0.021529
1 0.509081 0.229817 0.501068 0.017223
9 0.509615 0.251884 0.341880 0.017223
4 0.510684 0.285791 0.397436 0.017223
4 0.510684 0.311625 0.480769 0.017223
11 0.116987 0.349031 0.099359 0.017761
11 0.128739 0.377557 0.125000 0.016685
9 0.441239 0.377826 0.213675 0.016146
2 0.763889 0.377826 0.299145 0.016146
10 0.128205 0.405005 0.128205 0.016685
11 0.384615 0.404198 0.108974 0.015070
11 0.741987 0.402583 0.255342 0.016146
5 0.167201 0.431378 0.199786 0.020990
11 0.376068 0.430840 0.085470 0.017761
11 0.656517 0.428418 0.090812 0.018299
11 0.101496 0.476857 0.074786 0.016146
11 0.412927 0.478471 0.063034 0.021529
5 0.581731 0.476857 0.118590 0.017223
5 0.763355 0.476588 0.139957 0.016685
4 0.902244 0.476857 0.065171 0.016146
1 0.172543 0.500538 0.214744 0.016146
6 0.417201 0.500807 0.018162 0.014532
3 0.579060 0.501615 0.091880 0.016146
8 0.783120 0.501615 0.094017 0.016146
11 0.903846 0.500538 0.053419 0.017223
5 0.310363 0.526103 0.488248 0.016685
11 0.232906 0.553283 0.143162 0.021529
6 0.411859 0.553283 0.016026 0.016146
8 0.786325 0.552207 0.096154 0.016146
4 0.403846 0.589343 0.489316 0.020452
8 0.783120 0.589882 0.089744 0.016146
5 0.553953 0.617330 0.178419 0.019376
8 0.793803 0.617330 0.072650 0.013994
4 0.543269 0.644510 0.201923 0.016685
8 0.794872 0.644241 0.068376 0.016146
5 0.550748 0.675457 0.182692 0.017223
8 0.793269 0.673843 0.069444 0.015070
4 0.366987 0.707481 0.554487 0.019914
8 0.782051 0.705328 0.094017 0.015608
11 0.575321 0.736276 0.142094 0.017223
8 0.782051 0.736545 0.091880 0.015608
5 0.558226 0.763455 0.172009 0.019914
8 0.792201 0.762379 0.073718 0.017761
4 0.275107 0.811895 0.295940 0.017761
4 0.220620 0.845802 0.163462 0.016685
11 0.404380 0.846071 0.033120 0.021529
11 0.588675 0.846609 0.162393 0.017223
4 0.812500 0.846340 0.154915 0.016685
11 0.167735 0.867869 0.053419 0.017761
6 0.409722 0.867600 0.026709 0.017223
8 0.622863 0.868138 0.096154 0.016146
8 0.853098 0.868676 0.075855 0.016146
11 0.391026 0.900431 0.115385 0.018299
8 0.622329 0.900431 0.099359 0.016146
6 0.882479 0.900431 0.017094 0.018299
5 0.511752 0.951023 0.777778 0.015070