0 0.430458 0.323760 0.268293 0.011830
2 0.430054 0.334379 0.097763 0.008837
1 0.430256 0.346708 0.060673 0.010690
1 0.429954 0.358324 0.229389 0.009692
1 0.428543 0.370510 0.176174 0.010690
4 0.428744 0.381343 0.076194 0.008124
9 0.364745 0.392246 0.164281 0.009122
11 0.293691 0.408352 0.023382 0.008837
11 0.385709 0.409920 0.020359 0.009407
11 0.562487 0.410348 0.029631 0.009122
11 0.290768 0.421964 0.016327 0.007269
11 0.290062 0.452323 0.017738 0.007839
9 0.357388 0.422605 0.108043 0.009122
11 0.302056 0.435291 0.041725 0.009407
9 0.362931 0.453749 0.119935 0.010690
11 0.301351 0.465864 0.041121 0.008124
6 0.378553 0.436360 0.005241 0.007839
6 0.377746 0.466149 0.005241 0.007269
11 0.553921 0.437429 0.040718 0.009977
11 0.552711 0.467574 0.040718 0.008409
11 0.514614 0.488312 0.116912 0.009692
4 0.520863 0.500285 0.104011 0.009122
5 0.521165 0.512258 0.101794 0.009407
3 0.523483 0.524088 0.099174 0.009122
5 0.318283 0.538697 0.080226 0.008409
5 0.550998 0.540764 0.042935 0.008837
11 0.296110 0.551668 0.035074 0.008124
5 0.299032 0.564139 0.042935 0.009692
11 0.549788 0.554376 0.042129 0.008409
11 0.550191 0.565849 0.042129 0.008837
4 0.311228 0.592645 0.068131 0.009122
4 0.311933 0.606400 0.069542 0.007839
5 0.446583 0.594284 0.055432 0.008124
8 0.465934 0.606899 0.020359 0.006556
4 0.551804 0.594926 0.038097 0.009407
8 0.560774 0.607754 0.018948 0.006842
4 0.421891 0.625143 0.138682 0.010262
5 0.421790 0.636688 0.190889 0.010262
5 0.421286 0.649302 0.139488 0.010975
5 0.420077 0.660205 0.171336 0.010262
5 0.421286 0.672819 0.152792 0.011260