0 0.446483 0.166619 0.295102 0.013683
1 0.446986 0.180801 0.258617 0.010975
5 0.446684 0.191847 0.158839 0.009692
1 0.447490 0.203107 0.193509 0.011403
9 0.447289 0.213797 0.098367 0.009977
4 0.447692 0.225627 0.166499 0.010262
4 0.448398 0.240593 0.125983 0.013113
9 0.363737 0.261117 0.116307 0.010547
5 0.347410 0.275513 0.085668 0.010547
5 0.330276 0.289838 0.052610 0.009265
5 0.335013 0.307725 0.058053 0.013398
2 0.548881 0.258908 0.084257 0.010690
5 0.501713 0.273660 0.072969 0.009977
6 0.429853 0.309863 0.029631 0.016249
11 0.320298 0.332169 0.030639 0.009550
11 0.381576 0.331528 0.023786 0.010547
5 0.427333 0.329960 0.047168 0.009692
11 0.484479 0.328749 0.029631 0.009265
5 0.551804 0.328321 0.078815 0.008979
6 0.319794 0.345282 0.024793 0.010690
5 0.470268 0.341648 0.149567 0.010262
6 0.392562 0.357825 0.007861 0.008979
8 0.442250 0.356471 0.030236 0.008267
8 0.486898 0.355544 0.029631 0.009265
11 0.568837 0.354974 0.044749 0.009265
6 0.318787 0.373290 0.024793 0.010262
5 0.446684 0.370083 0.103205 0.009265
6 0.393368 0.386117 0.006249 0.008267
8 0.442350 0.384478 0.031244 0.009265
8 0.486595 0.383552 0.030236 0.008552
11 0.568635 0.382625 0.046362 0.008979
6 0.321105 0.401012 0.025398 0.009265
5 0.452530 0.398233 0.114896 0.011403
6 0.392764 0.413697 0.006249 0.007554
8 0.443056 0.413341 0.030639 0.008267
8 0.487200 0.412058 0.030236 0.009977
11 0.570248 0.410704 0.044346 0.009265
6 0.319895 0.429162 0.026204 0.009692
5 0.441040 0.427095 0.089095 0.010975
6 0.393368 0.441420 0.006249 0.008552
8 0.443761 0.440707 0.029228 0.009977
8 0.486898 0.439994 0.031647 0.009977
11 0.569845 0.438997 0.044749 0.009977
6 0.320701 0.457526 0.025801 0.009977
5 0.475307 0.454176 0.161258 0.010690
6 0.393066 0.469071 0.006853 0.010262
8 0.444064 0.469641 0.030639 0.010547
8 0.487805 0.467788 0.030639 0.008267
11 0.570853 0.467360 0.044749 0.010547
11 0.356682 0.484322 0.099778 0.009692
11 0.360008 0.501283 0.093530 0.009977
5 0.364745 0.515536 0.104213 0.010262
5 0.338742 0.530502 0.050191 0.009692
4 0.399516 0.548176 0.177384 0.013683
5 0.359303 0.571978 0.090909 0.014823
5 0.353255 0.595353 0.076396 0.016249
4 0.362125 0.620582 0.076396 0.011688
3 0.572969 0.499145 0.036485 0.010547
8 0.577807 0.512614 0.029631 0.009265
8 0.578008 0.526938 0.028825 0.009692
8 0.569240 0.545753 0.045555 0.013113
8 0.569542 0.566705 0.043338 0.010547
8 0.569946 0.590650 0.045757 0.011688
8 0.490325 0.617873 0.038500 0.010262
8 0.579117 0.618087 0.029833 0.008409
5 0.385305 0.669897 0.132433 0.011688
2 0.384298 0.714723 0.146140 0.010975