0 0.440536 0.234607 0.277162 0.011973
2 0.441846 0.245510 0.104818 0.010975
1 0.439831 0.257269 0.062891 0.009977
1 0.440738 0.269028 0.232816 0.010405
1 0.440133 0.281784 0.179198 0.010832
4 0.440133 0.291975 0.074783 0.008409
9 0.378351 0.303734 0.170127 0.009692
11 0.308002 0.321052 0.027011 0.007839
11 0.399012 0.321266 0.021568 0.009977
11 0.575690 0.318273 0.035074 0.009122
9 0.390042 0.334592 0.191091 0.010405
8 0.311429 0.347990 0.031445 0.011260
6 0.392864 0.347135 0.008063 0.007839
8 0.573272 0.344712 0.032655 0.008979
9 0.393066 0.364239 0.199557 0.010405
8 0.311127 0.379062 0.034469 0.008694
6 0.392764 0.377851 0.006652 0.009122
8 0.572667 0.376140 0.031445 0.010832
9 0.399516 0.395168 0.207619 0.010405
8 0.311429 0.409208 0.030236 0.009977
6 0.393771 0.408566 0.006249 0.008694
8 0.575388 0.406642 0.030841 0.010832
3 0.538702 0.427594 0.110260 0.009122
4 0.543842 0.438640 0.094336 0.009550
3 0.547067 0.450257 0.087482 0.009977
5 0.335719 0.470140 0.081234 0.010690
5 0.569240 0.467645 0.043136 0.008267
11 0.315461 0.483538 0.036283 0.008409
8 0.575388 0.480117 0.030841 0.009550
5 0.318787 0.496080 0.047369 0.009550
8 0.575590 0.491804 0.029631 0.009550
4 0.329571 0.523589 0.068938 0.009550
5 0.473997 0.521879 0.048579 0.008694
4 0.579117 0.520525 0.032655 0.008552
4 0.333300 0.536488 0.072768 0.009122
8 0.485890 0.534136 0.019149 0.006984
8 0.581738 0.533352 0.019754 0.008267
4 0.443761 0.553022 0.140496 0.009977
5 0.444870 0.565066 0.198347 0.009550
4 0.444568 0.577038 0.130014 0.010690
5 0.444870 0.588726 0.142310 0.010405
5 0.444769 0.600342 0.173957 0.009977
5 0.444568 0.612529 0.157025 0.009550