0 0.455056 0.103331 0.762440 0.024473
1 0.451043 0.130863 0.738363 0.016995
1 0.239165 0.147179 0.321027 0.015636
11 0.390851 0.165194 0.617978 0.014956
11 0.253612 0.186948 0.353130 0.014956
4 0.304173 0.204963 0.444623 0.015636
4 0.815409 0.215160 0.292135 0.018355
5 0.147673 0.225697 0.163724 0.014956
9 0.340289 0.242012 0.545746 0.014956
5 0.285714 0.278722 0.426966 0.014956
11 0.207865 0.320870 0.219904 0.014956
3 0.230337 0.360299 0.178170 0.014956
5 0.697432 0.320870 0.508828 0.014956
5 0.650883 0.340585 0.412520 0.016315
8 0.817014 0.361319 0.080257 0.015636
11 0.921348 0.361659 0.048154 0.014956
4 0.304976 0.384432 0.507223 0.014276
5 0.467897 0.405846 0.146067 0.014956
11 0.434992 0.435078 0.089888 0.014956
5 0.483146 0.456832 0.170144 0.017675
11 0.480738 0.484704 0.168539 0.014956
11 0.442215 0.522094 0.094703 0.013596
5 0.466292 0.542488 0.142857 0.014956
8 0.816212 0.386472 0.075441 0.014276
8 0.817014 0.407546 0.080257 0.015636
8 0.821830 0.437458 0.080257 0.014276
8 0.821027 0.457512 0.078652 0.013596
8 0.819422 0.486404 0.075441 0.015636
8 0.813804 0.525153 0.089888 0.014276
8 0.820225 0.544867 0.077047 0.014276
4 0.172552 0.572740 0.232745 0.016995
5 0.524077 0.573080 0.207063 0.014956
4 0.847512 0.573419 0.147673 0.018355
11 0.137239 0.593474 0.162119 0.014956
8 0.590690 0.593134 0.080257 0.014276
8 0.882022 0.593474 0.075441 0.016315
9 0.263242 0.648199 0.417335 0.015636
2 0.682183 0.647859 0.321027 0.014956
5 0.522472 0.745071 0.810594 0.016315
5 0.523274 0.779742 0.658106 0.016315
5 0.519262 0.800136 0.406100 0.016315
5 0.523274 0.836846 0.645265 0.014956
9 0.521669 0.872876 0.808989 0.017675
5 0.523274 0.894630 0.860353 0.013596
5 0.524077 0.916383 0.232745 0.014956
5 0.523274 0.951054 0.741573 0.017675