0 0.436157 0.173778 0.361568 0.022712
9 0.436157 0.197178 0.240202 0.021335
5 0.433628 0.226084 0.525917 0.022712
1 0.442478 0.251204 0.629583 0.022023
1 0.437421 0.276669 0.422250 0.023400
4 0.437421 0.300757 0.462705 0.022023
4 0.416561 0.349966 0.413401 0.024088
9 0.207332 0.399518 0.305942 0.022712
10 0.549937 0.400206 0.308470 0.021335
11 0.096713 0.424983 0.087231 0.019959
2 0.391277 0.426359 0.395702 0.021335
5 0.160556 0.478321 0.212389 0.023400
11 0.370417 0.477632 0.063211 0.023400
5 0.541719 0.477977 0.145386 0.022712
11 0.690265 0.476600 0.101138 0.021335
4 0.787611 0.476600 0.060683 0.022712
11 0.123894 0.526497 0.131479 0.022023
11 0.352718 0.551617 0.058154 0.018582
8 0.530341 0.550241 0.077118 0.021335
8 0.697851 0.550241 0.080910 0.019959
11 0.797724 0.551617 0.045512 0.019959
11 0.128951 0.576050 0.156764 0.022023
11 0.352718 0.599449 0.060683 0.020647
8 0.532238 0.598417 0.085967 0.021335
8 0.703540 0.598761 0.087231 0.024776
11 0.797092 0.598761 0.049305 0.024776
6 0.175727 0.647281 0.240202 0.022712
4 0.266119 0.671370 0.433628 0.021335
8 0.778761 0.672402 0.080910 0.020647
4 0.218078 0.696834 0.329962 0.022712
8 0.777497 0.697866 0.080910 0.019270
4 0.293300 0.720922 0.472819 0.024088
3 0.775601 0.721266 0.082174 0.020647
11 0.168142 0.745354 0.219975 0.023400
8 0.735145 0.746043 0.158028 0.024776
11 0.114412 0.794907 0.115044 0.022023
8 0.778761 0.795595 0.080910 0.019270
4 0.162453 0.870957 0.211125 0.022712
5 0.529077 0.869924 0.190898 0.020647
4 0.749684 0.868892 0.134008 0.024088
11 0.078382 0.894357 0.040455 0.019959
11 0.305942 0.895045 0.113780 0.021335
8 0.591024 0.894012 0.084703 0.022023
8 0.780025 0.894012 0.078382 0.019270