0 0.490929 0.179875 0.196936 0.013683
1 0.493147 0.193914 0.209434 0.012685
5 0.489821 0.207811 0.174158 0.011688
1 0.489014 0.221137 0.191494 0.012685
4 0.491736 0.236246 0.155009 0.013540
1 0.496472 0.250285 0.103205 0.013968
11 0.492643 0.264467 0.195928 0.012115
11 0.493147 0.278791 0.194920 0.013398
9 0.408083 0.307013 0.109051 0.013113
11 0.595243 0.306157 0.045555 0.012258
5 0.428442 0.320838 0.109051 0.012543
9 0.408486 0.335020 0.107438 0.012115
11 0.594235 0.334521 0.045958 0.011973
5 0.425418 0.349202 0.101391 0.011688
11 0.364443 0.377566 0.066116 0.012828
3 0.601895 0.376853 0.031445 0.011973
4 0.404455 0.391676 0.144527 0.011973
8 0.602096 0.390964 0.031042 0.011688
4 0.419875 0.405288 0.176980 0.012685
8 0.601492 0.405074 0.031445 0.010832
11 0.348317 0.419897 0.032252 0.011973
8 0.598468 0.419470 0.036686 0.011688
5 0.376436 0.433723 0.086878 0.012258
5 0.495061 0.433082 0.072969 0.014111
8 0.598670 0.433010 0.038702 0.010832
9 0.471679 0.447477 0.225761 0.012685
4 0.371397 0.462372 0.080024 0.013398
5 0.494860 0.461231 0.045958 0.011117
4 0.605523 0.460946 0.023382 0.012258
11 0.357791 0.475627 0.051199 0.011973
8 0.501915 0.474914 0.031042 0.011688
8 0.601492 0.474914 0.030639 0.011688
11 0.349728 0.489025 0.038299 0.012543
8 0.502117 0.489310 0.032252 0.011973
8 0.601492 0.489025 0.030639 0.011403
2 0.389942 0.503706 0.115501 0.011688
9 0.560069 0.503563 0.115098 0.013113
9 0.382483 0.517959 0.103003 0.012258
5 0.490325 0.545895 0.150574 0.012258
11 0.487503 0.560291 0.171538 0.013398
5 0.487503 0.573546 0.200564 0.011973
5 0.483270 0.588227 0.123564 0.012258