11 0.720494 0.044850 0.048283 0.023256
0 0.493562 0.132890 0.635193 0.019934
9 0.493026 0.151163 0.269313 0.017561
5 0.493562 0.174181 0.435622 0.013289
1 0.497854 0.197437 0.502146 0.016137
9 0.312232 0.231372 0.315451 0.015662
9 0.674893 0.232795 0.315451 0.015662
4 0.494099 0.256289 0.398069 0.015187
4 0.490880 0.283104 0.252146 0.015662
5 0.106760 0.303987 0.116953 0.015662
5 0.321352 0.328429 0.550429 0.015187
5 0.225858 0.348837 0.353004 0.016137
1 0.221567 0.369245 0.348712 0.015187
5 0.234442 0.392264 0.370172 0.015662
9 0.157725 0.414096 0.218884 0.013764
5 0.113734 0.435453 0.130901 0.014713
9 0.397532 0.436877 0.247854 0.014713
2 0.792382 0.437352 0.295064 0.016611
10 0.111588 0.459421 0.126609 0.013289
11 0.344421 0.459896 0.135193 0.015187
11 0.768777 0.461082 0.256438 0.014713
5 0.166845 0.484575 0.234979 0.018035
11 0.693133 0.485050 0.075107 0.015187
11 0.081009 0.532273 0.065451 0.012814
11 0.332618 0.534409 0.062232 0.015187
5 0.467811 0.533460 0.105150 0.014238
4 0.609442 0.518510 0.087983 0.015662
4 0.795064 0.519222 0.085837 0.015187
4 0.917382 0.535121 0.055794 0.014713
6 0.103541 0.552207 0.108369 0.014713
6 0.337983 0.552207 0.032189 0.012814
8 0.467275 0.552919 0.078326 0.012340
8 0.608906 0.554343 0.078326 0.013289
3 0.796137 0.554105 0.098712 0.011865
11 0.924893 0.554817 0.042918 0.013289
5 0.178648 0.575463 0.260730 0.015662
11 0.165773 0.599430 0.151288 0.018035
6 0.332618 0.598719 0.036481 0.014713
8 0.792918 0.600617 0.107296 0.015662
4 0.417382 0.637874 0.484979 0.019934
8 0.791309 0.637399 0.108369 0.014238
5 0.572961 0.664926 0.180258 0.017086
8 0.811695 0.665401 0.076180 0.015187
4 0.561159 0.692454 0.199571 0.016137
8 0.811159 0.693166 0.072961 0.014713
5 0.568670 0.719744 0.188841 0.016611
8 0.810086 0.719506 0.070815 0.014238
4 0.384657 0.748220 0.556867 0.020408
8 0.790773 0.748220 0.111588 0.013764
11 0.590665 0.775273 0.138412 0.015662
8 0.789700 0.776222 0.111588 0.014713
5 0.573498 0.797342 0.174893 0.018035
8 0.799356 0.796393 0.096567 0.015187
4 0.247854 0.844091 0.276824 0.015662
4 0.198498 0.869720 0.167382 0.014713
11 0.396996 0.870907 0.030043 0.018035
11 0.586910 0.872093 0.160944 0.016611
4 0.826180 0.872330 0.154506 0.017086
11 0.142167 0.890365 0.059013 0.014238
6 0.398069 0.891789 0.040773 0.014238
8 0.616953 0.892976 0.111588 0.014713
8 0.868026 0.892976 0.072961 0.014713
11 0.376073 0.914570 0.112661 0.016137
8 0.610515 0.914808 0.111588 0.015662
8 0.869635 0.915757 0.074034 0.014713
5 0.492489 0.956099 0.776824 0.016611
5 0.609442 0.532748 0.107296 0.012814
5 0.781652 0.533460 0.116953 0.014238