0 0.456158 0.144028 0.201572 0.008694
1 0.590808 0.143387 0.057247 0.009122
4 0.488611 0.154433 0.182624 0.010405
1 0.484580 0.167688 0.341867 0.011260
1 0.491332 0.179376 0.331990 0.010975
5 0.488611 0.191918 0.151985 0.010405
11 0.332493 0.241306 0.038903 0.010832
5 0.417859 0.241733 0.063697 0.009977
9 0.352248 0.254490 0.078412 0.012115
2 0.482967 0.254276 0.176980 0.010262
11 0.327152 0.267318 0.029430 0.011260
2 0.459081 0.266035 0.149768 0.009550
5 0.359907 0.279219 0.093731 0.010832
11 0.427132 0.278150 0.031445 0.010975
5 0.361621 0.290906 0.098367 0.010832
9 0.476517 0.290906 0.116106 0.009977
5 0.482766 0.315137 0.127394 0.010832
5 0.387926 0.340294 0.150978 0.009550
5 0.341060 0.352836 0.057247 0.011260
5 0.387321 0.365237 0.150978 0.012115
5 0.340052 0.377352 0.060069 0.010405
5 0.383491 0.390536 0.143318 0.010832
5 0.340355 0.402010 0.058254 0.011260
5 0.400826 0.413555 0.177988 0.009550
5 0.339851 0.426739 0.057247 0.010832
5 0.364846 0.439495 0.108446 0.010405
5 0.340959 0.451824 0.058254 0.011688
6 0.543943 0.340080 0.005846 0.009977
6 0.543640 0.363954 0.006450 0.009550
6 0.543338 0.389895 0.007055 0.009550
6 0.543540 0.413769 0.009474 0.009977
6 0.543338 0.438854 0.008264 0.010832
11 0.596452 0.339225 0.043540 0.009977
8 0.578512 0.352195 0.052409 0.010832
11 0.596755 0.363669 0.045354 0.010405
8 0.578815 0.376924 0.053014 0.009550
11 0.595545 0.389039 0.044144 0.010405
8 0.577303 0.400941 0.052409 0.009122
11 0.596452 0.413483 0.044749 0.010832
8 0.577605 0.425884 0.050595 0.010832
11 0.596150 0.438640 0.044144 0.010405
8 0.578210 0.450969 0.053014 0.011688
11 0.631425 0.339225 0.013505 0.009977
11 0.631123 0.364096 0.014110 0.011260
11 0.631425 0.389253 0.014715 0.009977
11 0.631022 0.413270 0.014715 0.010405
11 0.631324 0.437785 0.015319 0.010405
4 0.473594 0.475698 0.142108 0.011260
11 0.612880 0.475485 0.051804 0.010832
5 0.518041 0.488241 0.058859 0.011260
11 0.615904 0.487814 0.042532 0.009550
11 0.498085 0.509906 0.077807 0.011260
3 0.587986 0.504989 0.100786 0.017959
11 0.508869 0.532853 0.074783 0.011260
5 0.522979 0.545681 0.044144 0.010405
11 0.611973 0.532640 0.051199 0.009977
11 0.612880 0.545254 0.051804 0.010405
11 0.367164 0.571194 0.116710 0.010405
5 0.339145 0.595211 0.058254 0.011688
11 0.501814 0.594356 0.044144 0.010832
4 0.349224 0.620582 0.078412 0.011688
4 0.349224 0.645097 0.078412 0.009977
11 0.335618 0.656998 0.052409 0.010405
11 0.335315 0.669113 0.051804 0.010405
11 0.417557 0.644883 0.030034 0.011260
6 0.405765 0.656571 0.008869 0.009550
6 0.406067 0.668472 0.008264 0.009122
5 0.480145 0.644456 0.072566 0.010405
8 0.462709 0.656571 0.035275 0.009550
8 0.459182 0.668686 0.033058 0.009550
4 0.553517 0.644669 0.049587 0.010832
8 0.544044 0.656571 0.029430 0.009550
8 0.543136 0.668686 0.031244 0.010405
2 0.344789 0.694056 0.071961 0.011260
11 0.417355 0.693843 0.056642 0.009977