0 0.462353 0.174740 0.522353 0.015324
1 0.471176 0.191547 0.342353 0.014335
11 0.460000 0.207860 0.635294 0.013347
5 0.460588 0.224666 0.598824 0.013347
1 0.473529 0.241226 0.584706 0.013841
4 0.460588 0.257785 0.481176 0.014335
5 0.461176 0.273604 0.167059 0.014335
4 0.462353 0.289916 0.247059 0.015324
5 0.414706 0.323035 0.660000 0.013347
11 0.840588 0.323035 0.038824 0.012358
11 0.191765 0.339100 0.209412 0.012852
6 0.152941 0.355660 0.131765 0.012358
8 0.600000 0.355660 0.169412 0.012358
8 0.773529 0.355660 0.095294 0.012358
5 0.385294 0.372714 0.596471 0.012852
11 0.840000 0.371725 0.040000 0.013841
11 0.172353 0.388779 0.172941 0.012358
6 0.210588 0.405339 0.247059 0.012852
8 0.597647 0.405091 0.171765 0.012358
8 0.772941 0.404844 0.096471 0.012852
9 0.239412 0.421157 0.307059 0.012852
11 0.840588 0.422145 0.036471 0.012852
11 0.221176 0.437716 0.268235 0.012358
6 0.152353 0.454029 0.130588 0.012358
8 0.601176 0.454276 0.169412 0.012852
8 0.782941 0.454523 0.078824 0.013347
9 0.335882 0.470341 0.500000 0.012358
11 0.840000 0.470341 0.037647 0.013347
11 0.268824 0.486901 0.363529 0.012852
6 0.210000 0.503213 0.252941 0.012852
8 0.600000 0.504202 0.169412 0.013841
8 0.782353 0.503213 0.077647 0.014829
5 0.348235 0.519773 0.527059 0.013347
11 0.841176 0.519525 0.035294 0.012852
11 0.212941 0.535838 0.254118 0.012852
6 0.154118 0.552150 0.136471 0.012852
8 0.604118 0.552150 0.170588 0.013841
8 0.784706 0.552150 0.075294 0.012852
5 0.211765 0.568710 0.244706 0.013347
11 0.842941 0.568463 0.038824 0.012852
11 0.193529 0.585269 0.210588 0.012852
6 0.154118 0.601335 0.134118 0.012358
8 0.602941 0.601335 0.165882 0.014335
8 0.773529 0.601087 0.095294 0.012852
5 0.290000 0.617647 0.408235 0.012358
11 0.841176 0.617647 0.040000 0.016312
11 0.211176 0.634948 0.248235 0.013347
6 0.154118 0.650766 0.131765 0.012358
8 0.601765 0.650519 0.170588 0.013841
8 0.784118 0.650272 0.076471 0.013347
5 0.192353 0.683638 0.210588 0.013841
11 0.764706 0.682897 0.190588 0.015324
4 0.261176 0.716016 0.345882 0.013347
3 0.774118 0.715274 0.174118 0.013841
11 0.127059 0.732328 0.077647 0.013347
8 0.772941 0.730845 0.171765 0.013347
5 0.145882 0.748888 0.115294 0.012852
8 0.792941 0.748393 0.136471 0.014829
4 0.192353 0.782254 0.210588 0.014335
11 0.501176 0.782007 0.131765 0.013841
4 0.695294 0.780771 0.129412 0.014335
4 0.164706 0.798072 0.155294 0.013347
8 0.553529 0.797578 0.107059 0.013347
8 0.764118 0.796836 0.076471 0.012852
2 0.322353 0.847257 0.458824 0.013841
9 0.735294 0.846268 0.249412 0.013841
10 0.319412 0.863816 0.462353 0.013347
5 0.467647 0.896194 0.521176 0.013841
9 0.464706 0.913000 0.360000 0.013841
5 0.475294 0.929313 0.456471 0.013841