0 0.507371 0.189592 0.447174 0.028384
0 0.507371 0.214702 0.358722 0.030568
11 0.494472 0.240175 0.664619 0.032023
5 0.493243 0.264920 0.622850 0.033479
1 0.504300 0.288937 0.605651 0.030568
4 0.493243 0.313319 0.497543 0.031295
5 0.498157 0.337336 0.259214 0.025473
4 0.497543 0.361354 0.270270 0.025473
5 0.412776 0.409025 0.633907 0.027656
11 0.884521 0.419214 0.041769 0.021834
11 0.227887 0.431223 0.266585 0.024017
6 0.228501 0.455604 0.265356 0.023290
6 0.556511 0.460699 0.012285 0.020378
11 0.597666 0.461063 0.023342 0.021106
8 0.692260 0.463610 0.082310 0.021834
8 0.825553 0.466521 0.071253 0.021834
9 0.369779 0.482533 0.547912 0.029112
11 0.881450 0.493450 0.045455 0.020378
11 0.226658 0.504367 0.266585 0.024745
6 0.227273 0.529476 0.265356 0.025473
6 0.554668 0.534934 0.018428 0.020378
11 0.595823 0.535662 0.022113 0.021834
8 0.690418 0.537846 0.078624 0.021834
8 0.831081 0.540393 0.074939 0.024017
5 0.207617 0.577875 0.223587 0.027656
5 0.809582 0.590611 0.203931 0.026929
4 0.276413 0.628093 0.368550 0.027656
3 0.839066 0.639374 0.147420 0.022562
11 0.133292 0.649199 0.084767 0.020378
8 0.830467 0.664483 0.167076 0.023290
5 0.153563 0.675400 0.125307 0.021834
8 0.830467 0.689592 0.167076 0.024017
4 0.343980 0.728166 0.506143 0.031295
8 0.777027 0.737627 0.146192 0.025473
2 0.169533 0.772198 0.162162 0.021834
11 0.325553 0.775109 0.093366 0.021834
11 0.434275 0.777293 0.079853 0.023290
11 0.539312 0.780568 0.078624 0.021106
11 0.662776 0.784571 0.040541 0.021834
9 0.807125 0.789301 0.208845 0.026929
10 0.334152 0.802766 0.488943 0.032023
5 0.487715 0.852984 0.550369 0.034934
9 0.482801 0.877001 0.383292 0.032023
5 0.492629 0.903566 0.486486 0.037118