0 0.329060 0.148085 0.369658 0.018296
0 0.381410 0.170955 0.478632 0.019440
5 0.341880 0.192967 0.399573 0.021155
1 0.360577 0.214694 0.428419 0.021155
11 0.248397 0.236707 0.206197 0.020583
9 0.371795 0.258148 0.452991 0.017724
4 0.352564 0.281589 0.414530 0.020011
5 0.481838 0.326758 0.352564 0.022298
11 0.432158 0.411378 0.571581 0.020011
11 0.442842 0.454831 0.428419 0.020011
5 0.258547 0.476844 0.228632 0.020583
11 0.678419 0.475415 0.042735 0.021155
3 0.885150 0.478273 0.157051 0.022298
11 0.412927 0.499142 0.366453 0.019440
11 0.195513 0.542310 0.096154 0.021155
11 0.678419 0.541452 0.042735 0.019440
8 0.863782 0.541452 0.120726 0.019440
11 0.186432 0.562893 0.090812 0.018868
11 0.680556 0.562607 0.051282 0.018296
8 0.864316 0.561750 0.130342 0.016581
4 0.248397 0.607204 0.210470 0.020583
11 0.444979 0.605489 0.026709 0.017153
11 0.680556 0.606346 0.051282 0.017724
8 0.882479 0.604345 0.089744 0.017153
11 0.257479 0.627501 0.226496 0.018868
11 0.444979 0.626930 0.033120 0.018868
11 0.678419 0.627216 0.047009 0.018296
8 0.867521 0.627501 0.117521 0.021155
10 0.224893 0.693825 0.163462 0.021155
5 0.207799 0.715552 0.125000 0.022298
9 0.516026 0.759291 0.743590 0.022870
11 0.185363 0.802459 0.088675 0.020011
5 0.425748 0.800172 0.184829 0.018868
5 0.712073 0.800457 0.272436 0.020583
2 0.435363 0.823328 0.575855 0.018296
6 0.792201 0.822470 0.063034 0.016581
5 0.496261 0.866209 0.708333 0.018296
4 0.527778 0.886221 0.762821 0.020583
5 0.466346 0.930532 0.635684 0.023442