0 0.459310 0.173271 0.532414 0.025216
5 0.457931 0.200288 0.466207 0.020173
5 0.457931 0.231988 0.295172 0.023055
1 0.462069 0.261888 0.554483 0.022334
11 0.457931 0.288184 0.237241 0.018732
4 0.459310 0.317003 0.438621 0.023055
9 0.457931 0.353026 0.339310 0.018732
9 0.254483 0.387248 0.376552 0.022334
2 0.677241 0.384366 0.366897 0.019452
10 0.202069 0.417507 0.274483 0.020893
11 0.100000 0.446326 0.067586 0.022334
11 0.615862 0.443084 0.103448 0.021614
11 0.755172 0.443804 0.095172 0.020173
5 0.431724 0.474063 0.736552 0.021614
6 0.104828 0.507925 0.016552 0.017291
3 0.598621 0.506844 0.132414 0.022334
11 0.806207 0.506484 0.144828 0.020173
6 0.106897 0.547190 0.026207 0.019452
11 0.227586 0.548631 0.107586 0.025216
6 0.345517 0.546830 0.023448 0.023055
11 0.155172 0.580331 0.175172 0.020893
8 0.796552 0.578890 0.122759 0.018012
5 0.204138 0.609510 0.273103 0.021614
8 0.818621 0.607349 0.081379 0.017291
4 0.319310 0.645533 0.503448 0.025937
8 0.775862 0.644452 0.166897 0.023775
5 0.152414 0.676153 0.172414 0.019452
8 0.796552 0.675432 0.125517 0.020893
4 0.208966 0.724784 0.288276 0.023055
5 0.600000 0.719380 0.148966 0.018012
4 0.840000 0.719020 0.068966 0.020173
11 0.613103 0.745317 0.120000 0.022334
11 0.813793 0.744957 0.121379 0.024496
11 0.094483 0.786023 0.062069 0.023055
8 0.612414 0.786023 0.124138 0.020173
8 0.835172 0.783501 0.078621 0.019452
5 0.241379 0.858790 0.353103 0.021614
5 0.133793 0.891210 0.135172 0.018732
11 0.115862 0.916066 0.102069 0.019452
5 0.477241 0.932277 0.253793 0.025937
5 0.475172 0.961816 0.445517 0.024496
5 0.282759 0.444524 0.220690 0.018732
6 0.215172 0.507925 0.135172 0.018732