0 0.468599 0.193839 0.489533 0.021037
1 0.458937 0.216003 0.334944 0.015778
11 0.452496 0.237791 0.737520 0.020285
5 0.454106 0.259579 0.695652 0.021788
1 0.468599 0.281367 0.673108 0.020285
4 0.459742 0.301653 0.552335 0.018783
5 0.457327 0.323065 0.599034 0.022539
4 0.457327 0.344102 0.280193 0.019534
5 0.153784 0.386551 0.272142 0.021788
11 0.886473 0.386927 0.056361 0.019534
11 0.173108 0.408715 0.297907 0.021037
6 0.105475 0.427874 0.156200 0.020285
11 0.547504 0.428249 0.077295 0.021037
8 0.669887 0.427874 0.086957 0.020285
8 0.822061 0.428249 0.091787 0.018032
5 0.194847 0.448911 0.338164 0.018783
11 0.164251 0.471450 0.293076 0.020285
6 0.099839 0.492487 0.157810 0.018783
11 0.548309 0.492863 0.066023 0.021037
8 0.669887 0.493614 0.090177 0.018032
8 0.822061 0.493614 0.095008 0.022539
11 0.893720 0.451540 0.051530 0.021037
5 0.158615 0.512397 0.268921 0.019534
11 0.889694 0.513899 0.056361 0.022539
6 0.083736 0.535312 0.122383 0.017280
11 0.545894 0.535312 0.070853 0.018783
8 0.668277 0.534936 0.093398 0.018032
8 0.819646 0.533058 0.099839 0.017280
5 0.148148 0.577010 0.241546 0.021037
5 0.798712 0.578137 0.222222 0.027799
4 0.190016 0.619459 0.325282 0.020285
8 0.828502 0.619835 0.156200 0.019534
5 0.235910 0.640496 0.423510 0.020285
8 0.822866 0.641247 0.170692 0.018783
11 0.171498 0.661908 0.294686 0.018032
3 0.838164 0.661157 0.162641 0.018032
11 0.070048 0.680691 0.095008 0.019534
8 0.822866 0.682945 0.177134 0.021037
5 0.092593 0.703982 0.136876 0.016529
8 0.822866 0.703606 0.177134 0.018783
4 0.144122 0.743802 0.246377 0.019534
11 0.497585 0.744177 0.154589 0.023291
4 0.718196 0.744553 0.154589 0.024042
4 0.132045 0.765590 0.222222 0.021037
8 0.582126 0.766341 0.085346 0.019534
8 0.800322 0.765590 0.090177 0.018032
2 0.293881 0.829827 0.533011 0.018783
9 0.764895 0.827198 0.286634 0.018032
5 0.314815 0.851615 0.584541 0.021788
5 0.459742 0.892186 0.603865 0.020285
9 0.462158 0.915101 0.441224 0.021037
5 0.464573 0.932382 0.526570 0.019534