0 0.478632 0.176647 0.604701 0.021956
1 0.479167 0.200100 0.415598 0.019960
11 0.477030 0.220559 0.729701 0.022954
5 0.473291 0.241018 0.679487 0.021956
1 0.489316 0.263473 0.655983 0.019960
4 0.478632 0.283932 0.544872 0.020958
5 0.489850 0.304391 0.169872 0.019960
4 0.478632 0.325848 0.243590 0.022954
11 0.157585 0.367265 0.221154 0.018962
11 0.905983 0.367265 0.042735 0.020958
11 0.249466 0.389721 0.400641 0.019960
6 0.196581 0.409681 0.290598 0.018962
8 0.635150 0.411178 0.197650 0.021956
8 0.831731 0.410180 0.110043 0.019960
5 0.299679 0.429641 0.505342 0.020958
11 0.195513 0.451597 0.288462 0.016966
6 0.190171 0.472555 0.286325 0.018962
11 0.568376 0.473054 0.059829 0.019960
8 0.687500 0.475050 0.092949 0.018962
8 0.840278 0.475050 0.092949 0.016966
11 0.907051 0.431138 0.049145 0.017964
5 0.307158 0.494511 0.533120 0.021956
11 0.907051 0.497006 0.044872 0.020958
11 0.191239 0.514471 0.288462 0.019960
6 0.124466 0.536427 0.154915 0.017964
11 0.566239 0.535928 0.066239 0.018962
8 0.688568 0.536427 0.082265 0.019960
8 0.840278 0.536926 0.088675 0.018962
5 0.173077 0.577844 0.247863 0.021956
5 0.819979 0.579341 0.223291 0.022954
4 0.212607 0.620758 0.331197 0.018962
8 0.841346 0.622255 0.176282 0.019960
5 0.255876 0.639721 0.417735 0.018962
8 0.842415 0.643214 0.178419 0.019960
11 0.195513 0.661178 0.288462 0.019960
3 0.840278 0.664172 0.182692 0.019960
11 0.090278 0.682635 0.099359 0.018962
8 0.842415 0.685130 0.178419 0.019960
5 0.109509 0.704092 0.133547 0.018962
8 0.854167 0.706587 0.154915 0.021956
4 0.169872 0.747006 0.245726 0.020958
11 0.520833 0.746507 0.150641 0.017964
4 0.740919 0.747006 0.152778 0.020958
4 0.149038 0.766467 0.208333 0.018962
8 0.587073 0.767964 0.112179 0.019960
8 0.823184 0.767964 0.092949 0.019960
2 0.314103 0.830339 0.538462 0.020958
9 0.787393 0.830838 0.292735 0.023952
5 0.332265 0.850798 0.574786 0.020958
5 0.480769 0.891218 0.596154 0.021956
9 0.485577 0.913673 0.441239 0.019960
5 0.489850 0.935130 0.528846 0.020958