0 0.525534 0.231250 0.438242 0.029687
0 0.524941 0.258203 0.353919 0.028906
11 0.511876 0.285156 0.646081 0.032813
5 0.512470 0.311328 0.606888 0.032031
1 0.524347 0.337500 0.595012 0.028125
4 0.512470 0.362891 0.490499 0.032031
5 0.510689 0.390234 0.251781 0.027344
4 0.511283 0.415625 0.255344 0.026562
5 0.469715 0.468359 0.692399 0.032031
11 0.896081 0.473828 0.041568 0.024219
11 0.213183 0.490625 0.179335 0.025000
6 0.250594 0.517578 0.256532 0.027344
6 0.567696 0.523438 0.016627 0.021875
11 0.606888 0.522656 0.023753 0.023438
8 0.695368 0.525000 0.079572 0.021875
3 0.825416 0.526953 0.097387 0.025781
5 0.228029 0.570312 0.213777 0.028125
5 0.812945 0.580078 0.198337 0.028906
4 0.297506 0.623047 0.357482 0.028906
8 0.831948 0.631641 0.160333 0.024219
11 0.157363 0.648438 0.079572 0.023438
8 0.831354 0.658594 0.159145 0.025000
5 0.176960 0.674609 0.116390 0.024219
8 0.828979 0.684766 0.161520 0.025781
4 0.363420 0.732031 0.494062 0.031250
8 0.779691 0.736719 0.146081 0.026562
2 0.192399 0.780469 0.156770 0.025000
11 0.343230 0.783203 0.095012 0.024219
11 0.448931 0.785156 0.078385 0.021875
11 0.549287 0.786328 0.079572 0.024219
11 0.670428 0.789062 0.043943 0.023438
9 0.808195 0.790625 0.200713 0.026562
10 0.352732 0.810937 0.472684 0.029687
5 0.498219 0.865234 0.535629 0.032031
9 0.493468 0.891797 0.371734 0.028906
5 0.504157 0.917969 0.473872 0.032813