0 0.481944 0.157826 0.263889 0.010478
9 0.483333 0.186968 0.129630 0.011133
5 0.481944 0.200393 0.169444 0.010478
1 0.480556 0.214473 0.235185 0.009823
11 0.482407 0.238048 0.124074 0.009823
4 0.487963 0.267518 0.192593 0.011133
4 0.398611 0.310413 0.137963 0.010478
6 0.354167 0.329731 0.049074 0.011133
6 0.552315 0.312705 0.036111 0.018991
2 0.407870 0.348068 0.162037 0.009823
5 0.580093 0.343811 0.075000 0.010478
10 0.393056 0.363130 0.134259 0.009823
5 0.381944 0.378193 0.112037 0.009823
5 0.386111 0.395219 0.107407 0.012443
5 0.470370 0.709234 0.220370 0.010478
11 0.594444 0.393910 0.057407 0.009823
6 0.342593 0.416176 0.011111 0.008513
5 0.429167 0.417158 0.137963 0.009168
8 0.606944 0.417485 0.039815 0.009823
6 0.342130 0.430583 0.008333 0.008513
5 0.423148 0.431565 0.127778 0.010478
8 0.606944 0.431565 0.039815 0.009168
6 0.341667 0.444335 0.011111 0.008513
5 0.418056 0.444990 0.119444 0.009823
8 0.610185 0.445645 0.031481 0.009823
11 0.478241 0.464964 0.063889 0.010478
8 0.603241 0.465946 0.037963 0.009823
5 0.476852 0.480681 0.068519 0.010478
8 0.598611 0.481991 0.050926 0.009168
11 0.378704 0.500327 0.109259 0.010478
8 0.604167 0.501637 0.039815 0.009168
5 0.382407 0.518664 0.120370 0.010478
8 0.606944 0.519974 0.034259 0.009168
4 0.355093 0.532089 0.065741 0.009823
8 0.606481 0.533399 0.033333 0.009823
5 0.377315 0.550098 0.108333 0.010478
8 0.603704 0.551408 0.038889 0.009168
11 0.372685 0.571054 0.100926 0.010478
3 0.602315 0.572037 0.039815 0.009823
11 0.353704 0.608055 0.062963 0.011133
8 0.577778 0.610020 0.087037 0.013752
11 0.345833 0.637525 0.050926 0.012443
4 0.367593 0.661428 0.087037 0.010478
5 0.486574 0.661428 0.073148 0.009168
4 0.598148 0.662083 0.050000 0.010478
11 0.343519 0.674853 0.042593 0.009823
8 0.500000 0.675508 0.040741 0.009823
8 0.605093 0.676162 0.032407 0.008513