5 0.575589 0.127152 0.325898 0.033940
0 0.485130 0.180030 0.672862 0.015740
1 0.485750 0.196016 0.649318 0.015248
1 0.482652 0.215199 0.338290 0.014265
1 0.478934 0.230202 0.491945 0.015740
11 0.486989 0.245696 0.537794 0.012297
4 0.483271 0.263404 0.389095 0.016232
4 0.486989 0.303984 0.257745 0.015740
1 0.625774 0.324397 0.287485 0.011313
11 0.522924 0.356124 0.049566 0.015740
11 0.651177 0.353910 0.053284 0.013281
4 0.728005 0.353910 0.050805 0.011313
5 0.331475 0.385391 0.345725 0.014265
8 0.616481 0.384161 0.060719 0.011805
8 0.746592 0.383915 0.060719 0.011313
3 0.812887 0.382686 0.017348 0.010821
8 0.190830 0.399902 0.059480 0.010821
5 0.328377 0.418839 0.334572 0.015248
8 0.615861 0.416380 0.061958 0.011313
8 0.747212 0.416626 0.061958 0.011805
6 0.814126 0.415396 0.019827 0.010330
8 0.192689 0.432858 0.060719 0.010821
4 0.353779 0.465322 0.402726 0.015740
8 0.746592 0.463109 0.063197 0.013281
5 0.392813 0.484014 0.319703 0.015740
8 0.737299 0.482784 0.089219 0.016232
11 0.411400 0.501722 0.287485 0.013773
8 0.746592 0.499508 0.068154 0.012297
5 0.454771 0.522135 0.203222 0.013281
8 0.733581 0.522135 0.096654 0.014265
5 0.490706 0.543532 0.138786 0.016724
8 0.741636 0.541318 0.085502 0.014265
11 0.419455 0.562469 0.263941 0.015248
6 0.771375 0.560010 0.023544 0.012297
5 0.488228 0.630103 0.230483 0.015740
5 0.488228 0.648795 0.589839 0.016724
5 0.488848 0.667241 0.387856 0.014265
5 0.490087 0.686916 0.474597 0.016232
11 0.497522 0.712986 0.432466 0.017216
4 0.304213 0.772996 0.211896 0.012297
5 0.551425 0.770536 0.118959 0.012297
4 0.780669 0.769306 0.057001 0.011805
11 0.572491 0.785539 0.071871 0.014757
11 0.772615 0.784309 0.070632 0.016232
11 0.255886 0.806936 0.120198 0.012297
8 0.576828 0.803984 0.070632 0.011313
8 0.778810 0.803492 0.070632 0.013281
11 0.232342 0.824152 0.080545 0.012297
8 0.578067 0.822184 0.070632 0.012297
8 0.778810 0.820954 0.060719 0.011805
5 0.563817 0.901377 0.195787 0.013281
5 0.555143 0.923512 0.473358 0.016232
2 0.558860 0.952533 0.294919 0.013281