0 0.434806 0.161968 0.352371 0.020138
9 0.422953 0.187572 0.216595 0.021864
5 0.431034 0.210587 0.534483 0.024166
1 0.437500 0.236479 0.627155 0.023015
1 0.429957 0.262946 0.420259 0.023015
4 0.429957 0.285098 0.459052 0.021289
4 0.409483 0.335443 0.420259 0.024166
9 0.206358 0.384350 0.307112 0.025316
10 0.535560 0.383774 0.284483 0.024166
11 0.087823 0.409379 0.080819 0.021289
2 0.386853 0.409379 0.400862 0.018987
5 0.155711 0.457422 0.214440 0.021864
11 0.362069 0.457998 0.058190 0.023015
5 0.533944 0.459436 0.141164 0.025892
4 0.723599 0.458573 0.171336 0.024166
11 0.116379 0.506329 0.137931 0.024166
11 0.348060 0.530207 0.060345 0.021289
8 0.525323 0.529919 0.082974 0.023015
11 0.728987 0.532221 0.151940 0.023015
11 0.121228 0.553510 0.156250 0.024166
11 0.343750 0.579402 0.058190 0.023015
8 0.525323 0.579977 0.078664 0.021864
11 0.731142 0.580552 0.151940 0.021864
5 0.132543 0.601841 0.178879 0.024166
11 0.343750 0.627158 0.058190 0.024166
8 0.525862 0.627733 0.077586 0.021864
11 0.733836 0.627733 0.150862 0.021864
6 0.165409 0.675489 0.229526 0.021864
4 0.257543 0.700230 0.413793 0.023015
3 0.772629 0.701669 0.073276 0.020138
4 0.286638 0.724971 0.478448 0.025316
8 0.771013 0.726410 0.080819 0.021289
11 0.158405 0.748562 0.219828 0.024166
8 0.731681 0.749137 0.148707 0.023015
11 0.103448 0.796318 0.120690 0.023015
8 0.769935 0.798619 0.082974 0.021864
4 0.151401 0.869965 0.212284 0.025316
5 0.522091 0.871404 0.188578 0.020138
4 0.737069 0.871116 0.133621 0.021864
11 0.078664 0.894419 0.056034 0.020138
11 0.297953 0.894131 0.113147 0.021864
8 0.579741 0.895570 0.075431 0.020138
8 0.767780 0.896145 0.078664 0.018987