0 0.436364 0.242857 0.443636 0.013583
1 0.429091 0.258782 0.380606 0.013583
11 0.426061 0.274239 0.655758 0.016393
5 0.425455 0.289461 0.615758 0.014988
1 0.438182 0.305621 0.597576 0.014520
4 0.437576 0.321780 0.513939 0.014988
5 0.428485 0.338407 0.292121 0.014520
4 0.427273 0.353162 0.219394 0.014052
5 0.398788 0.384309 0.720000 0.016393
11 0.816970 0.384543 0.038788 0.013115
11 0.166061 0.399532 0.256970 0.013115
6 0.166667 0.413817 0.253333 0.012646
11 0.507879 0.414286 0.063030 0.014520
8 0.615152 0.413349 0.081212 0.011710
8 0.756970 0.414286 0.083636 0.012646
5 0.398788 0.431616 0.722424 0.014520
11 0.820000 0.429742 0.037576 0.013583
11 0.165455 0.445433 0.265455 0.013115
6 0.167273 0.461593 0.256970 0.011710
11 0.510303 0.462295 0.058182 0.013115
8 0.615758 0.462295 0.077576 0.014988
8 0.756970 0.462529 0.083636 0.013583
5 0.385455 0.477518 0.703030 0.013583
11 0.816970 0.477518 0.038788 0.012646
11 0.145455 0.493443 0.223030 0.013583
6 0.106061 0.508899 0.144242 0.014520
8 0.567879 0.508431 0.175758 0.013583
8 0.746667 0.508431 0.101818 0.013583
5 0.146667 0.540515 0.223030 0.014988
5 0.736364 0.540515 0.197576 0.014988
4 0.216970 0.570726 0.363636 0.014520
3 0.758182 0.571194 0.163636 0.014520
11 0.074545 0.586651 0.078788 0.013583
8 0.755152 0.586417 0.160000 0.013115
4 0.146061 0.618970 0.216970 0.014520
11 0.464848 0.618735 0.139394 0.013115
4 0.667879 0.618033 0.140606 0.016393
4 0.119394 0.633958 0.163636 0.012646
8 0.526061 0.633489 0.101818 0.012646
8 0.735152 0.634192 0.083636 0.014988
2 0.275758 0.682201 0.483636 0.014520
9 0.706667 0.681265 0.259394 0.013583
5 0.304848 0.697424 0.541818 0.014988
5 0.424242 0.727400 0.543030 0.013115
9 0.433333 0.742857 0.393939 0.014988
5 0.435758 0.759016 0.473939 0.013583