0 0.456098 0.105763 0.765854 0.025763
1 0.447967 0.133220 0.756098 0.015593
1 0.234959 0.150508 0.320325 0.013559
11 0.389431 0.169492 0.629268 0.014915
11 0.249593 0.190508 0.359350 0.014915
4 0.299187 0.209153 0.458537 0.018305
5 0.143902 0.229831 0.167480 0.014915
4 0.818699 0.218644 0.297561 0.016949
9 0.335772 0.246102 0.551220 0.014915
5 0.278862 0.283051 0.427642 0.015593
11 0.201626 0.324746 0.224390 0.013559
5 0.676423 0.323729 0.465041 0.014237
11 0.481301 0.341695 0.078049 0.014915
11 0.233333 0.364746 0.203252 0.014915
3 0.821951 0.364068 0.079675 0.013559
11 0.929268 0.364068 0.050407 0.013559
4 0.301626 0.388814 0.512195 0.012881
8 0.823577 0.390169 0.079675 0.014237
5 0.469106 0.409492 0.151220 0.016271
8 0.820325 0.410169 0.073171 0.013559
11 0.436585 0.437288 0.089431 0.013559
8 0.826829 0.439322 0.073171 0.014915
5 0.482114 0.459322 0.173984 0.015593
8 0.824390 0.460339 0.078049 0.013559
11 0.482927 0.486102 0.175610 0.013559
8 0.826829 0.488814 0.073171 0.013559
11 0.445528 0.526780 0.100813 0.013559
8 0.827642 0.528475 0.084553 0.016949
5 0.467480 0.546780 0.144715 0.012881
8 0.826829 0.548475 0.079675 0.013559
4 0.169106 0.577288 0.234146 0.015593
5 0.525203 0.576271 0.208130 0.014915
4 0.852846 0.577288 0.141463 0.016949
11 0.133333 0.597966 0.162602 0.016271
8 0.597561 0.597288 0.086179 0.014915
8 0.891057 0.597288 0.078049 0.014915
9 0.265041 0.650847 0.419512 0.014915
2 0.686992 0.650847 0.323577 0.013559
5 0.526016 0.748814 0.824390 0.015593
5 0.526829 0.783729 0.669919 0.013559
5 0.527642 0.803729 0.414634 0.016949
5 0.526829 0.841356 0.656911 0.013559
9 0.530894 0.876949 0.821138 0.014237
5 0.529268 0.898305 0.873171 0.013559
5 0.528455 0.919661 0.240650 0.014237
5 0.529268 0.955593 0.749593 0.019661