4 0.306122 0.128415 0.479592 0.017760
5 0.304422 0.144126 0.469388 0.016393
0 0.301020 0.160861 0.459184 0.017077
9 0.172619 0.178279 0.205782 0.017760
4 0.285714 0.195697 0.438776 0.017077
11 0.277211 0.213798 0.411565 0.017760
1 0.362245 0.230533 0.581633 0.017077
9 0.248299 0.246243 0.350340 0.017077
11 0.118197 0.280396 0.096939 0.017077
9 0.299320 0.315232 0.455782 0.015710
2 0.712585 0.314891 0.343537 0.017760
5 0.245748 0.331967 0.345238 0.017760
11 0.692177 0.331967 0.306122 0.017760
10 0.202381 0.349385 0.265306 0.017077
11 0.120748 0.382855 0.091837 0.018443
11 0.488095 0.383538 0.071429 0.018443
11 0.657313 0.383197 0.073129 0.017760
5 0.819728 0.382172 0.136054 0.017077
4 0.637755 0.403005 0.115646 0.021858
4 0.829082 0.403005 0.103741 0.021858
6 0.142857 0.434426 0.136054 0.019126
6 0.467687 0.436475 0.027211 0.015027
8 0.640306 0.435792 0.110544 0.015027
11 0.852041 0.435109 0.159864 0.016393
5 0.503401 0.453210 0.850340 0.017077
6 0.125000 0.469945 0.107143 0.016393
6 0.465986 0.470970 0.023810 0.014344
8 0.638605 0.470628 0.107143 0.017760
11 0.851190 0.470628 0.151361 0.017760
5 0.501701 0.489071 0.857143 0.019126
11 0.230442 0.522199 0.311224 0.017077
6 0.617347 0.521858 0.030612 0.016393
11 0.615646 0.573087 0.197279 0.019126
8 0.874150 0.573087 0.115646 0.016393
11 0.561224 0.590505 0.091837 0.017077
8 0.883503 0.590847 0.096939 0.016393
4 0.553571 0.608265 0.069728 0.015710
8 0.880102 0.607923 0.090136 0.015027
5 0.606293 0.625683 0.175170 0.017760
8 0.871599 0.626366 0.103741 0.016393
11 0.223639 0.641052 0.212585 0.021175
3 0.815476 0.642077 0.219388 0.017760
11 0.200680 0.659153 0.173469 0.016393
8 0.813776 0.659495 0.215986 0.017077
5 0.245748 0.676913 0.260204 0.017760
8 0.838435 0.676230 0.176871 0.017760
5 0.499150 0.746243 0.637755 0.019809
5 0.501701 0.762978 0.221088 0.016393
5 0.500000 0.782787 0.642857 0.020492
4 0.192177 0.850410 0.248299 0.019126
11 0.118197 0.884563 0.093537 0.017760
5 0.475340 0.884221 0.124150 0.017077
11 0.654762 0.886612 0.037415 0.017760
4 0.828231 0.885246 0.149660 0.017760
11 0.096939 0.920082 0.054422 0.017760
8 0.494048 0.919740 0.113946 0.017077
6 0.658163 0.920765 0.030612 0.017760
8 0.860544 0.919740 0.091837 0.017077
4 0.584184 0.972336 0.215986 0.017077
8 0.864796 0.971995 0.100340 0.017760
11 0.595238 0.161544 0.071429 0.017077