11 0.087805 0.119154 0.022764 0.015590
6 0.517073 0.149592 0.068293 0.046771
11 0.573984 0.132888 0.039024 0.011878
5 0.514634 0.189310 0.382114 0.022272
5 0.496748 0.217892 0.226016 0.023014
0 0.504878 0.245360 0.746341 0.020045
5 0.502439 0.266889 0.708943 0.021529
1 0.512195 0.289532 0.725203 0.022272
1 0.504065 0.310690 0.367480 0.020045
4 0.514634 0.353378 0.388618 0.017817
4 0.504065 0.396808 0.217886 0.018560
9 0.474797 0.418337 0.796748 0.020045
2 0.307317 0.440609 0.468293 0.018560
10 0.295122 0.462880 0.440650 0.020045
5 0.226829 0.494803 0.304065 0.037862
5 0.209756 0.523756 0.269919 0.020045
5 0.830894 0.524128 0.253659 0.017817
6 0.086992 0.565702 0.021138 0.016333
8 0.817073 0.566815 0.099187 0.017075
11 0.939024 0.566815 0.043902 0.018560
6 0.085366 0.588716 0.017886 0.017817
8 0.816260 0.587602 0.097561 0.017075
11 0.935772 0.588716 0.040650 0.019302
6 0.085366 0.609503 0.021138 0.017817
8 0.815447 0.610245 0.092683 0.016333
11 0.938211 0.609131 0.042276 0.017075
4 0.382114 0.654417 0.614634 0.020045
3 0.908943 0.654046 0.100813 0.017817
11 0.280488 0.705642 0.186992 0.033408
8 0.858537 0.706756 0.195122 0.035635
11 0.230081 0.736080 0.082927 0.018560
8 0.908943 0.736451 0.104065 0.017817
5 0.306504 0.765405 0.232520 0.035635
8 0.864228 0.765033 0.183740 0.031923
4 0.181301 0.814774 0.219512 0.018560
5 0.403252 0.814402 0.117073 0.016333
4 0.814634 0.814031 0.061789 0.018560
4 0.182927 0.835561 0.222764 0.018560
8 0.390244 0.834818 0.100813 0.018560
8 0.823577 0.835932 0.082927 0.017817
5 0.515447 0.877877 0.539837 0.021529
5 0.507317 0.900148 0.406504 0.020045
5 0.516260 0.922049 0.398374 0.017817
11 0.630081 0.210097 0.030894 0.011878
5 0.256911 0.567186 0.253659 0.019302
5 0.219512 0.588716 0.178862 0.019302
5 0.325203 0.610245 0.383740 0.020787