0 0.504839 0.071013 0.896774 0.019103
1 0.499194 0.089286 0.437097 0.020764
1 0.499194 0.108389 0.479032 0.020764
9 0.344355 0.127907 0.298387 0.016611
4 0.502419 0.147425 0.385484 0.019103
4 0.501613 0.187708 0.564516 0.028239
5 0.521774 0.236296 0.246774 0.029070
11 0.742742 0.234219 0.156452 0.028239
9 0.112903 0.261628 0.135484 0.019934
11 0.566935 0.263704 0.088710 0.015781
2 0.730645 0.262458 0.193548 0.016611
5 0.320968 0.292774 0.558065 0.027409
5 0.274194 0.321844 0.458065 0.017442
5 0.183065 0.341777 0.285484 0.017442
1 0.301613 0.360050 0.522581 0.019103
11 0.234677 0.378738 0.385484 0.018272
2 0.541129 0.397425 0.259677 0.017442
11 0.748387 0.396179 0.096774 0.016611
5 0.146774 0.421512 0.222581 0.017442
11 0.316935 0.421096 0.062903 0.014950
11 0.391129 0.420681 0.056452 0.015781
11 0.468548 0.420681 0.062903 0.017442
11 0.543548 0.419850 0.025806 0.014120
11 0.613710 0.420266 0.079032 0.014950
11 0.753226 0.421096 0.135484 0.016611
5 0.133871 0.451412 0.193548 0.015781
8 0.308871 0.451827 0.085484 0.014950
6 0.404032 0.451827 0.046774 0.014950
6 0.485484 0.451827 0.019355 0.013289
6 0.541129 0.450997 0.027419 0.013289
6 0.640323 0.452243 0.029032 0.014120
8 0.775000 0.450581 0.095161 0.015781
5 0.125000 0.471346 0.169355 0.017442
8 0.310484 0.470930 0.088710 0.016611
6 0.408065 0.470930 0.025806 0.016611
6 0.486290 0.470515 0.024194 0.019103
6 0.545968 0.470930 0.027419 0.016611
6 0.638710 0.470100 0.022581 0.018272
8 0.775000 0.468854 0.095161 0.015781
5 0.125806 0.490033 0.174194 0.014950
8 0.306452 0.490864 0.087097 0.016611
6 0.409677 0.490449 0.022581 0.017442
6 0.487097 0.489618 0.022581 0.014120
6 0.543548 0.489618 0.025806 0.014120
6 0.637097 0.490033 0.022581 0.014950
8 0.780645 0.489203 0.087097 0.014950
11 0.481452 0.523256 0.350000 0.036545
8 0.773387 0.520349 0.101613 0.030731
5 0.126613 0.557309 0.172581 0.014950
8 0.304032 0.558140 0.082258 0.016611
6 0.410484 0.558555 0.024194 0.017442
6 0.488710 0.558555 0.025806 0.014120
6 0.543548 0.557724 0.022581 0.014120
11 0.629032 0.558140 0.038710 0.013289
8 0.773387 0.558140 0.101613 0.016611
5 0.127419 0.577658 0.180645 0.020764
8 0.304032 0.577243 0.088710 0.018272
6 0.412097 0.577658 0.033871 0.015781
6 0.489516 0.577658 0.024194 0.015781
6 0.544355 0.576827 0.024194 0.015781
11 0.633065 0.577658 0.040323 0.014120
8 0.765323 0.577243 0.117742 0.016611
4 0.359677 0.611711 0.567742 0.034053
8 0.762097 0.610465 0.117742 0.029900
4 0.608871 0.648256 0.072581 0.030731
8 0.772581 0.648256 0.096774 0.030731
4 0.372581 0.692276 0.554839 0.037375
8 0.766129 0.691445 0.116129 0.030731
11 0.470161 0.729651 0.356452 0.032392
8 0.773387 0.728405 0.101613 0.029900
11 0.515323 0.773671 0.269355 0.034053
3 0.771774 0.772425 0.101613 0.028239
11 0.116129 0.815615 0.161290 0.021595
5 0.470161 0.837625 0.859677 0.017442
5 0.416935 0.856728 0.746774 0.017442
5 0.475000 0.877076 0.862903 0.018272
4 0.399194 0.895349 0.704839 0.016611
4 0.420161 0.914867 0.756452 0.019103
5 0.187097 0.934801 0.290323 0.019103
5 0.504032 0.956395 0.385484 0.020764
9 0.662903 0.127907 0.293548 0.018272