0 0.377994 0.164894 0.576347 0.021902
0 0.360778 0.189299 0.547904 0.024406
11 0.231287 0.210576 0.285928 0.019399
5 0.372006 0.233104 0.564371 0.021902
1 0.355539 0.255319 0.531437 0.018773
9 0.391467 0.280350 0.615269 0.023780
4 0.375749 0.302253 0.577844 0.022528
9 0.478293 0.369837 0.776946 0.022528
8 0.271707 0.414894 0.142216 0.022528
11 0.503743 0.414894 0.609281 0.027534
5 0.246257 0.435857 0.321856 0.023154
11 0.548653 0.437109 0.058383 0.019399
3 0.764970 0.438986 0.197605 0.021902
11 0.277695 0.459011 0.142216 0.019399
11 0.433383 0.458698 0.061377 0.021277
11 0.532934 0.459637 0.026946 0.018148
11 0.651198 0.460263 0.137725 0.018148
11 0.156437 0.481227 0.133234 0.022528
11 0.549401 0.482791 0.053892 0.018148
8 0.736527 0.483417 0.137725 0.020651
11 0.148952 0.504693 0.115269 0.021902
11 0.549401 0.505006 0.056886 0.018773
8 0.736527 0.504693 0.137725 0.019399
4 0.231287 0.528160 0.282934 0.021277
11 0.477545 0.527222 0.035928 0.016896
11 0.548653 0.527847 0.055389 0.019399
8 0.752246 0.527222 0.121257 0.018148
11 0.248503 0.549750 0.314371 0.023154
11 0.476796 0.549750 0.028443 0.016896
11 0.547904 0.549437 0.056886 0.021277
8 0.733533 0.549750 0.140719 0.019399
5 0.344311 0.594180 0.523952 0.024406
9 0.318862 0.616395 0.470060 0.021277
5 0.348054 0.638611 0.519461 0.020651
11 0.145958 0.726220 0.115269 0.019399
11 0.405689 0.726846 0.110778 0.019399
11 0.562126 0.727472 0.088323 0.019399
11 0.734281 0.727159 0.079341 0.021277
2 0.202844 0.750000 0.226048 0.019399
11 0.419910 0.751252 0.133234 0.019399
1 0.636228 0.751564 0.224551 0.018773
5 0.387725 0.817897 0.604790 0.022528
5 0.462575 0.841364 0.748503 0.024406
4 0.419162 0.862954 0.667665 0.022528
5 0.220808 0.908636 0.258982 0.023780
5 0.330838 0.932103 0.494012 0.026909