0 0.472103 0.177252 0.399142 0.018468
1 0.459227 0.197072 0.334764 0.015766
11 0.459227 0.217117 0.740343 0.019820
5 0.460837 0.235811 0.681330 0.017568
1 0.475858 0.254279 0.672747 0.020270
4 0.460837 0.273649 0.550429 0.018468
5 0.475322 0.292117 0.309013 0.019369
4 0.465129 0.312613 0.301502 0.018018
5 0.252682 0.347523 0.440987 0.019369
11 0.899142 0.351577 0.053648 0.015766
2 0.261266 0.368694 0.462446 0.020270
6 0.106223 0.386937 0.158798 0.017117
11 0.553112 0.387838 0.063305 0.016216
8 0.672747 0.389189 0.090129 0.015315
8 0.827253 0.389865 0.085837 0.014865
5 0.196888 0.407207 0.331545 0.017117
11 0.895923 0.409009 0.045064 0.014414
11 0.174356 0.426577 0.288627 0.018018
6 0.110515 0.445270 0.154506 0.015766
11 0.553112 0.445495 0.063305 0.015315
8 0.675966 0.446171 0.083691 0.014865
8 0.828326 0.446622 0.081545 0.014865
5 0.251073 0.464865 0.442060 0.016216
11 0.893240 0.465766 0.043991 0.015315
11 0.095494 0.482883 0.128755 0.015315
11 0.274678 0.484009 0.126609 0.016667
6 0.175966 0.502703 0.283262 0.016216
11 0.554185 0.503378 0.059013 0.014865
8 0.671137 0.504279 0.089056 0.014865
8 0.828863 0.504955 0.089056 0.015315
5 0.194206 0.521622 0.330472 0.017117
6 0.439914 0.522523 0.064378 0.014414
11 0.894313 0.524324 0.043991 0.016216
11 0.097639 0.540315 0.130901 0.014865
11 0.276288 0.541441 0.127682 0.016216
6 0.174356 0.559685 0.284335 0.014865
11 0.553112 0.560811 0.063305 0.015315
8 0.671674 0.561261 0.085837 0.014414
8 0.826717 0.561712 0.086910 0.014414
5 0.184013 0.579505 0.305794 0.015766
11 0.893240 0.580856 0.046137 0.016667
2 0.240343 0.598874 0.414163 0.017568
6 0.106223 0.617117 0.152361 0.016216
11 0.549356 0.617793 0.066524 0.016667
8 0.671674 0.618694 0.083691 0.015766
8 0.826180 0.619144 0.087983 0.015766
9 0.459227 0.920946 0.409871 0.016667
5 0.469421 0.940090 0.522532 0.016216
5 0.153970 0.654955 0.234979 0.017117
5 0.805258 0.656081 0.222103 0.018468
4 0.218884 0.693919 0.373391 0.015766
3 0.826717 0.695270 0.174893 0.014865
11 0.074571 0.712387 0.086910 0.014865
8 0.827253 0.713964 0.175966 0.015315
5 0.096567 0.730856 0.135193 0.013964
8 0.826180 0.732207 0.173820 0.014865
4 0.151288 0.770045 0.242489 0.017568
11 0.503219 0.770270 0.150215 0.017117
4 0.725858 0.771396 0.146996 0.018468
4 0.117489 0.787613 0.174893 0.015766
8 0.530043 0.788739 0.103004 0.015315
8 0.760730 0.789640 0.087983 0.015315
2 0.299356 0.844595 0.519313 0.017117
9 0.770386 0.846622 0.281116 0.015766
5 0.194742 0.863739 0.327253 0.016667
5 0.625000 0.865090 0.438841 0.016667
5 0.461910 0.902252 0.591202 0.018018