0 0.498377 0.091176 0.909091 0.019328
1 0.492695 0.110504 0.456169 0.019328
1 0.488636 0.130672 0.477273 0.019328
9 0.335227 0.148739 0.303571 0.018487
4 0.501623 0.167647 0.392857 0.019328
11 0.744318 0.420588 0.092532 0.019328
4 0.495130 0.209244 0.558442 0.031933
11 0.605519 0.258403 0.428571 0.029412
9 0.110390 0.285294 0.146104 0.022689
2 0.671266 0.286975 0.316558 0.019328
5 0.318182 0.316807 0.568182 0.030252
5 0.266234 0.344958 0.464286 0.021008
5 0.183442 0.364286 0.288961 0.017647
1 0.297078 0.383193 0.522727 0.018487
1 0.233766 0.402101 0.392857 0.019328
2 0.532468 0.421849 0.259740 0.018487
5 0.136364 0.445798 0.217532 0.017647
11 0.383929 0.445798 0.063312 0.017647
11 0.459416 0.445378 0.058442 0.018487
11 0.543019 0.444538 0.066558 0.018487
11 0.616071 0.444958 0.037338 0.015966
11 0.685065 0.444538 0.081169 0.016807
11 0.826299 0.446218 0.139610 0.016807
5 0.128247 0.477311 0.201299 0.018487
8 0.375000 0.477731 0.084416 0.017647
6 0.472403 0.477311 0.045455 0.015126
6 0.556006 0.477311 0.024351 0.016807
6 0.616071 0.476891 0.024351 0.014286
6 0.710227 0.476891 0.027597 0.015966
8 0.847403 0.477731 0.100649 0.017647
5 0.117695 0.496218 0.180195 0.019328
8 0.377435 0.496639 0.086039 0.015126
6 0.481331 0.496639 0.027597 0.016807
6 0.556006 0.497899 0.024351 0.017647
6 0.616071 0.497059 0.024351 0.015966
6 0.711039 0.497059 0.032468 0.015966
8 0.853896 0.497479 0.084416 0.016807
5 0.120942 0.517227 0.189935 0.019328
8 0.375812 0.515966 0.086039 0.016807
6 0.482955 0.516807 0.034091 0.016807
6 0.557630 0.516807 0.027597 0.016807
6 0.614448 0.516807 0.027597 0.016807
11 0.701299 0.516807 0.045455 0.015126
8 0.844156 0.516807 0.100649 0.016807
11 0.472403 0.551261 0.350649 0.035294
8 0.768669 0.550000 0.105519 0.027731
8 0.222403 0.584454 0.389610 0.019328
6 0.481331 0.583193 0.027597 0.015126
6 0.556818 0.584034 0.029221 0.016807
6 0.615260 0.584034 0.029221 0.016807
11 0.702922 0.584034 0.042208 0.015126
8 0.844968 0.584454 0.105519 0.017647
4 0.355519 0.618908 0.581169 0.036134
8 0.767857 0.618487 0.103896 0.031933
4 0.602273 0.657563 0.084416 0.031092
8 0.768669 0.657143 0.105519 0.028571
4 0.369318 0.702521 0.569805 0.035294
8 0.767857 0.700420 0.107143 0.031092
11 0.473214 0.742017 0.352273 0.035294
8 0.771104 0.739496 0.103896 0.030252
11 0.508117 0.783193 0.272727 0.035294
3 0.777597 0.782353 0.087662 0.030252
11 0.112825 0.827311 0.157468 0.019328
5 0.466721 0.848319 0.865260 0.021008
5 0.410714 0.868487 0.750000 0.019328
5 0.470779 0.889076 0.870130 0.020168
4 0.396916 0.908824 0.719156 0.021008
4 0.415584 0.928571 0.756494 0.018487
5 0.179383 0.947479 0.293831 0.017647
5 0.497565 0.969748 0.391234 0.018487
9 0.659903 0.149160 0.300325 0.017647