0 0.438017 0.208096 0.270510 0.015393
2 0.438924 0.219427 0.103407 0.010120
1 0.439024 0.231400 0.062084 0.009550
1 0.440032 0.242660 0.232211 0.012685
1 0.439327 0.255487 0.174763 0.012970
4 0.441141 0.265678 0.080024 0.009122
9 0.377041 0.278506 0.172747 0.011688
11 0.306087 0.296679 0.029228 0.008694
11 0.397904 0.295966 0.022979 0.010405
11 0.577101 0.290408 0.031848 0.009550
9 0.392764 0.308367 0.195727 0.011830
8 0.311026 0.323475 0.033864 0.009550
6 0.392663 0.322477 0.012901 0.009550
8 0.576094 0.317916 0.033864 0.010975
9 0.390949 0.339082 0.196533 0.011973
8 0.311328 0.354404 0.034469 0.010120
6 0.393368 0.352694 0.007458 0.009550
8 0.575388 0.347848 0.031244 0.009550
9 0.395787 0.370154 0.203386 0.011973
8 0.311933 0.384763 0.030437 0.009550
6 0.395787 0.382910 0.012296 0.006699
8 0.576194 0.378777 0.030034 0.010120
3 0.535275 0.400157 0.113888 0.010120
4 0.547470 0.412985 0.100383 0.010975
3 0.546261 0.423532 0.093126 0.010120
5 0.339548 0.445624 0.082040 0.009550
5 0.573272 0.440137 0.044749 0.009122
11 0.318787 0.459022 0.039307 0.008694
5 0.322213 0.471993 0.045354 0.009550
8 0.575287 0.454034 0.037896 0.010975
8 0.580125 0.464367 0.033864 0.010547
4 0.335416 0.499216 0.070550 0.008409
5 0.476114 0.496365 0.046765 0.008409
4 0.581838 0.493800 0.030437 0.008124
4 0.336827 0.513042 0.074582 0.008124
8 0.488309 0.508267 0.023181 0.006842
8 0.585164 0.505986 0.020964 0.007697
4 0.448196 0.527580 0.142915 0.011260
5 0.449607 0.539552 0.191292 0.011830
4 0.450413 0.551383 0.130820 0.011830
5 0.449305 0.562714 0.139488 0.010547
5 0.449909 0.574615 0.172546 0.012115
5 0.451421 0.586303 0.155815 0.010120