0 0.482345 0.149500 0.535311 0.022366
5 0.486582 0.173926 0.475989 0.019423
5 0.488701 0.197469 0.302260 0.017069
1 0.486582 0.219835 0.566384 0.020600
11 0.483051 0.241318 0.240113 0.014126
4 0.481638 0.265745 0.446328 0.018246
9 0.485876 0.294291 0.347458 0.018835
9 0.276836 0.322248 0.387006 0.015892
2 0.710452 0.318717 0.381356 0.020600
10 0.256356 0.347557 0.346045 0.019423
11 0.119350 0.370218 0.072034 0.017657
5 0.305085 0.367569 0.228814 0.017069
11 0.642655 0.366686 0.098870 0.016480
11 0.790254 0.365509 0.103107 0.017657
5 0.378531 0.399353 0.584746 0.019423
5 0.344633 0.454091 0.516949 0.019423
5 0.319209 0.508829 0.471751 0.018246
6 0.128531 0.421719 0.019774 0.015892
6 0.125706 0.478222 0.019774 0.015892
6 0.127825 0.535315 0.018362 0.015892
6 0.240113 0.422307 0.141243 0.015892
6 0.237288 0.477634 0.144068 0.014715
6 0.239407 0.534432 0.139831 0.016480
8 0.482345 0.421719 0.105932 0.014715
8 0.627825 0.421130 0.105932 0.017069
8 0.627119 0.477340 0.107345 0.016480
8 0.614407 0.533549 0.132768 0.015892
8 0.801554 0.419070 0.105932 0.016480
8 0.800847 0.475574 0.107345 0.016480
8 0.787429 0.533549 0.128531 0.015892
11 0.761299 0.394055 0.050847 0.012360
11 0.766243 0.449676 0.066384 0.012949
11 0.760593 0.506474 0.052260 0.013537
6 0.126412 0.563861 0.032486 0.015303
11 0.250706 0.565333 0.105932 0.018246
6 0.372881 0.562978 0.025424 0.015892
11 0.176554 0.593584 0.183616 0.017069
5 0.225989 0.618305 0.282486 0.019423
4 0.343927 0.644202 0.515537 0.020600
11 0.134181 0.669511 0.101695 0.015892
8 0.764831 0.591524 0.134181 0.017657
8 0.779661 0.615362 0.104520 0.015892
3 0.743644 0.643908 0.173729 0.020012
8 0.763418 0.668334 0.131356 0.015892
4 0.230226 0.710418 0.296610 0.020012
5 0.548023 0.707181 0.155367 0.015892
4 0.792373 0.705415 0.070621 0.017069
11 0.558616 0.728075 0.128531 0.020012
11 0.768362 0.728370 0.124294 0.019423
11 0.115819 0.759859 0.064972 0.015303
11 0.128531 0.824897 0.084746 0.015892
8 0.560028 0.758682 0.131356 0.017657
8 0.781780 0.758682 0.105932 0.016480
8 0.574859 0.823720 0.107345 0.015892
8 0.791667 0.823131 0.083333 0.014715
5 0.263418 0.883755 0.362994 0.015892
11 0.216808 0.911713 0.264124 0.017657
5 0.406780 0.944673 0.259887 0.021189
5 0.411723 0.968511 0.459040 0.021778