0 0.490919 0.205823 0.759615 0.018072
9 0.480769 0.227410 0.207265 0.020080
1 0.495192 0.249247 0.761752 0.017570
1 0.490385 0.272088 0.450855 0.019076
4 0.490919 0.294177 0.528846 0.020080
4 0.471154 0.316265 0.412393 0.019076
5 0.263889 0.337600 0.294872 0.018574
1 0.312500 0.358183 0.327991 0.019578
1 0.697650 0.359438 0.267094 0.019076
11 0.152244 0.381024 0.080128 0.018072
2 0.445513 0.382279 0.395299 0.020582
10 0.303419 0.403112 0.382479 0.018072
11 0.728632 0.402359 0.134615 0.021586
6 0.858440 0.403865 0.026709 0.020582
11 0.142628 0.448544 0.060897 0.021586
5 0.331731 0.448042 0.212607 0.021586
4 0.783654 0.448042 0.172009 0.019578
6 0.180556 0.492721 0.014957 0.017570
11 0.615385 0.492219 0.023504 0.017570
11 0.739850 0.492470 0.152778 0.019076
5 0.237714 0.513303 0.251068 0.019578
6 0.181624 0.535141 0.023504 0.018072
11 0.614850 0.536647 0.022436 0.018072
11 0.739850 0.536898 0.152778 0.019578
5 0.236111 0.558484 0.247863 0.019578
6 0.184295 0.579317 0.016026 0.018072
11 0.614316 0.580823 0.025641 0.019076
11 0.737714 0.580321 0.154915 0.018072
5 0.414530 0.601406 0.608974 0.021084
6 0.182692 0.623243 0.019231 0.015562
11 0.615919 0.623494 0.022436 0.018072
11 0.747329 0.622992 0.135684 0.018072
5 0.189637 0.645833 0.152778 0.020582
4 0.318910 0.690010 0.417735 0.021586
3 0.823184 0.689759 0.097222 0.018072
4 0.345620 0.711345 0.473291 0.022088
8 0.822650 0.711094 0.098291 0.017570
11 0.222756 0.732430 0.214744 0.021084
8 0.772970 0.732932 0.186966 0.018072
5 0.194979 0.775602 0.169872 0.017068
2 0.568376 0.776606 0.192308 0.018072
11 0.793269 0.777359 0.157051 0.019578
10 0.293803 0.798193 0.363248 0.018072
11 0.167735 0.819277 0.115385 0.018072
8 0.822115 0.821034 0.097222 0.019578
4 0.216880 0.864709 0.213675 0.021586
5 0.583333 0.865713 0.188034 0.020582
4 0.802350 0.865713 0.134615 0.020582
11 0.133547 0.886546 0.040598 0.019076
11 0.357906 0.886295 0.108974 0.021586
8 0.632479 0.886044 0.098291 0.018072
8 0.832265 0.887550 0.079060 0.018072
5 0.481838 0.950552 0.361111 0.019578
5 0.501068 0.974398 0.326923 0.023092