0 0.419528 0.157865 0.351931 0.022472
9 0.414700 0.183146 0.219957 0.020225
5 0.424356 0.208427 0.533262 0.023596
1 0.429721 0.232584 0.634120 0.024719
1 0.418455 0.256742 0.427039 0.025843
4 0.419528 0.282022 0.463519 0.021348
4 0.404506 0.328652 0.420601 0.029213
9 0.196352 0.375281 0.306867 0.024719
10 0.534335 0.376404 0.313305 0.022472
11 0.081009 0.401404 0.089056 0.025281
2 0.380901 0.403371 0.405579 0.021348
5 0.142167 0.449438 0.219957 0.024719
11 0.354077 0.448876 0.068670 0.023596
5 0.525215 0.448315 0.131974 0.022472
11 0.676502 0.449438 0.106223 0.022472
4 0.773605 0.448315 0.062232 0.024719
11 0.116416 0.495506 0.159871 0.021348
11 0.335837 0.516854 0.062232 0.028090
8 0.516094 0.520225 0.083691 0.021348
8 0.684549 0.519101 0.075107 0.023596
11 0.781116 0.520225 0.051502 0.021348
11 0.113197 0.542697 0.157725 0.028090
11 0.339056 0.567978 0.051502 0.023596
8 0.516094 0.567416 0.083691 0.024719
8 0.688841 0.567416 0.087983 0.022472
11 0.780043 0.567978 0.049356 0.025843
5 0.128219 0.589888 0.187768 0.029213
11 0.335837 0.614607 0.066524 0.022472
8 0.517167 0.615730 0.081545 0.022472
8 0.686695 0.614045 0.079399 0.023596
11 0.780043 0.614045 0.049356 0.021348
6 0.157189 0.662921 0.250000 0.023596
4 0.253219 0.685393 0.429185 0.023596
8 0.762876 0.685393 0.075107 0.021348
4 0.200644 0.710674 0.336910 0.024719
8 0.759657 0.709551 0.081545 0.020225
4 0.274142 0.733146 0.479614 0.024719
3 0.758584 0.734270 0.083691 0.020225
11 0.151824 0.757303 0.222103 0.025843
8 0.722639 0.758427 0.151288 0.021348
11 0.091738 0.804494 0.119099 0.024719
8 0.758584 0.805056 0.079399 0.025843
4 0.140021 0.875843 0.224249 0.026966
5 0.512339 0.876404 0.200644 0.021348
4 0.728004 0.876966 0.136266 0.024719
11 0.057940 0.900000 0.042918 0.025843
11 0.284871 0.900000 0.116953 0.025843
8 0.570815 0.901685 0.079399 0.020225
8 0.760730 0.900000 0.079399 0.021348