0 0.480235 0.120315 0.669872 0.020098
5 0.482372 0.148832 0.498932 0.021727
5 0.482906 0.175177 0.329060 0.021184
1 0.480769 0.201793 0.574786 0.020098
11 0.480235 0.225421 0.274573 0.019555
9 0.125534 0.258827 0.101496 0.016839
11 0.233440 0.261271 0.016026 0.015209
1 0.354701 0.259641 0.158120 0.015209
11 0.808226 0.259641 0.114316 0.020641
11 0.113248 0.284085 0.079060 0.015209
11 0.231838 0.285986 0.017094 0.015752
2 0.470085 0.285171 0.391026 0.018468
11 0.794338 0.285171 0.050214 0.017382
10 0.133013 0.309886 0.118590 0.015752
11 0.231838 0.311244 0.012821 0.013036
6 0.309295 0.310158 0.058761 0.015209
11 0.101496 0.335416 0.055556 0.017925
11 0.231838 0.337045 0.012821 0.012493
6 0.284188 0.335687 0.021368 0.017382
5 0.265491 0.395166 0.184829 0.017925
11 0.509081 0.395437 0.056624 0.019555
11 0.645833 0.393536 0.086538 0.015752
5 0.826389 0.392993 0.131410 0.015752
6 0.125000 0.419066 0.017094 0.014666
5 0.265491 0.416621 0.197650 0.014123
6 0.530449 0.418794 0.022436 0.015209
8 0.647970 0.417708 0.084402 0.016295
8 0.850427 0.418251 0.083333 0.014123
5 0.297543 0.435090 0.259615 0.014123
6 0.126603 0.471211 0.020299 0.015752
5 0.285256 0.470668 0.230769 0.015752
6 0.528312 0.471483 0.013889 0.014123
8 0.646902 0.471754 0.084402 0.014666
8 0.848291 0.472026 0.079060 0.013036
5 0.262821 0.487778 0.194444 0.014123
11 0.216346 0.505160 0.092949 0.015209
6 0.126603 0.523085 0.018162 0.015209
5 0.294338 0.522814 0.253205 0.013580
6 0.530449 0.523628 0.018162 0.013036
8 0.649038 0.524443 0.077991 0.013580
8 0.849359 0.523628 0.076923 0.014123
5 0.222222 0.539924 0.106838 0.014123
6 0.123932 0.578490 0.021368 0.014123
5 0.274573 0.576046 0.211538 0.013580
6 0.529380 0.577132 0.020299 0.013580
8 0.652244 0.577947 0.082265 0.015209
8 0.850427 0.577947 0.085470 0.016295
5 0.274573 0.592884 0.217949 0.012493
6 0.124466 0.628463 0.020299 0.014123
5 0.283654 0.628734 0.227564 0.013580
6 0.528846 0.629549 0.019231 0.013036
8 0.661325 0.629006 0.070513 0.016295
8 0.862179 0.627648 0.070513 0.014666
6 0.123932 0.653721 0.019231 0.014666
5 0.274573 0.652906 0.209402 0.014123
6 0.527778 0.654264 0.019231 0.016839
8 0.660256 0.654536 0.070513 0.016295
8 0.859509 0.653992 0.063034 0.015209
11 0.204060 0.670016 0.068376 0.014666
6 0.126068 0.689299 0.017094 0.013036
5 0.272436 0.688756 0.205128 0.015209
6 0.528312 0.691200 0.016026 0.013580
8 0.657585 0.689842 0.065171 0.015209
8 0.860043 0.690929 0.070513 0.015209
11 0.222756 0.706138 0.105769 0.016295
6 0.124466 0.726779 0.022436 0.015209
5 0.247863 0.725421 0.162393 0.013580
6 0.525641 0.726507 0.019231 0.014666
8 0.660256 0.726507 0.070513 0.014666
8 0.860043 0.724606 0.064103 0.015209
5 0.291667 0.741173 0.250000 0.013580
11 0.199786 0.758555 0.059829 0.014666
11 0.519231 0.791146 0.087607 0.015752
3 0.850427 0.791418 0.083333 0.014123
11 0.471154 0.818577 0.183761 0.016295
8 0.850427 0.818305 0.085470 0.014666
5 0.450321 0.842477 0.231838 0.016295
8 0.842949 0.842205 0.096154 0.013580
5 0.502671 0.867192 0.133547 0.016839
8 0.859509 0.866377 0.063034 0.016295
5 0.431090 0.904128 0.285256 0.016839
8 0.848825 0.903585 0.086538 0.016839
5 0.495726 0.949484 0.452991 0.017382