0 0.514516 0.070524 0.893548 0.019426
1 0.506452 0.090794 0.451613 0.019426
1 0.505645 0.110220 0.482258 0.019426
9 0.354032 0.128378 0.298387 0.018581
4 0.514516 0.147804 0.390323 0.018581
4 0.512097 0.188767 0.562903 0.029561
11 0.620968 0.239020 0.432258 0.028716
9 0.120161 0.266047 0.133871 0.020270
2 0.682258 0.268581 0.312903 0.018581
5 0.328226 0.296453 0.559677 0.030405
5 0.278226 0.326436 0.459677 0.019426
5 0.198387 0.345439 0.287097 0.018581
1 0.311290 0.365287 0.525806 0.019426
1 0.245968 0.384291 0.395161 0.018581
2 0.545161 0.402872 0.261290 0.018581
5 0.151613 0.428209 0.219355 0.016892
5 0.141935 0.457770 0.193548 0.018581
5 0.130645 0.478041 0.180645 0.018581
5 0.131452 0.497044 0.179032 0.017736
11 0.480645 0.533361 0.341935 0.038007
8 0.779032 0.532517 0.103226 0.029561
5 0.133871 0.567568 0.177419 0.018581
4 0.366935 0.602618 0.569355 0.036318
8 0.779032 0.601351 0.103226 0.027027
4 0.615323 0.639780 0.075806 0.029561
8 0.777419 0.641470 0.106452 0.027872
4 0.375000 0.684544 0.556452 0.036318
8 0.778226 0.683699 0.104839 0.027872
11 0.480645 0.724662 0.345161 0.035473
8 0.779032 0.722551 0.109677 0.029561
11 0.518548 0.767314 0.269355 0.036318
3 0.777419 0.765625 0.100000 0.029561
11 0.122581 0.810389 0.151613 0.019426
5 0.476613 0.831926 0.856452 0.020270
5 0.421774 0.853463 0.746774 0.021115
5 0.476613 0.873311 0.862903 0.018581
4 0.404032 0.891892 0.711290 0.018581
4 0.422581 0.911740 0.745161 0.019426
5 0.192742 0.931588 0.295161 0.018581
5 0.506452 0.953547 0.383871 0.018581
9 0.673387 0.128801 0.301613 0.017736
11 0.756452 0.402872 0.090323 0.018581
11 0.321774 0.427365 0.059677 0.016892
11 0.398387 0.427365 0.058065 0.015203
11 0.477419 0.427787 0.061290 0.016047
11 0.551613 0.427365 0.025806 0.015203
11 0.619355 0.427787 0.080645 0.016047
11 0.759677 0.428209 0.138710 0.016892
8 0.313710 0.459037 0.082258 0.016047
6 0.417742 0.458193 0.029032 0.016047
6 0.495968 0.457770 0.024194 0.015203
6 0.550806 0.458615 0.024194 0.016892
6 0.645968 0.458193 0.024194 0.016047
8 0.789516 0.458193 0.082258 0.016047
8 0.312903 0.478041 0.080645 0.016892
6 0.416129 0.478041 0.022581 0.016892
6 0.494355 0.478041 0.027419 0.015203
6 0.551613 0.477618 0.025806 0.016047
6 0.645161 0.478041 0.022581 0.016892
8 0.782258 0.477618 0.100000 0.017736
8 0.312903 0.498311 0.083871 0.018581
6 0.416935 0.497044 0.024194 0.016047
6 0.494355 0.497466 0.027419 0.015203
6 0.550806 0.497466 0.024194 0.016892
6 0.645161 0.497889 0.025806 0.017736
8 0.779032 0.497466 0.096774 0.016892
8 0.312097 0.567990 0.082258 0.016047
6 0.417742 0.567568 0.022581 0.016892
6 0.493548 0.567145 0.025806 0.016047
6 0.551613 0.567990 0.025806 0.016047
11 0.639516 0.568412 0.037097 0.016892
8 0.780645 0.568412 0.100000 0.016892