0 0.483923 0.096289 0.684887 0.017507
0 0.467846 0.121148 0.350482 0.015406
4 0.483119 0.138305 0.458199 0.016106
5 0.479100 0.157913 0.459807 0.016106
1 0.482315 0.176471 0.379421 0.015406
1 0.478296 0.193978 0.590032 0.016807
11 0.457395 0.231443 0.573955 0.016106
2 0.195338 0.253501 0.188103 0.015406
4 0.512058 0.256653 0.220257 0.016106
9 0.732315 0.276611 0.290997 0.016807
5 0.318328 0.302171 0.427653 0.018908
11 0.271704 0.332983 0.337621 0.017507
11 0.274920 0.352591 0.340836 0.017507
11 0.137460 0.373249 0.075563 0.015406
11 0.425241 0.375700 0.062701 0.017507
5 0.557878 0.373950 0.122186 0.015406
11 0.830386 0.375000 0.059486 0.013305
6 0.163987 0.398459 0.125402 0.015406
8 0.434084 0.399860 0.073955 0.014006
8 0.573955 0.399510 0.090032 0.013305
11 0.838424 0.399510 0.139871 0.013305
5 0.250804 0.421569 0.299035 0.016807
6 0.166399 0.454482 0.130225 0.015406
8 0.432476 0.454832 0.073955 0.014706
8 0.584405 0.455532 0.072347 0.014706
11 0.851286 0.455532 0.123794 0.014706
5 0.162379 0.476541 0.122186 0.014706
11 0.165595 0.510504 0.128617 0.015406
8 0.431672 0.511204 0.075563 0.014006
8 0.572347 0.510854 0.096463 0.016106
11 0.836817 0.511204 0.143087 0.015406
5 0.364148 0.531863 0.525723 0.013305
6 0.168810 0.563725 0.122186 0.014006
8 0.434084 0.564776 0.073955 0.016106
8 0.580386 0.565126 0.077170 0.015406
11 0.847267 0.564776 0.125402 0.016106
11 0.185691 0.586835 0.168810 0.015406
4 0.365756 0.633403 0.471061 0.017507
3 0.812701 0.632703 0.094855 0.014706
5 0.431672 0.654762 0.348875 0.016807
8 0.822347 0.653711 0.072347 0.014706
11 0.434887 0.676821 0.339228 0.017507
8 0.811897 0.675420 0.093248 0.014706
11 0.458199 0.695728 0.289389 0.016106
6 0.848071 0.695728 0.024116 0.013305
4 0.233119 0.727941 0.237942 0.014706
5 0.508842 0.728291 0.217042 0.014006
4 0.767685 0.728641 0.168810 0.016106
11 0.199357 0.749300 0.163987 0.015406
8 0.573151 0.750700 0.094855 0.014006
8 0.812701 0.749650 0.075563 0.014706
8 0.427653 0.782563 0.218650 0.016106
5 0.379421 0.811275 0.543408 0.014706
1 0.482315 0.841387 0.466238 0.018908
5 0.481511 0.861345 0.657556 0.016807