0 0.495151 0.131654 0.645474 0.022814
9 0.491379 0.151141 0.273707 0.018061
1 0.493534 0.173479 0.437500 0.018061
1 0.497845 0.196768 0.508621 0.019962
9 0.310884 0.231702 0.320043 0.016635
9 0.675647 0.233840 0.318966 0.016160
4 0.492457 0.255228 0.400862 0.019011
4 0.489763 0.283032 0.257543 0.017586
5 0.106142 0.302044 0.123922 0.016635
5 0.320582 0.327709 0.550647 0.016635
5 0.223060 0.349572 0.359914 0.015684
1 0.220366 0.368821 0.350216 0.016160
5 0.231142 0.391873 0.380388 0.017586
9 0.155172 0.414211 0.221983 0.014734
5 0.113147 0.435599 0.137931 0.014734
11 0.278017 0.436549 0.008621 0.012833
9 0.414332 0.436549 0.220905 0.014734
2 0.796336 0.438213 0.301724 0.016160
10 0.109375 0.459125 0.132543 0.016160
11 0.278017 0.460551 0.015086 0.012357
11 0.362069 0.460314 0.112069 0.015684
11 0.773168 0.461264 0.261853 0.015684
5 0.148707 0.482890 0.202586 0.016160
11 0.277478 0.485741 0.011853 0.012357
11 0.695582 0.484553 0.080819 0.016635
11 0.077586 0.532557 0.068966 0.013783
11 0.330280 0.535171 0.052802 0.016160
5 0.466056 0.533508 0.108836 0.014734
4 0.608297 0.517823 0.093750 0.016635
4 0.795797 0.518774 0.095905 0.014734
5 0.611530 0.533508 0.108836 0.014734
5 0.781250 0.535171 0.116379 0.014259
4 0.919720 0.535884 0.059267 0.015684
6 0.099138 0.552044 0.107759 0.013783
5 0.174030 0.575808 0.261853 0.017586
6 0.333513 0.552994 0.020474 0.011882
8 0.466595 0.553232 0.086207 0.014259
3 0.610991 0.554420 0.084052 0.013783
8 0.803879 0.554658 0.081897 0.014259
11 0.925647 0.555371 0.043103 0.012833
11 0.163254 0.598859 0.156250 0.018061
6 0.331897 0.597671 0.019397 0.012833
8 0.804418 0.600048 0.100216 0.015684
4 0.399784 0.637357 0.452586 0.019962
11 0.654095 0.639496 0.012931 0.015684
8 0.803341 0.638783 0.095905 0.016160
5 0.556034 0.665399 0.148707 0.016160
11 0.657328 0.667063 0.015086 0.013783
8 0.813578 0.665875 0.081897 0.016160
4 0.544720 0.692015 0.167026 0.016160
11 0.654095 0.694867 0.012931 0.014259
8 0.811961 0.692728 0.070043 0.012833
5 0.550108 0.720532 0.154095 0.019011
11 0.656250 0.721245 0.012931 0.015684
8 0.810345 0.719582 0.068966 0.014259
4 0.364763 0.747386 0.524784 0.021388
11 0.655172 0.749049 0.019397 0.012357
8 0.799030 0.748099 0.093750 0.016160
11 0.570043 0.774477 0.105603 0.015684
11 0.655711 0.775428 0.016164 0.010932
8 0.800647 0.775428 0.096983 0.014734
5 0.555496 0.796340 0.141164 0.019487
11 0.655711 0.797053 0.016164 0.014259
8 0.813578 0.795390 0.075431 0.013783
4 0.243534 0.843869 0.282328 0.016635
4 0.198276 0.868346 0.172414 0.014259
11 0.396013 0.869059 0.033405 0.016635
11 0.587823 0.870485 0.162716 0.015684
4 0.829203 0.870960 0.160560 0.016635
11 0.136853 0.888546 0.053879 0.014734
6 0.393319 0.890922 0.028017 0.013783
8 0.622845 0.891397 0.096983 0.014734
8 0.872845 0.892586 0.073276 0.016160
11 0.375000 0.913260 0.120690 0.016635
8 0.620151 0.914211 0.093750 0.016635
8 0.870151 0.916112 0.080819 0.014734
5 0.485991 0.955086 0.788793 0.016635