0 0.510027 0.142416 0.586898 0.021277
1 0.510695 0.172958 0.195187 0.020590
1 0.508690 0.197323 0.835561 0.018531
1 0.510027 0.224434 0.592246 0.020590
9 0.508690 0.252917 0.338235 0.018531
4 0.510695 0.278998 0.393048 0.018531
4 0.510695 0.307481 0.248663 0.017845
9 0.145722 0.341112 0.171123 0.021963
5 0.108289 0.366163 0.085561 0.018531
10 0.129011 0.388469 0.124332 0.015100
9 0.394385 0.340426 0.216578 0.015100
11 0.334225 0.365134 0.090909 0.016472
11 0.338235 0.388813 0.101604 0.015786
5 0.651738 0.340082 0.100267 0.018531
11 0.645722 0.366163 0.088235 0.018531
11 0.645722 0.388813 0.088235 0.015786
6 0.780749 0.340082 0.045455 0.017159
2 0.850936 0.364791 0.185829 0.018531
11 0.831551 0.389842 0.141711 0.017845
5 0.169786 0.426561 0.205882 0.021277
5 0.171123 0.445436 0.211230 0.016472
11 0.560829 0.427248 0.060160 0.019904
6 0.553476 0.445093 0.021390 0.015786
11 0.671791 0.425189 0.084225 0.018531
11 0.824198 0.425189 0.070856 0.017159
4 0.922460 0.425189 0.064171 0.017159
8 0.685160 0.446122 0.062834 0.015100
8 0.829545 0.446122 0.057487 0.015100
11 0.929144 0.445779 0.042781 0.015786
11 0.361631 0.470487 0.084225 0.018531
6 0.555481 0.469801 0.028075 0.017159
8 0.840241 0.469801 0.068182 0.017159
4 0.483957 0.511668 0.486631 0.021277
5 0.639706 0.538092 0.177807 0.017845
5 0.584893 0.568634 0.284759 0.019904
4 0.627005 0.593686 0.195187 0.017845
5 0.632353 0.623542 0.184492 0.018531
4 0.437166 0.653741 0.521390 0.019904
11 0.637701 0.681194 0.106952 0.015786
5 0.611631 0.706246 0.156417 0.015100
8 0.844251 0.510981 0.068182 0.015786
8 0.842914 0.537406 0.070856 0.016472
8 0.844920 0.567948 0.074866 0.015786
8 0.842246 0.593686 0.072193 0.016472
8 0.842246 0.621826 0.069519 0.016472
3 0.842914 0.652711 0.070856 0.015100
8 0.843583 0.681881 0.074866 0.015786
8 0.843583 0.706589 0.074866 0.015786
4 0.340909 0.763555 0.294118 0.017159
4 0.281417 0.804736 0.167112 0.015786
11 0.281417 0.826012 0.052139 0.017159
11 0.431150 0.805422 0.038770 0.018531
6 0.431818 0.824983 0.029412 0.020590
11 0.395722 0.858957 0.112299 0.018531
11 0.557487 0.805765 0.163102 0.017845
8 0.601604 0.825326 0.074866 0.015786
8 0.601604 0.857241 0.074866 0.016472
4 0.752674 0.805079 0.155080 0.019218
8 0.790107 0.826356 0.069519 0.016472
8 0.792781 0.858957 0.074866 0.015786
4 0.484626 0.890872 0.589572 0.017845
5 0.252674 0.910089 0.122995 0.016472
5 0.510695 0.960192 0.743316 0.016472
11 0.719251 0.512697 0.016043 0.016472