0 0.465330 0.071551 0.295707 0.015678
1 0.466035 0.085590 0.258012 0.012685
5 0.466337 0.096636 0.160250 0.011688
1 0.465834 0.108110 0.195122 0.011830
9 0.466741 0.118586 0.100988 0.010832
4 0.465834 0.130701 0.166499 0.011403
4 0.464422 0.145453 0.127394 0.014111
9 0.382685 0.167047 0.119129 0.011117
2 0.567930 0.164054 0.083652 0.011403
5 0.363132 0.181300 0.077605 0.011403
5 0.520056 0.178378 0.072566 0.012685
5 0.350131 0.194769 0.051602 0.010405
5 0.354062 0.213298 0.058254 0.014111
6 0.450010 0.214367 0.029631 0.016249
11 0.338944 0.237101 0.030034 0.010120
11 0.401935 0.236317 0.022979 0.011117
5 0.447390 0.234892 0.046563 0.011117
11 0.504031 0.233965 0.030437 0.010405
5 0.584761 0.232540 0.054425 0.009550
6 0.337734 0.249857 0.024793 0.010832
5 0.451522 0.247577 0.072566 0.010832
6 0.411913 0.262471 0.008668 0.010690
8 0.462608 0.261189 0.031042 0.010120
8 0.506047 0.259906 0.030841 0.009550
11 0.588893 0.259265 0.046160 0.010832
6 0.338843 0.277936 0.026204 0.009407
5 0.462004 0.275299 0.093126 0.010120
6 0.412618 0.290336 0.006450 0.009407
8 0.459585 0.289196 0.037896 0.009122
8 0.506551 0.287985 0.031042 0.009550
11 0.586475 0.286773 0.055029 0.010832
11 0.344185 0.306086 0.036485 0.010405
5 0.467345 0.302950 0.104213 0.010405
6 0.413929 0.318629 0.008264 0.010120
8 0.459786 0.317560 0.037896 0.009122
8 0.507559 0.316206 0.031042 0.009835
11 0.586071 0.314781 0.053417 0.009550
6 0.339448 0.333737 0.025398 0.010120
5 0.456763 0.330887 0.079823 0.010975
6 0.414231 0.346565 0.009675 0.010405
8 0.464221 0.345781 0.031445 0.009407
8 0.507458 0.344570 0.030841 0.010405
11 0.589297 0.342788 0.048579 0.010832
11 0.368172 0.361103 0.082040 0.010120
6 0.422294 0.360533 0.010079 0.009835
11 0.368877 0.378136 0.070550 0.011403
3 0.593731 0.375855 0.037291 0.010832
5 0.387220 0.392175 0.106027 0.010405
8 0.598468 0.389609 0.031848 0.009835
5 0.360008 0.406998 0.051602 0.009835
8 0.598972 0.403292 0.029631 0.009835
4 0.419573 0.424387 0.176376 0.014111
8 0.590808 0.421964 0.047168 0.011830
11 0.358899 0.448119 0.048579 0.013683
11 0.410603 0.443130 0.035477 0.009122
8 0.591211 0.443629 0.047168 0.012115
5 0.374723 0.473275 0.083048 0.014396
8 0.591615 0.467432 0.047168 0.011830
4 0.382483 0.497292 0.078008 0.011117
8 0.516327 0.495083 0.039710 0.010405
8 0.600484 0.494085 0.032252 0.011830
5 0.406370 0.539481 0.133441 0.011117
2 0.405160 0.580103 0.145938 0.011403