0 0.416228 0.117510 0.273973 0.016721
1 0.407798 0.134696 0.343519 0.013934
1 0.412540 0.152810 0.473130 0.013934
5 0.408851 0.169531 0.223393 0.014863
1 0.406744 0.187181 0.339305 0.014863
4 0.276080 0.204830 0.316122 0.014863
4 0.410432 0.256386 0.167545 0.015792
5 0.178609 0.274268 0.119073 0.015327
11 0.397260 0.273572 0.075869 0.013005
5 0.180717 0.291686 0.129610 0.013934
9 0.424131 0.290757 0.138040 0.013934
5 0.193888 0.308639 0.153846 0.013470
2 0.514752 0.307246 0.312961 0.014399
11 0.150158 0.325824 0.062171 0.014399
5 0.447313 0.325824 0.180190 0.014399
11 0.405690 0.359034 0.094837 0.012076
11 0.157007 0.377845 0.082192 0.014399
11 0.381454 0.375755 0.048472 0.012076
5 0.366702 0.410822 0.495258 0.014399
11 0.670706 0.411287 0.055848 0.014399
9 0.193888 0.428240 0.155954 0.014863
8 0.502107 0.428472 0.135933 0.015327
8 0.662803 0.428007 0.082192 0.014399
8 0.203899 0.446586 0.169652 0.013470
8 0.634352 0.444728 0.077977 0.015327
5 0.365121 0.463075 0.496312 0.014863
9 0.197050 0.479796 0.155954 0.014863
8 0.501581 0.479331 0.136986 0.015792
8 0.663330 0.478634 0.076923 0.015327
8 0.201264 0.497678 0.168599 0.014399
8 0.635406 0.495588 0.077977 0.014863
5 0.209694 0.515327 0.181243 0.013470
11 0.586407 0.513702 0.049526 0.015792
11 0.670706 0.514863 0.062171 0.017185
11 0.157534 0.532745 0.083246 0.014863
8 0.493678 0.531816 0.125395 0.014863
8 0.670179 0.531352 0.061117 0.013005
5 0.199157 0.567116 0.158061 0.013005
6 0.694415 0.565258 0.021075 0.014863
4 0.277134 0.583604 0.309800 0.013470
8 0.654900 0.583372 0.091675 0.014863
5 0.263962 0.601486 0.293994 0.013934
8 0.665437 0.600325 0.074816 0.012541
11 0.269231 0.618904 0.300316 0.013470
3 0.656481 0.617278 0.090622 0.013934
11 0.151212 0.653507 0.060063 0.012076
8 0.657534 0.652578 0.090622 0.014863
5 0.172287 0.671389 0.106428 0.013470
11 0.580084 0.670460 0.243414 0.013470
5 0.188093 0.688110 0.135933 0.013470
9 0.595890 0.686716 0.216017 0.014399
11 0.240253 0.704598 0.240253 0.013934
4 0.201264 0.776591 0.168599 0.013934
5 0.414120 0.774965 0.151739 0.014399
4 0.649631 0.775662 0.106428 0.014863
11 0.171233 0.811194 0.106428 0.012541
8 0.454689 0.810497 0.076923 0.013005
8 0.673867 0.810729 0.064278 0.013470
11 0.171760 0.828611 0.107482 0.013005
8 0.461538 0.829076 0.065332 0.012076
8 0.673340 0.829076 0.063224 0.013005
11 0.299262 0.864840 0.362487 0.013934
8 0.666491 0.863446 0.079031 0.013005
2 0.351423 0.880864 0.468915 0.013470
5 0.427819 0.931491 0.132771 0.013470
5 0.412013 0.947515 0.259220 0.012076
11 0.671233 0.462378 0.061117 0.015327