0 0.419416 0.157551 0.348985 0.019267
9 0.411802 0.180547 0.219543 0.018024
5 0.417513 0.205718 0.535533 0.021131
1 0.425127 0.226227 0.629442 0.019888
1 0.419416 0.249223 0.422589 0.018645
4 0.417513 0.270976 0.461929 0.019888
4 0.400381 0.316035 0.422589 0.021753
9 0.191624 0.361094 0.309645 0.017402
10 0.533629 0.362337 0.308376 0.021131
11 0.076777 0.384089 0.079949 0.019888
2 0.373096 0.385643 0.401015 0.020510
5 0.142132 0.431324 0.213198 0.019888
11 0.350888 0.431013 0.064721 0.021753
5 0.526015 0.431945 0.140863 0.019888
11 0.673223 0.431324 0.095178 0.019888
4 0.770939 0.431324 0.062183 0.019888
11 0.102792 0.475140 0.134518 0.021753
11 0.335025 0.497514 0.058376 0.018024
8 0.517132 0.498446 0.087563 0.022374
8 0.685279 0.498135 0.096447 0.018024
11 0.780457 0.497514 0.048223 0.019267
11 0.113579 0.520510 0.156091 0.021753
11 0.335025 0.543195 0.060914 0.018645
8 0.516497 0.542262 0.081218 0.018024
8 0.685914 0.543195 0.077411 0.017402
11 0.781726 0.543816 0.040609 0.017402
5 0.132614 0.565258 0.196701 0.019267
11 0.333122 0.587943 0.059645 0.019888
8 0.515228 0.588564 0.078680 0.017402
8 0.686548 0.587632 0.076142 0.018024
11 0.779188 0.588254 0.045685 0.015538
5 0.123731 0.610628 0.173858 0.021753
11 0.333756 0.632070 0.060914 0.014916
8 0.512056 0.631759 0.087563 0.020510
8 0.685279 0.632691 0.076142 0.018645
11 0.780457 0.633313 0.040609 0.019888
6 0.151650 0.675264 0.239848 0.019267
4 0.244289 0.698571 0.417513 0.018645
8 0.758883 0.699192 0.076142 0.017402
4 0.198604 0.720634 0.328680 0.021753
8 0.762690 0.721255 0.078680 0.019267
4 0.273477 0.742697 0.473350 0.021131
3 0.763325 0.744251 0.087563 0.016781
11 0.149746 0.765071 0.215736 0.021131
8 0.720178 0.765382 0.153553 0.019267
11 0.093274 0.810131 0.115482 0.020510
8 0.759518 0.810441 0.079949 0.019888
4 0.144036 0.879739 0.209391 0.022996
5 0.512056 0.880671 0.194162 0.023617
4 0.729061 0.880982 0.135787 0.022996
11 0.057741 0.903045 0.039340 0.019888
11 0.286802 0.904288 0.109137 0.022374
8 0.567893 0.903978 0.079949 0.020510
8 0.762056 0.903667 0.079949 0.018645