0 0.462304 0.147836 0.697013 0.019112
0 0.460882 0.170039 0.324324 0.017426
1 0.458748 0.192524 0.573257 0.017426
5 0.460882 0.216133 0.568990 0.019674
1 0.453058 0.238336 0.470839 0.016863
11 0.460171 0.260540 0.246088 0.015177
4 0.460882 0.284429 0.563300 0.017988
4 0.435277 0.327993 0.443812 0.018550
1 0.611664 0.351040 0.219061 0.016301
11 0.174964 0.370995 0.241821 0.015739
2 0.660740 0.372962 0.325747 0.017426
5 0.192745 0.415683 0.277383 0.016301
5 0.570413 0.416807 0.227596 0.017426
11 0.813656 0.417931 0.056899 0.014053
6 0.185633 0.437886 0.263158 0.016863
6 0.470839 0.438168 0.022760 0.015177
8 0.612376 0.438730 0.100996 0.015177
11 0.802987 0.440416 0.120910 0.016301
5 0.264580 0.459809 0.426743 0.016863
6 0.104552 0.481731 0.100996 0.015739
6 0.469417 0.482856 0.017070 0.015739
8 0.622333 0.482293 0.081081 0.015739
11 0.815078 0.483699 0.102418 0.015177
5 0.295164 0.503373 0.490754 0.017426
6 0.187767 0.523890 0.264580 0.015739
6 0.472262 0.526138 0.017070 0.015739
8 0.622333 0.524452 0.081081 0.013491
11 0.815789 0.525295 0.103841 0.015177
5 0.284495 0.545812 0.469417 0.016863
11 0.143670 0.587128 0.179232 0.017426
3 0.817923 0.589657 0.105263 0.013491
4 0.171408 0.609050 0.243243 0.019674
8 0.825036 0.610174 0.079659 0.014053
4 0.215505 0.649241 0.328592 0.017988
11 0.253912 0.670039 0.419630 0.017988
4 0.235420 0.689994 0.374111 0.017426
8 0.748933 0.693086 0.200569 0.016863
5 0.137269 0.731872 0.192034 0.016863
11 0.337127 0.734682 0.122333 0.016863
8 0.805832 0.735245 0.103841 0.016863
5 0.119488 0.754075 0.145092 0.017426
11 0.285917 0.757167 0.022760 0.012366
5 0.345661 0.798482 0.594595 0.016301
5 0.358464 0.820967 0.611664 0.017426
4 0.082504 0.841484 0.062589 0.015739
4 0.470839 0.842327 0.224751 0.016301
4 0.694879 0.842889 0.143670 0.016301
11 0.178521 0.886453 0.246088 0.019112
8 0.529161 0.885048 0.099573 0.015177
8 0.721906 0.886172 0.081081 0.015177