0 0.497480 0.189424 0.268897 0.009692
2 0.497883 0.200399 0.094336 0.008837
1 0.498287 0.212799 0.060875 0.009977
1 0.498387 0.224558 0.229591 0.010405
1 0.497380 0.236246 0.175569 0.009835
4 0.496976 0.247292 0.075993 0.009407
9 0.433280 0.258196 0.165491 0.008979
11 0.362326 0.274515 0.024793 0.009407
11 0.454848 0.275727 0.018343 0.009835
11 0.630720 0.275299 0.027817 0.009835
9 0.445072 0.288769 0.191494 0.010832
8 0.365451 0.301026 0.029833 0.008552
6 0.448196 0.301383 0.006249 0.008124
8 0.628502 0.301454 0.032252 0.009407
9 0.429047 0.319698 0.159444 0.010547
8 0.366055 0.332169 0.032252 0.008979
6 0.448599 0.332383 0.007055 0.008552
8 0.628402 0.332811 0.030437 0.010262
3 0.589901 0.353050 0.105825 0.009407
4 0.597460 0.365379 0.093126 0.010690
3 0.600181 0.376853 0.086878 0.009407
5 0.388329 0.393600 0.079218 0.009835
5 0.621850 0.393814 0.044346 0.008552
11 0.367466 0.405573 0.036283 0.008409
8 0.626991 0.406357 0.031647 0.009407
5 0.371498 0.419113 0.043136 0.010690
8 0.626688 0.418044 0.031042 0.009407
4 0.383290 0.446907 0.067930 0.008979
5 0.523382 0.447477 0.044951 0.008979
4 0.628099 0.447905 0.029833 0.008979
4 0.383592 0.460020 0.069744 0.008979
8 0.537392 0.460020 0.019754 0.008979
8 0.633138 0.460448 0.019754 0.008124
4 0.494154 0.478050 0.141302 0.010262
5 0.493751 0.489453 0.188873 0.009977
4 0.495364 0.501853 0.126386 0.011688
5 0.493852 0.513042 0.139488 0.011260
5 0.493247 0.525014 0.172546 0.009835
5 0.493348 0.537414 0.152187 0.010690