0 0.504854 0.109806 0.899676 0.018639
1 0.506472 0.127634 0.453074 0.018639
1 0.502427 0.147488 0.490291 0.017828
9 0.344660 0.164911 0.304207 0.017018
4 0.506472 0.183955 0.388350 0.017828
4 0.503236 0.224068 0.566343 0.031605
11 0.613269 0.271070 0.433657 0.029984
9 0.112460 0.295381 0.144013 0.021880
2 0.677184 0.298217 0.315534 0.017828
5 0.321197 0.326580 0.564725 0.027553
5 0.275890 0.355754 0.461165 0.017828
5 0.190129 0.373987 0.289644 0.018639
1 0.302589 0.392220 0.524272 0.017828
1 0.241909 0.410454 0.393204 0.018639
2 0.541262 0.428687 0.260518 0.017828
5 0.145631 0.451783 0.216828 0.015397
11 0.318770 0.450972 0.064725 0.017018
11 0.394822 0.451378 0.058252 0.014587
11 0.470874 0.451378 0.064725 0.014587
11 0.546117 0.451783 0.027508 0.013776
11 0.614887 0.451378 0.080906 0.016207
11 0.754854 0.451783 0.137540 0.017018
5 0.135922 0.480956 0.207120 0.017018
8 0.305825 0.481361 0.080906 0.016207
6 0.411812 0.481361 0.024272 0.016207
6 0.490291 0.480956 0.022654 0.015397
6 0.547735 0.480956 0.027508 0.015397
6 0.642395 0.481361 0.025890 0.014587
8 0.783981 0.481767 0.082524 0.015397
5 0.124595 0.500405 0.181230 0.017018
8 0.305825 0.500405 0.084142 0.015397
6 0.413430 0.500405 0.024272 0.017018
6 0.488673 0.500000 0.025890 0.016207
6 0.546926 0.500000 0.025890 0.016207
6 0.639159 0.500000 0.022654 0.016207
8 0.784790 0.500000 0.084142 0.016207
5 0.127023 0.519854 0.179612 0.015397
8 0.305825 0.519449 0.080906 0.016207
6 0.412621 0.519044 0.022654 0.015397
6 0.490291 0.519044 0.022654 0.015397
6 0.546117 0.519044 0.027508 0.013776
6 0.642395 0.519044 0.025890 0.015397
8 0.784790 0.518639 0.080906 0.014587
11 0.483819 0.553890 0.355987 0.033225
8 0.777508 0.551459 0.101942 0.028363
5 0.148058 0.586305 0.218447 0.018639
8 0.309061 0.586710 0.080906 0.017828
6 0.403722 0.586305 0.043689 0.015397
6 0.489482 0.586305 0.024272 0.015397
6 0.546926 0.586305 0.025890 0.015397
6 0.633495 0.586305 0.043689 0.015397
8 0.777508 0.586305 0.098706 0.015397
4 0.364078 0.619935 0.572816 0.034036
8 0.777508 0.617504 0.101942 0.027553
4 0.611650 0.655186 0.077670 0.026742
8 0.783981 0.656402 0.085761 0.027553
4 0.375405 0.698136 0.553398 0.034846
8 0.776699 0.696921 0.100324 0.027553
11 0.481392 0.737034 0.360841 0.034846
8 0.775081 0.734603 0.100324 0.029984
11 0.511327 0.779173 0.278317 0.033225
3 0.775890 0.775527 0.105178 0.027553
11 0.122977 0.821718 0.155340 0.017828
5 0.474110 0.841572 0.857605 0.018639
5 0.423139 0.860616 0.758900 0.017828
5 0.478964 0.879660 0.864078 0.018639
4 0.401294 0.898703 0.708738 0.017828
4 0.423139 0.917342 0.762136 0.017828
5 0.191748 0.936791 0.296117 0.017828
5 0.507282 0.957455 0.383495 0.018639
9 0.665858 0.165721 0.296117 0.017018
11 0.752427 0.428282 0.090615 0.017018