4 0.455317 0.134259 0.750000 0.022727
0 0.459842 0.170034 0.774887 0.019360
9 0.275452 0.186869 0.392534 0.016835
4 0.300905 0.203493 0.443439 0.015572
1 0.348982 0.219487 0.535068 0.017256
5 0.166855 0.235690 0.170814 0.017677
1 0.274321 0.250842 0.388009 0.015993
11 0.455317 0.267256 0.759050 0.016835
11 0.310520 0.284933 0.464932 0.016835
11 0.261878 0.301557 0.365385 0.018939
11 0.124434 0.330808 0.095023 0.017677
2 0.485860 0.362795 0.820136 0.015993
5 0.239253 0.378367 0.326923 0.015993
11 0.695136 0.378998 0.302036 0.016414
10 0.231900 0.394360 0.305430 0.015993
11 0.126697 0.426347 0.095023 0.017677
11 0.518100 0.426557 0.070136 0.016414
11 0.684389 0.425926 0.070136 0.016835
5 0.844457 0.426768 0.145928 0.019360
6 0.209276 0.456439 0.266968 0.018098
5 0.346719 0.474116 0.535068 0.015572
6 0.497172 0.458754 0.023756 0.015993
8 0.656109 0.457071 0.142534 0.016835
8 0.851810 0.458333 0.149321 0.016835
11 0.231900 0.506313 0.305430 0.017677
6 0.622172 0.506944 0.022624 0.017256
11 0.630656 0.553662 0.197964 0.018098
11 0.575226 0.570076 0.093891 0.015572
4 0.567308 0.585648 0.073529 0.014731
5 0.615385 0.601852 0.185520 0.016835
8 0.868778 0.554503 0.131222 0.018098
8 0.890837 0.570076 0.093891 0.015572
8 0.889706 0.586700 0.089367 0.015993
8 0.889706 0.602273 0.089367 0.015993
3 0.811652 0.618897 0.252262 0.015572
8 0.810520 0.633838 0.250000 0.016835
8 0.848982 0.650253 0.173077 0.016835
11 0.239819 0.617003 0.214932 0.016835
11 0.216629 0.632786 0.173077 0.015572
5 0.256787 0.649621 0.257919 0.014731
4 0.516403 0.713173 0.261312 0.018098
11 0.139706 0.744739 0.091629 0.018098
5 0.496606 0.743266 0.124434 0.020202
11 0.675339 0.743056 0.045249 0.021465
4 0.846719 0.744108 0.164027 0.023569
11 0.122172 0.775673 0.049774 0.018519
8 0.495475 0.774411 0.133484 0.016835
6 0.675905 0.776305 0.026018 0.017256
8 0.876697 0.776515 0.088235 0.015993
4 0.601244 0.823864 0.211538 0.017256
8 0.877828 0.824285 0.092760 0.017256
5 0.509050 0.888047 0.638009 0.019360
5 0.505656 0.903199 0.221719 0.016835