0 0.490148 0.149791 0.800493 0.016061
5 0.475985 0.183485 0.378079 0.016411
1 0.490148 0.218750 0.588670 0.017109
5 0.487069 0.236208 0.314039 0.017109
1 0.479680 0.253841 0.424877 0.015363
4 0.488916 0.271823 0.576355 0.015712
2 0.296798 0.324721 0.497537 0.016061
11 0.258005 0.341131 0.429803 0.016760
9 0.338670 0.358764 0.581281 0.015712
5 0.379926 0.393331 0.673645 0.017109
6 0.193350 0.411138 0.298030 0.015712
6 0.451355 0.411662 0.045567 0.013966
8 0.650862 0.412535 0.094828 0.015712
5 0.288177 0.428596 0.497537 0.017109
6 0.191502 0.446404 0.291872 0.017109
6 0.441502 0.446578 0.070197 0.016760
8 0.649631 0.447800 0.089901 0.016411
11 0.861453 0.413582 0.161330 0.017109
11 0.859606 0.448324 0.160099 0.016061
11 0.161946 0.481320 0.230296 0.016411
4 0.322660 0.498603 0.559113 0.017458
11 0.270936 0.517458 0.450739 0.017458
11 0.092365 0.534392 0.098522 0.014316
5 0.117611 0.552200 0.136700 0.016411
6 0.805419 0.483240 0.046798 0.016061
3 0.836823 0.500175 0.116995 0.016411
8 0.838054 0.518855 0.119458 0.016061
8 0.838054 0.535789 0.119458 0.015712
8 0.839901 0.553247 0.120690 0.016411
4 0.172414 0.586592 0.258621 0.016061
4 0.148399 0.603003 0.215517 0.016760
4 0.152094 0.621159 0.210591 0.015363
5 0.517857 0.587291 0.227833 0.017458
8 0.548645 0.603876 0.124384 0.016411
8 0.562192 0.622032 0.089901 0.015712
8 0.551108 0.657123 0.116995 0.016061
4 0.841749 0.587291 0.158867 0.017458
8 0.848522 0.605971 0.091133 0.015712
8 0.850369 0.623254 0.099754 0.015363
8 0.849754 0.658170 0.096059 0.017458
5 0.482759 0.710545 0.746305 0.017458
5 0.487685 0.727304 0.490148 0.017458
5 0.483990 0.762221 0.738916 0.017458
5 0.491379 0.778457 0.270936 0.015712
5 0.479680 0.848289 0.513547 0.016411
11 0.482143 0.865398 0.700739 0.016411
8 0.488916 0.900489 0.320197 0.017458
8 0.649631 0.413059 0.089901 0.014665