0 0.497185 0.140991 0.496622 0.016904
1 0.478041 0.158855 0.334459 0.014983
11 0.477477 0.180177 0.704955 0.017672
5 0.476351 0.198809 0.657658 0.017288
1 0.494369 0.218018 0.655405 0.015751
4 0.479730 0.237418 0.533784 0.016904
5 0.483108 0.257587 0.317568 0.017288
4 0.484797 0.275836 0.287162 0.014599
5 0.314189 0.315021 0.493243 0.013830
11 0.230293 0.333846 0.323198 0.014599
6 0.146959 0.353823 0.158784 0.014599
5 0.271396 0.373415 0.405405 0.014599
11 0.210586 0.392048 0.295045 0.015751
6 0.142455 0.412409 0.172297 0.015751
5 0.226914 0.431041 0.320946 0.014599
11 0.196509 0.451402 0.264640 0.016904
6 0.146396 0.469650 0.155405 0.015751
5 0.380068 0.489627 0.618243 0.015751
11 0.207770 0.509220 0.289414 0.014983
6 0.148649 0.528813 0.157658 0.014214
5 0.452703 0.547637 0.770270 0.014983
11 0.233671 0.566846 0.327703 0.015751
6 0.147523 0.587591 0.168919 0.015751
5 0.241554 0.606224 0.345721 0.015367
11 0.180743 0.625432 0.215090 0.016904
6 0.149212 0.645409 0.156532 0.015367
5 0.190878 0.684787 0.237613 0.016519
11 0.569257 0.353054 0.070946 0.016904
11 0.567568 0.411833 0.069820 0.016135
11 0.565315 0.469458 0.076577 0.014599
11 0.569820 0.528429 0.069820 0.014214
11 0.572635 0.586439 0.068694 0.014214
11 0.571509 0.645025 0.073198 0.014599
11 0.894144 0.314253 0.049550 0.014599
11 0.894707 0.373223 0.050676 0.014983
11 0.894707 0.431041 0.046171 0.014599
11 0.894707 0.489627 0.048423 0.015751
11 0.896959 0.547253 0.046171 0.015751
11 0.895833 0.606032 0.050676 0.014214
11 0.805180 0.684979 0.245495 0.019209
4 0.264077 0.722436 0.390766 0.016519
11 0.119932 0.742221 0.091216 0.014599
5 0.139640 0.760661 0.139640 0.016904
4 0.338964 0.799078 0.542793 0.016904
3 0.833333 0.721475 0.175676 0.019209
8 0.823198 0.740876 0.204955 0.015751
8 0.835023 0.760469 0.176802 0.015751
8 0.783784 0.798310 0.155405 0.019209
2 0.329955 0.837879 0.513514 0.014599
5 0.351351 0.856512 0.556306 0.018056
5 0.490991 0.895313 0.590090 0.015751
9 0.491554 0.915866 0.426802 0.016904
5 0.498311 0.934499 0.514640 0.014983
11 0.412162 0.451210 0.096847 0.015751
8 0.683559 0.353823 0.090090 0.014599
8 0.820383 0.353630 0.118243 0.014214
8 0.683559 0.412025 0.087838 0.014214
8 0.829955 0.412409 0.099099 0.014983
8 0.684122 0.470227 0.091216 0.015367
8 0.822635 0.470419 0.109234 0.015751
8 0.683559 0.527852 0.092342 0.016135
8 0.832770 0.527468 0.093468 0.014599
8 0.684122 0.587399 0.091216 0.015367
8 0.832770 0.585862 0.097973 0.016135
8 0.684685 0.644641 0.087838 0.014599
8 0.833896 0.644449 0.095721 0.014214
9 0.786036 0.837495 0.281532 0.014599