5 0.512339 0.131863 0.614807 0.041404
1 0.508047 0.198695 0.299356 0.020252
0 0.510193 0.222097 0.696352 0.020252
5 0.515021 0.243249 0.916309 0.021152
1 0.514485 0.267102 0.827253 0.019352
5 0.509120 0.289154 0.157725 0.018452
5 0.505365 0.311656 0.182403 0.017552
4 0.509120 0.333933 0.466738 0.015302
11 0.514485 0.358236 0.539700 0.018902
4 0.511803 0.393114 0.251073 0.019352
9 0.160944 0.416517 0.210300 0.016652
11 0.140558 0.439019 0.165236 0.017552
10 0.134120 0.460846 0.158798 0.018902
5 0.177039 0.484023 0.242489 0.018452
1 0.626073 0.415167 0.505365 0.017552
11 0.459227 0.437669 0.171674 0.018452
5 0.484979 0.460171 0.223176 0.017552
2 0.591202 0.482898 0.437768 0.017102
5 0.180794 0.530153 0.250000 0.017102
11 0.450107 0.529928 0.076180 0.019352
5 0.623927 0.528353 0.155579 0.020702
11 0.865880 0.527903 0.206009 0.018902
5 0.214592 0.551530 0.309013 0.019352
5 0.173820 0.574482 0.231760 0.017552
6 0.469421 0.551080 0.018240 0.014851
6 0.472103 0.573807 0.019313 0.015302
8 0.649678 0.550630 0.110515 0.018452
8 0.664163 0.572682 0.090129 0.016652
11 0.878755 0.549730 0.182403 0.016652
11 0.895923 0.572007 0.158798 0.017102
11 0.164163 0.618362 0.212446 0.017102
5 0.193670 0.642889 0.269313 0.021152
4 0.229077 0.665617 0.342275 0.020702
5 0.182403 0.688344 0.248927 0.020252
5 0.199034 0.710621 0.280043 0.018902
3 0.913627 0.618137 0.112661 0.017552
6 0.957082 0.641089 0.023605 0.020252
8 0.913627 0.662241 0.108369 0.017552
8 0.913627 0.685644 0.116953 0.014851
8 0.927039 0.707696 0.090129 0.017552
4 0.173820 0.776328 0.094421 0.017102
11 0.173820 0.799955 0.212446 0.018452
11 0.178112 0.821782 0.066524 0.017102
4 0.533798 0.786454 0.432403 0.020252
11 0.464592 0.819982 0.100858 0.015302
8 0.688305 0.819757 0.121245 0.016652
4 0.874464 0.785779 0.203863 0.018902
8 0.927575 0.818407 0.084764 0.015752
5 0.512876 0.866562 0.626609 0.021152
5 0.512876 0.889064 0.555794 0.018452