0 0.470974 0.212300 0.252167 0.012970
11 0.471377 0.224701 0.071155 0.011545
1 0.470470 0.238455 0.224955 0.012543
5 0.471074 0.252851 0.198347 0.012543
1 0.469563 0.266106 0.197742 0.011688
9 0.405362 0.279647 0.109655 0.010832
9 0.532252 0.280716 0.113082 0.012400
4 0.469361 0.294826 0.148962 0.012115
4 0.467748 0.311431 0.095344 0.011403
5 0.325942 0.326539 0.048780 0.011973
10 0.326043 0.342004 0.050191 0.010120
5 0.338843 0.357041 0.076597 0.012543
9 0.433078 0.327822 0.093328 0.009407
5 0.420681 0.342788 0.068535 0.010547
5 0.420480 0.357469 0.071357 0.009407
2 0.580024 0.329105 0.109857 0.010262
11 0.571357 0.344071 0.096956 0.011403
11 0.542028 0.358538 0.029430 0.010975
11 0.311530 0.385832 0.025197 0.009407
11 0.406571 0.387685 0.021367 0.009407
5 0.455856 0.387400 0.041725 0.009407
4 0.510683 0.377566 0.037291 0.010547
4 0.580024 0.378991 0.032453 0.010547
5 0.510381 0.387543 0.040718 0.008837
5 0.574179 0.388612 0.044547 0.008694
4 0.619835 0.389324 0.021367 0.008694
6 0.340456 0.398375 0.083048 0.009407
5 0.380165 0.412771 0.164483 0.010262
6 0.321105 0.427309 0.045152 0.009692
5 0.336525 0.441847 0.079621 0.009407
11 0.424007 0.442417 0.029631 0.006842
6 0.338944 0.456528 0.082846 0.008837
5 0.406571 0.471066 0.217295 0.010262
6 0.406773 0.399800 0.005241 0.008837
6 0.405362 0.428734 0.005644 0.007412
6 0.404354 0.457953 0.006047 0.008552
8 0.456964 0.399800 0.024189 0.008837
8 0.455956 0.429304 0.022979 0.008552
8 0.454545 0.458238 0.024995 0.007982
8 0.510381 0.400228 0.024995 0.009122
8 0.508164 0.429162 0.023786 0.008837
8 0.507559 0.459236 0.023382 0.007697
8 0.583955 0.400941 0.024592 0.008837
8 0.584156 0.430587 0.022576 0.007697
8 0.582544 0.459521 0.022576 0.007697
11 0.619432 0.401938 0.023786 0.007982
11 0.618625 0.431015 0.022979 0.008552
11 0.617617 0.459949 0.022576 0.008552
11 0.341665 0.485319 0.058456 0.010832
6 0.403548 0.485462 0.009272 0.008267
3 0.579117 0.488027 0.034267 0.009407
4 0.434086 0.510120 0.181213 0.012543
8 0.578109 0.511545 0.033058 0.009692
5 0.490224 0.527366 0.066519 0.010547
8 0.580730 0.528079 0.027817 0.008552
4 0.485890 0.543757 0.073977 0.010832
8 0.580125 0.545040 0.027414 0.008837
5 0.487099 0.562999 0.072364 0.011973
8 0.579520 0.562999 0.027011 0.009692
4 0.418565 0.579105 0.208224 0.012828
8 0.575892 0.580388 0.034267 0.009692
11 0.495263 0.596636 0.054021 0.010832
8 0.574279 0.597777 0.035074 0.008552
5 0.488813 0.610177 0.066116 0.011117
8 0.577605 0.610961 0.026406 0.009550
4 0.366156 0.638683 0.103407 0.009407
4 0.347511 0.654219 0.062084 0.009407
11 0.329974 0.667047 0.026204 0.008837
11 0.421286 0.655217 0.010885 0.009692
6 0.420984 0.667831 0.007458 0.009550
11 0.493449 0.656072 0.060875 0.010262
8 0.506148 0.669327 0.033461 0.009407
4 0.581536 0.657070 0.059262 0.010547
8 0.507055 0.668971 0.031244 0.009550
11 0.413022 0.681870 0.041927 0.009977
8 0.503931 0.683580 0.034267 0.009407
8 0.597057 0.685219 0.025801 0.009550
5 0.453941 0.707597 0.290264 0.011260
5 0.456460 0.724772 0.113082 0.011688