5 0.774399 0.089751 0.275813 0.036137
0 0.463932 0.148104 0.543140 0.021327
5 0.467468 0.170616 0.471004 0.017773
5 0.468175 0.196386 0.299859 0.019550
1 0.468883 0.217121 0.570014 0.019550
11 0.466761 0.240225 0.237624 0.018365
4 0.463225 0.262145 0.445545 0.019550
9 0.464639 0.290581 0.346535 0.015995
9 0.255304 0.317239 0.388967 0.019550
2 0.695898 0.317536 0.364922 0.022512
10 0.201556 0.342713 0.278642 0.019550
11 0.096888 0.365225 0.069307 0.019550
5 0.287129 0.365521 0.231966 0.017773
11 0.625177 0.365521 0.101839 0.016588
11 0.772277 0.364336 0.110325 0.016588
5 0.488685 0.389810 0.850071 0.020142
6 0.105375 0.418839 0.018388 0.017773
6 0.215700 0.419431 0.148515 0.016588
8 0.609618 0.419431 0.141443 0.016588
11 0.818953 0.416469 0.147100 0.017773
6 0.105375 0.476600 0.026874 0.017180
6 0.219236 0.477488 0.147100 0.016588
8 0.608204 0.476600 0.132956 0.017180
11 0.818246 0.473341 0.142857 0.020142
6 0.105375 0.530509 0.021216 0.017180
6 0.219236 0.531398 0.144272 0.017773
8 0.631542 0.530509 0.083451 0.017180
11 0.847949 0.526659 0.106082 0.017773
5 0.484441 0.969491 0.459689 0.021919
5 0.483734 0.945201 0.257426 0.021919
11 0.119519 0.931280 0.108911 0.017773
5 0.436351 0.448756 0.751061 0.019550
5 0.354314 0.505332 0.578501 0.020142
6 0.106082 0.562796 0.028289 0.016588
11 0.229844 0.564277 0.108911 0.018365
6 0.351485 0.563389 0.026874 0.016588
11 0.156294 0.590936 0.182461 0.017180
3 0.814003 0.589159 0.137199 0.017180
5 0.202970 0.615818 0.281471 0.020735
8 0.838048 0.612559 0.089109 0.016588
4 0.364922 0.644550 0.438472 0.021327
8 0.790665 0.642773 0.183876 0.018957
5 0.152758 0.669727 0.186704 0.017180
8 0.812588 0.669135 0.137199 0.017180
4 0.212164 0.710604 0.297030 0.020735
5 0.611033 0.708531 0.155587 0.015403
4 0.855021 0.706161 0.074965 0.016588
11 0.624470 0.731043 0.125884 0.021327
11 0.828854 0.728969 0.124470 0.020735
11 0.094767 0.760367 0.059406 0.017180
11 0.102546 0.825533 0.080622 0.018365
8 0.620226 0.759775 0.137199 0.017180
8 0.842999 0.757998 0.107496 0.017180
8 0.642857 0.824052 0.089109 0.018957
8 0.852900 0.823164 0.087694 0.017180
5 0.241160 0.884182 0.360679 0.017180
5 0.134371 0.912915 0.147100 0.018957