0 0.458537 0.109097 0.773984 0.023454
1 0.450407 0.137882 0.747967 0.017058
1 0.239837 0.153873 0.320325 0.016347
11 0.394309 0.174840 0.622764 0.018479
11 0.255285 0.196873 0.357724 0.014215
4 0.304065 0.215707 0.448780 0.014925
4 0.820325 0.225657 0.297561 0.022033
5 0.147967 0.237385 0.165854 0.017058
9 0.341463 0.254797 0.556098 0.016347
5 0.283740 0.293888 0.424390 0.016347
11 0.203252 0.338308 0.221138 0.014215
11 0.227642 0.360341 0.185366 0.015636
5 0.608943 0.338664 0.320325 0.016347
3 0.823577 0.360341 0.079675 0.014215
11 0.933333 0.361407 0.052033 0.014925
4 0.308130 0.385217 0.515447 0.017058
5 0.473984 0.408671 0.147967 0.018479
11 0.439837 0.436034 0.086179 0.016347
5 0.484553 0.459133 0.178862 0.019900
11 0.483740 0.488273 0.177236 0.017058
11 0.446341 0.529140 0.099187 0.014925
5 0.471545 0.551883 0.146341 0.014925
8 0.825203 0.385572 0.076423 0.016347
8 0.825203 0.409382 0.079675 0.015636
8 0.829268 0.438522 0.078049 0.015636
8 0.828455 0.460199 0.073171 0.013504
8 0.830894 0.491116 0.084553 0.017058
8 0.827642 0.531628 0.078049 0.014215
8 0.828455 0.553660 0.076423 0.012793
4 0.171545 0.583156 0.232520 0.016347
5 0.527642 0.582800 0.213008 0.018479
4 0.856911 0.583866 0.146341 0.017768
11 0.135772 0.604833 0.160976 0.015636
8 0.598374 0.604122 0.071545 0.014215
8 0.889431 0.604833 0.071545 0.014215
9 0.266667 0.659204 0.422764 0.014925
2 0.686992 0.659559 0.320325 0.014215
5 0.528455 0.755864 0.816260 0.016347
5 0.526016 0.789979 0.665041 0.014925
5 0.526829 0.812367 0.400000 0.015636
5 0.526016 0.849680 0.652033 0.016347
9 0.530081 0.885928 0.816260 0.020611
5 0.529268 0.910803 0.873171 0.014925
5 0.528455 0.932480 0.240650 0.015636
5 0.530894 0.963042 0.752846 0.019900