0 0.419528 0.154093 0.362661 0.019262
9 0.406116 0.178705 0.217811 0.020332
5 0.414700 0.201177 0.528970 0.022472
1 0.423283 0.225254 0.634120 0.021402
1 0.417918 0.246121 0.423820 0.018192
4 0.420601 0.269128 0.454936 0.020332
4 0.398605 0.313002 0.425966 0.022472
9 0.191524 0.360621 0.310086 0.022472
10 0.534335 0.361156 0.315451 0.019262
2 0.221030 0.383628 0.364807 0.019262
11 0.496781 0.382022 0.154506 0.018192
5 0.145386 0.426966 0.213519 0.022472
11 0.350322 0.428036 0.065451 0.022472
5 0.524142 0.429106 0.138412 0.019262
11 0.673283 0.429106 0.095494 0.024612
4 0.773069 0.426431 0.059013 0.021402
11 0.109442 0.474050 0.169528 0.021402
11 0.336373 0.497057 0.052575 0.022472
8 0.512876 0.497057 0.083691 0.022472
8 0.686695 0.495452 0.081545 0.019262
11 0.777897 0.495987 0.042918 0.022472
11 0.106760 0.518459 0.136266 0.022472
11 0.335300 0.540931 0.067597 0.024612
8 0.513948 0.542536 0.081545 0.022472
8 0.686695 0.542804 0.085837 0.026217
11 0.775751 0.542536 0.047210 0.022472
11 0.115880 0.566881 0.158798 0.026217
11 0.332082 0.588015 0.065451 0.023542
8 0.512876 0.586945 0.083691 0.017121
8 0.684549 0.588550 0.081545 0.020332
11 0.778970 0.588015 0.049356 0.021402
5 0.125000 0.609952 0.177039 0.024612
11 0.333691 0.632424 0.072961 0.019262
8 0.510730 0.632424 0.083691 0.021402
8 0.686695 0.633494 0.085837 0.023542
11 0.778970 0.632959 0.045064 0.020332
6 0.154506 0.678438 0.236052 0.021402
4 0.251609 0.700642 0.421674 0.027287
8 0.756438 0.699304 0.085837 0.018192
4 0.203326 0.723649 0.327253 0.020867
8 0.758584 0.723917 0.081545 0.021402
4 0.280043 0.746388 0.478541 0.021402
3 0.759657 0.745853 0.083691 0.020332
11 0.147532 0.767790 0.217811 0.023542
8 0.723176 0.768325 0.154506 0.018192
11 0.098176 0.814339 0.110515 0.024612
8 0.762876 0.815944 0.083691 0.022472
4 0.147532 0.881220 0.226395 0.020332
5 0.516631 0.881220 0.189914 0.022472
4 0.737661 0.880685 0.138412 0.021402
11 0.059013 0.903157 0.040773 0.021402
11 0.289163 0.903692 0.106223 0.024612
8 0.570815 0.904227 0.081545 0.021402
8 0.759657 0.905297 0.083691 0.020332