5 0.470304 0.076981 0.399171 0.024415
0 0.472376 0.097658 0.439227 0.013951
0 0.476519 0.112108 0.513812 0.014948
1 0.477210 0.128799 0.669890 0.014449
5 0.477210 0.144993 0.313536 0.014948
1 0.475829 0.161684 0.487569 0.016442
9 0.473066 0.180369 0.512431 0.014948
5 0.464779 0.203787 0.504144 0.016941
4 0.479972 0.223219 0.424033 0.013951
4 0.482735 0.261584 0.263812 0.013951
11 0.085635 0.283508 0.082873 0.011958
10 0.114641 0.305431 0.138122 0.010962
5 0.117403 0.327853 0.143646 0.012955
1 0.257597 0.284255 0.186464 0.012456
11 0.352210 0.307175 0.287293 0.014449
2 0.711326 0.285501 0.372928 0.012955
11 0.072514 0.359741 0.053867 0.013951
5 0.274171 0.360239 0.183702 0.014948
11 0.472376 0.358994 0.080110 0.012456
11 0.632597 0.359243 0.066298 0.012955
11 0.817680 0.359492 0.080110 0.012456
6 0.135359 0.389636 0.024862 0.013951
6 0.122238 0.445192 0.042818 0.011460
6 0.122928 0.517688 0.035912 0.010962
6 0.136050 0.598406 0.020718 0.013951
11 0.221685 0.389387 0.051105 0.011460
5 0.268646 0.404833 0.145028 0.011460
5 0.270718 0.421276 0.149171 0.011460
5 0.254834 0.443448 0.117403 0.012955
5 0.302486 0.459641 0.212707 0.011460
11 0.312155 0.476084 0.234807 0.012456
9 0.267265 0.517190 0.153315 0.012955
5 0.285912 0.532387 0.187845 0.013453
5 0.258978 0.549576 0.131215 0.012955
5 0.255525 0.564275 0.127072 0.012456
9 0.258287 0.598156 0.124309 0.013453
11 0.250000 0.613353 0.107735 0.011958
5 0.280387 0.630045 0.165746 0.012456
6 0.237569 0.646238 0.080110 0.012955
8 0.473757 0.389138 0.096685 0.013951
8 0.470304 0.443697 0.095304 0.012456
8 0.475138 0.515446 0.080110 0.012456
8 0.476519 0.595416 0.080110 0.011958
8 0.627072 0.389387 0.080110 0.012456
8 0.622928 0.443697 0.107735 0.011460
8 0.615331 0.514200 0.092541 0.012955
8 0.620856 0.594669 0.081492 0.011460
11 0.862569 0.389885 0.139503 0.012456
11 0.847376 0.442451 0.161602 0.010962
11 0.850138 0.513951 0.139503 0.013453
11 0.862569 0.591430 0.122928 0.011958
6 0.136740 0.680120 0.049724 0.012955
11 0.270028 0.679123 0.092541 0.014948
6 0.385359 0.677130 0.033149 0.012955
11 0.719613 0.672147 0.085635 0.011958
3 0.891575 0.671400 0.111878 0.013453
5 0.173343 0.715496 0.214088 0.014948
8 0.859116 0.707275 0.080110 0.011460
4 0.228591 0.735426 0.330110 0.015944
11 0.105663 0.762332 0.087017 0.011958
8 0.840470 0.727952 0.114641 0.013951
8 0.841160 0.753363 0.113260 0.012955
4 0.194061 0.796712 0.255525 0.012955
11 0.107044 0.816891 0.081492 0.011460
11 0.087707 0.844295 0.042818 0.011460
11 0.100829 0.864474 0.082873 0.012955
11 0.226519 0.815894 0.041436 0.012456
6 0.216851 0.843298 0.052486 0.011460
5 0.424033 0.814400 0.127072 0.011460
8 0.430939 0.842053 0.113260 0.012955
8 0.432320 0.862481 0.113260 0.011958
4 0.647790 0.811410 0.066298 0.011460
8 0.632597 0.839562 0.088398 0.011958
8 0.631906 0.859990 0.087017 0.012955
11 0.863260 0.808171 0.085635 0.012955
8 0.850138 0.838067 0.111878 0.013951
8 0.848757 0.857499 0.111878 0.012955
5 0.242403 0.897857 0.379834 0.012955
9 0.133287 0.914300 0.161602 0.012955
11 0.150552 0.929497 0.190608 0.012456
5 0.478591 0.954908 0.689227 0.020429
5 0.486878 0.972347 0.860497 0.013453