0 0.475962 0.212112 0.398504 0.022076
0 0.463675 0.238962 0.412393 0.024463
11 0.459936 0.263425 0.723291 0.026850
5 0.459402 0.289678 0.681624 0.023270
1 0.475427 0.315036 0.664530 0.021480
4 0.463675 0.341587 0.547009 0.022076
5 0.463141 0.366647 0.456197 0.024463
4 0.477564 0.390513 0.264957 0.020883
5 0.308761 0.441229 0.549145 0.020883
11 0.893697 0.442124 0.043803 0.019093
11 0.176816 0.466289 0.285256 0.022076
6 0.109509 0.491647 0.150641 0.020286
11 0.553953 0.491945 0.065171 0.020883
3 0.673611 0.492243 0.086538 0.021480
8 0.826923 0.493437 0.085470 0.021480
5 0.473825 0.922136 0.526709 0.023270
5 0.152244 0.543556 0.238248 0.023866
5 0.805556 0.544451 0.217949 0.023270
4 0.233440 0.592780 0.398504 0.023270
8 0.837073 0.592780 0.150641 0.020883
11 0.078526 0.616050 0.088675 0.020883
8 0.838141 0.619033 0.152778 0.019690
5 0.098291 0.642601 0.128205 0.021480
8 0.837607 0.644690 0.151709 0.019690
4 0.155449 0.693914 0.238248 0.023866
11 0.506944 0.694212 0.148504 0.022076
4 0.725427 0.694809 0.151709 0.022076
4 0.120726 0.717482 0.177350 0.022076
8 0.539530 0.718974 0.085470 0.019093
8 0.761752 0.719570 0.089744 0.019093
2 0.298077 0.795048 0.527778 0.023270
9 0.771902 0.795644 0.285256 0.022076
10 0.298077 0.819809 0.529915 0.020286
5 0.463141 0.870823 0.595085 0.023270
9 0.471154 0.895585 0.433761 0.023866