0 0.493550 0.205459 0.113082 0.012115
5 0.489216 0.217432 0.165692 0.011545
1 0.492844 0.230117 0.167305 0.011830
1 0.491131 0.243230 0.080427 0.012115
4 0.494558 0.255986 0.122758 0.011688
4 0.494759 0.268672 0.156219 0.011973
6 0.413223 0.297107 0.050796 0.012115
2 0.494255 0.296251 0.070953 0.011545
11 0.570651 0.295254 0.029430 0.010120
11 0.422697 0.310505 0.071357 0.010975
9 0.437109 0.323261 0.081637 0.010547
6 0.508567 0.322192 0.045152 0.009835
6 0.579319 0.307939 0.043540 0.011545
11 0.494759 0.350200 0.073977 0.011117
8 0.413626 0.379775 0.050796 0.010120
5 0.413525 0.392389 0.049788 0.010547
8 0.414130 0.405217 0.049385 0.011403
5 0.414332 0.417474 0.048579 0.010547
8 0.414735 0.430872 0.049788 0.010832
5 0.413929 0.443843 0.049788 0.011403
8 0.414533 0.456172 0.050191 0.012400
5 0.414332 0.468999 0.048982 0.010120
8 0.414332 0.481827 0.050595 0.010405
5 0.415239 0.495225 0.047974 0.010120
8 0.418262 0.507554 0.055634 0.010547
5 0.415138 0.520667 0.048579 0.011403
11 0.418061 0.533352 0.056037 0.011403
11 0.573070 0.377566 0.056440 0.010832
11 0.573574 0.403079 0.057448 0.010547
11 0.573775 0.428307 0.058254 0.010547
11 0.573372 0.453820 0.058254 0.010832
11 0.573775 0.479903 0.057851 0.011688
11 0.571155 0.505487 0.066317 0.010120
3 0.431869 0.558367 0.079621 0.011545
4 0.433380 0.558723 0.086676 0.010832
11 0.404354 0.572050 0.027817 0.010120
5 0.425620 0.584806 0.070349 0.010832
11 0.535578 0.557155 0.050796 0.010832
11 0.539004 0.570054 0.043136 0.009835
11 0.535779 0.582953 0.051199 0.010832
5 0.419573 0.610462 0.058254 0.010832
11 0.538601 0.609036 0.099174 0.011117