0 0.497868 0.126073 0.808102 0.028970
1 0.494136 0.155848 0.184435 0.024142
5 0.494670 0.178380 0.492537 0.024142
5 0.491471 0.200912 0.189765 0.023069
1 0.486141 0.227736 0.424307 0.026288
9 0.493603 0.252414 0.330490 0.025215
4 0.490938 0.285676 0.410448 0.027361
4 0.492004 0.313036 0.500000 0.024142
11 0.102345 0.351663 0.132196 0.020923
5 0.119403 0.381170 0.155650 0.020923
9 0.407783 0.381170 0.271855 0.020923
2 0.741471 0.382242 0.310235 0.020923
10 0.116738 0.409603 0.146055 0.021996
11 0.345416 0.407457 0.162047 0.020923
11 0.715885 0.407457 0.271855 0.020923
5 0.167377 0.435354 0.257996 0.023069
11 0.643390 0.432672 0.109808 0.027361
11 0.079957 0.478809 0.095949 0.023069
11 0.398188 0.482028 0.075693 0.025215
5 0.557569 0.479882 0.134328 0.023069
5 0.738273 0.481491 0.152452 0.021996
4 0.884328 0.480418 0.079957 0.024142
6 0.092751 0.506974 0.098081 0.019313
6 0.392324 0.505901 0.036247 0.019313
8 0.554371 0.506706 0.104478 0.020923
3 0.754264 0.507779 0.120469 0.023069
11 0.883795 0.506974 0.070362 0.019313
5 0.365672 0.532994 0.648188 0.020923
11 0.222281 0.559549 0.156716 0.020386
6 0.389126 0.558476 0.038380 0.019313
8 0.755864 0.559281 0.123667 0.020923
4 0.382196 0.597639 0.504264 0.028970
8 0.744670 0.596835 0.120469 0.027361
5 0.533049 0.627414 0.189765 0.024142
8 0.767058 0.625536 0.088486 0.016094
4 0.518657 0.653165 0.212154 0.025215
8 0.759062 0.654775 0.098081 0.020923
5 0.526652 0.685891 0.196162 0.026288
8 0.770256 0.685086 0.088486 0.017167
4 0.344883 0.717543 0.566098 0.027361
8 0.753731 0.717811 0.125800 0.019313
11 0.554371 0.747586 0.159915 0.023069
8 0.750000 0.748659 0.118337 0.023069
5 0.538913 0.776556 0.205757 0.024142
8 0.769190 0.774946 0.082090 0.020923
4 0.252132 0.824571 0.308102 0.019313
4 0.197761 0.859174 0.180171 0.020923
11 0.385394 0.859174 0.041578 0.020923
11 0.568763 0.860247 0.173774 0.023069
4 0.797441 0.859442 0.166311 0.019313
11 0.143923 0.881438 0.068230 0.018240
6 0.391258 0.882511 0.038380 0.015021
8 0.589019 0.883315 0.141791 0.021996
8 0.818230 0.883584 0.107676 0.017167
11 0.374200 0.916577 0.123667 0.026288
8 0.590085 0.914968 0.139659 0.023069
8 0.818230 0.916041 0.116205 0.023069
5 0.492537 0.967275 0.788913 0.028970