1 0.710561 0.137465 0.231283 0.021468
0 0.517380 0.164474 0.732620 0.022853
11 0.514706 0.188366 0.438503 0.023546
1 0.515374 0.209488 0.752674 0.020083
9 0.324866 0.231994 0.296791 0.020776
4 0.513369 0.253116 0.491979 0.018698
4 0.488636 0.288781 0.236631 0.022161
9 0.155749 0.324792 0.193850 0.019391
11 0.435829 0.324446 0.270053 0.018698
11 0.106283 0.346953 0.089572 0.018006
2 0.498663 0.347645 0.401070 0.016620
10 0.157754 0.372576 0.192513 0.019391
11 0.358289 0.372922 0.101604 0.022853
5 0.165107 0.395776 0.199198 0.020083
11 0.332219 0.395083 0.070856 0.018698
5 0.169786 0.420360 0.208556 0.019391
2 0.500000 0.422091 0.398396 0.018698
5 0.157086 0.447715 0.183155 0.018698
11 0.360963 0.446676 0.064171 0.024931
5 0.527406 0.445637 0.161765 0.020083
5 0.772727 0.448407 0.133690 0.021468
5 0.391043 0.473684 0.667112 0.018006
6 0.375000 0.501385 0.036096 0.019391
8 0.568182 0.501385 0.080214 0.018006
11 0.822193 0.503809 0.133690 0.024238
5 0.423797 0.530125 0.708556 0.020083
6 0.377005 0.555748 0.029412 0.018698
8 0.558155 0.558518 0.089572 0.017313
11 0.810160 0.556787 0.147059 0.019391
5 0.144385 0.594875 0.179144 0.022161
11 0.487299 0.592798 0.220588 0.018006
8 0.783422 0.591759 0.104278 0.021468
4 0.490642 0.622576 0.208556 0.019391
8 0.792112 0.621537 0.086898 0.018698
11 0.449866 0.660319 0.290107 0.024238
8 0.782086 0.659280 0.098930 0.018006
5 0.471257 0.689751 0.260695 0.023546
8 0.786096 0.690097 0.109626 0.018698
11 0.376337 0.723338 0.439840 0.020083
3 0.784759 0.724723 0.093583 0.015928
11 0.588235 0.749307 0.026738 0.019391
8 0.782086 0.752078 0.096257 0.022161
11 0.109626 0.751731 0.090909 0.017313
5 0.127005 0.786011 0.131016 0.018006
11 0.592246 0.785319 0.016043 0.013850
8 0.794118 0.787050 0.082888 0.021468
4 0.165775 0.843837 0.208556 0.022853
4 0.673797 0.842798 0.478610 0.022161
11 0.133021 0.874307 0.137701 0.018698
6 0.498663 0.873269 0.026738 0.018006
8 0.695187 0.873269 0.080214 0.018006
8 0.881684 0.871191 0.068182 0.018006
9 0.697193 0.230609 0.303476 0.023546
5 0.470588 0.953947 0.524064 0.025623