0 0.486371 0.122827 0.724020 0.015704
5 0.484668 0.137689 0.730835 0.016265
5 0.483816 0.150869 0.565588 0.014582
1 0.487223 0.164049 0.187394 0.012900
5 0.482112 0.177790 0.575809 0.013460
5 0.485520 0.192372 0.466780 0.014582
1 0.482964 0.206394 0.621806 0.015704
9 0.485520 0.219574 0.790460 0.014021
4 0.483816 0.233595 0.439523 0.014021
4 0.486371 0.267246 0.478705 0.025238
11 0.101363 0.316882 0.100511 0.013460
2 0.458262 0.345485 0.817717 0.015704
5 0.258092 0.359787 0.413969 0.014021
11 0.672913 0.359506 0.316865 0.013460
11 0.100511 0.387549 0.098807 0.015704
11 0.471891 0.387269 0.078365 0.012900
11 0.638842 0.388110 0.064736 0.012339
5 0.800681 0.387830 0.136286 0.011778
11 0.626917 0.403533 0.085179 0.014021
11 0.821976 0.402131 0.076661 0.012339
6 0.201022 0.415311 0.286201 0.014021
6 0.448893 0.416433 0.032368 0.011778
8 0.631175 0.416153 0.090290 0.011217
3 0.821976 0.416994 0.093697 0.012900
11 0.895230 0.416994 0.022147 0.011778
5 0.383305 0.429893 0.660988 0.016265
11 0.208688 0.457936 0.298126 0.016265
6 0.598807 0.458777 0.028961 0.012339
4 0.542589 0.498598 0.318569 0.012339
11 0.553663 0.513460 0.098807 0.012900
5 0.592845 0.526360 0.187394 0.016265
11 0.212947 0.539821 0.211244 0.014021
11 0.193356 0.554122 0.178876 0.013460
5 0.237649 0.567863 0.257240 0.014021
8 0.869676 0.498878 0.093697 0.014021
8 0.866269 0.513180 0.100511 0.014582
8 0.870528 0.527201 0.095400 0.014582
8 0.828790 0.540942 0.161840 0.012900
8 0.810903 0.556085 0.211244 0.012900
8 0.808348 0.568985 0.202726 0.014021
4 0.484668 0.598149 0.574106 0.016265
4 0.486371 0.625351 0.240204 0.015704
11 0.114140 0.653113 0.098807 0.012900
5 0.475298 0.653674 0.132879 0.016265
11 0.656729 0.653393 0.039182 0.015704
4 0.829642 0.653393 0.160136 0.015704
11 0.095400 0.680034 0.047700 0.012900
8 0.498296 0.680875 0.090290 0.012339
6 0.655026 0.681155 0.035775 0.014021
8 0.856899 0.680875 0.095400 0.013460
4 0.579216 0.722939 0.218058 0.015704
8 0.857751 0.722939 0.107325 0.015704
5 0.482964 0.781548 0.638842 0.014021
5 0.482964 0.795569 0.553663 0.014021
5 0.482964 0.808749 0.761499 0.013460
5 0.484668 0.821368 0.850085 0.014021
1 0.486371 0.834549 0.798978 0.015704
5 0.489779 0.848570 0.465077 0.013460