0 0.469032 0.207333 0.473548 0.021333
0 0.469677 0.230000 0.381935 0.022667
11 0.457419 0.253333 0.703226 0.022667
5 0.454839 0.275000 0.659355 0.022000
1 0.470323 0.297667 0.646452 0.022000
4 0.458710 0.320000 0.527742 0.022667
5 0.459355 0.343000 0.270968 0.022000
4 0.460645 0.365000 0.281290 0.019333
5 0.372258 0.409000 0.667097 0.022000
11 0.877419 0.409333 0.043871 0.021333
11 0.190968 0.432333 0.304516 0.020667
6 0.117419 0.454000 0.154839 0.018667
6 0.523226 0.453667 0.016774 0.018000
11 0.567097 0.454000 0.027097 0.020000
8 0.663226 0.454333 0.087742 0.019333
8 0.813548 0.454000 0.086452 0.018667
5 0.415484 0.477000 0.750968 0.020667
11 0.876774 0.475333 0.042581 0.020000
11 0.137419 0.498000 0.197419 0.021333
6 0.181290 0.520667 0.280000 0.020000
6 0.524516 0.520667 0.019355 0.018667
11 0.567097 0.521333 0.024516 0.020000
8 0.661935 0.520667 0.085161 0.018667
8 0.802581 0.520667 0.108387 0.020000
5 0.171613 0.543333 0.260645 0.020000
11 0.878065 0.542667 0.042581 0.021333
6 0.095484 0.565333 0.108387 0.018667
6 0.523226 0.565667 0.019355 0.016667
11 0.565806 0.565000 0.019355 0.018000
8 0.661290 0.566000 0.083871 0.020000
8 0.810968 0.565333 0.086452 0.018667
5 0.160000 0.609667 0.237419 0.022000
5 0.789677 0.609667 0.214194 0.020667
4 0.234839 0.653667 0.387097 0.022000
3 0.812258 0.654000 0.171613 0.018667
11 0.085806 0.676333 0.089032 0.018000
8 0.803226 0.676000 0.194839 0.021333
5 0.105806 0.699333 0.129032 0.021333
8 0.810968 0.699000 0.174194 0.020667
4 0.307742 0.742667 0.535484 0.022667
8 0.757419 0.743000 0.154839 0.022000
2 0.127742 0.787667 0.175484 0.020667
11 0.291613 0.788333 0.103226 0.019333
11 0.405806 0.788667 0.086452 0.020000
11 0.513548 0.788000 0.087742 0.020000
11 0.642581 0.788333 0.046452 0.022000
9 0.791613 0.788000 0.218065 0.020000
10 0.298065 0.810667 0.518710 0.021333
5 0.460645 0.855333 0.580645 0.018667
9 0.458065 0.878667 0.405161 0.021333
5 0.466452 0.900333 0.514839 0.020667