0 0.505668 0.147710 0.678841 0.033973
5 0.501259 0.190916 0.617128 0.022895
5 0.499370 0.214549 0.439547 0.018464
1 0.502519 0.234860 0.418136 0.022157
4 0.503149 0.258124 0.366499 0.021418
4 0.500000 0.283604 0.254408 0.023634
9 0.127204 0.340842 0.138539 0.019941
9 0.369018 0.340473 0.186398 0.020679
11 0.626574 0.339734 0.076826 0.019202
2 0.830605 0.339734 0.157431 0.017725
11 0.102645 0.371861 0.076826 0.016987
11 0.284635 0.372230 0.120907 0.016248
4 0.713476 0.411743 0.094458 0.021418
4 0.894836 0.410635 0.094458 0.019202
11 0.092569 0.431315 0.069270 0.017725
11 0.574937 0.434269 0.056675 0.019202
11 0.721033 0.430945 0.084383 0.018464
5 0.872796 0.431315 0.141058 0.019202
5 0.248741 0.456425 0.379093 0.020679
6 0.590050 0.456425 0.013854 0.017725
8 0.728589 0.456056 0.069270 0.016987
8 0.915617 0.457164 0.065491 0.019202
5 0.195844 0.482275 0.275819 0.020679
6 0.591310 0.483383 0.013854 0.015510
8 0.727960 0.482275 0.062972 0.016248
8 0.914987 0.483013 0.069270 0.020679
5 0.229849 0.508863 0.343829 0.020679
6 0.593199 0.509232 0.020151 0.016987
8 0.729219 0.508863 0.065491 0.014771
8 0.911839 0.509232 0.065491 0.015510
5 0.255668 0.535451 0.400504 0.020679
6 0.591940 0.535451 0.015113 0.016248
8 0.731108 0.535820 0.066751 0.018464
8 0.918136 0.536189 0.068010 0.017725
11 0.423804 0.563146 0.104534 0.019941
6 0.593199 0.561669 0.030227 0.016987
3 0.911839 0.563146 0.088161 0.016987
4 0.466625 0.604136 0.416877 0.020679
8 0.911839 0.605982 0.088161 0.019941
4 0.588791 0.630355 0.162469 0.021418
8 0.920025 0.630355 0.084383 0.019941
11 0.595088 0.662851 0.152393 0.025849
8 0.898615 0.665066 0.112091 0.024372
4 0.244332 0.734860 0.365239 0.031019
4 0.177582 0.785081 0.178841 0.020679
11 0.349496 0.788774 0.044081 0.025111
5 0.593199 0.788035 0.151134 0.023634
4 0.906171 0.786558 0.094458 0.025111
11 0.174433 0.817947 0.076826 0.025849
6 0.347607 0.817208 0.040302 0.021418
8 0.606423 0.817208 0.114610 0.021418
8 0.903652 0.817208 0.107053 0.025849
11 0.311083 0.858198 0.138539 0.026588
8 0.612720 0.858567 0.119647 0.024372
8 0.901763 0.859675 0.103275 0.025111
5 0.501889 0.915436 0.678841 0.022895
5 0.501259 0.952733 0.214106 0.020679