0 0.476517 0.172178 0.241080 0.012543
0 0.476517 0.186930 0.193913 0.010405
9 0.476920 0.204889 0.080226 0.012115
5 0.476618 0.217075 0.124370 0.009977
1 0.474803 0.231043 0.263858 0.013113
5 0.476819 0.247363 0.222737 0.010405
4 0.477021 0.261046 0.152590 0.010405
4 0.475307 0.280288 0.097158 0.009550
9 0.352751 0.313997 0.085467 0.015393
6 0.459182 0.312571 0.034267 0.013398
11 0.549688 0.314424 0.053618 0.015393
6 0.611167 0.312500 0.014110 0.014966
9 0.338541 0.339866 0.063092 0.011260
11 0.434287 0.339011 0.084862 0.009550
5 0.325942 0.353335 0.033058 0.009122
5 0.431566 0.352409 0.081435 0.010405
11 0.527212 0.352195 0.033663 0.009977
2 0.604616 0.351126 0.069542 0.008694
10 0.333501 0.365450 0.051804 0.009122
5 0.421488 0.363954 0.060069 0.008694
11 0.526910 0.364096 0.034267 0.010405
11 0.597259 0.363669 0.053618 0.009550
5 0.348015 0.383409 0.078412 0.009977
11 0.495465 0.382554 0.022979 0.009977
11 0.536384 0.381271 0.034267 0.009122
11 0.593731 0.380844 0.030034 0.009122
4 0.629107 0.380844 0.025398 0.009977
5 0.384902 0.393814 0.150978 0.009122
11 0.321205 0.403150 0.026003 0.009550
6 0.492441 0.393458 0.006450 0.007554
8 0.542330 0.393244 0.023584 0.007982
8 0.596553 0.392816 0.023584 0.007127
11 0.632332 0.392603 0.016529 0.007554
11 0.420480 0.415693 0.035880 0.008694
6 0.492743 0.415906 0.007055 0.008267
4 0.465632 0.437144 0.183834 0.011688
8 0.600887 0.436288 0.026608 0.009977
5 0.524289 0.450328 0.068938 0.010405
8 0.600081 0.450114 0.029430 0.010832
5 0.502721 0.465935 0.106027 0.009977
8 0.600484 0.465080 0.029430 0.009122
4 0.519855 0.480473 0.079016 0.010832
8 0.601391 0.479618 0.030034 0.009122
5 0.520964 0.494726 0.070752 0.010832
8 0.600181 0.493657 0.028825 0.010405
4 0.446785 0.510761 0.196936 0.011260
3 0.599577 0.509692 0.027615 0.009122
11 0.522475 0.525086 0.040718 0.009977
8 0.597259 0.524444 0.035880 0.010405
5 0.513707 0.538697 0.061883 0.011260
8 0.599577 0.538270 0.027615 0.010405
4 0.411409 0.569056 0.112074 0.009550
4 0.389034 0.589438 0.062487 0.008694
11 0.445475 0.589438 0.012901 0.008694
11 0.492239 0.589225 0.062487 0.009977
4 0.565209 0.588797 0.058859 0.009122
11 0.388934 0.600698 0.019956 0.008694
6 0.445777 0.600698 0.012296 0.009550
8 0.510381 0.600057 0.029430 0.008267
8 0.580528 0.600057 0.028220 0.009122
11 0.431465 0.617588 0.042532 0.010832
8 0.509474 0.617375 0.028825 0.010405
8 0.580226 0.617375 0.028825 0.010405
4 0.465733 0.634265 0.221125 0.007982
5 0.377948 0.644741 0.046765 0.008979
5 0.475005 0.669897 0.293288 0.010262