0 0.418162 0.253349 0.273130 0.013826
2 0.419069 0.263683 0.098367 0.008837
1 0.418766 0.276226 0.062286 0.010832
1 0.419976 0.288198 0.232413 0.012543
1 0.419069 0.301097 0.174965 0.011545
4 0.419371 0.311146 0.075186 0.009407
9 0.356481 0.323332 0.168313 0.011260
11 0.286535 0.341933 0.023987 0.008837
11 0.378653 0.340650 0.019553 0.009977
11 0.554525 0.335590 0.027817 0.007269
9 0.371095 0.353692 0.189478 0.010975
11 0.296513 0.368372 0.041121 0.008409
9 0.355775 0.384193 0.161661 0.010690
11 0.298025 0.399658 0.043338 0.009122
6 0.372808 0.366876 0.005442 0.009122
6 0.373009 0.397164 0.007458 0.007839
11 0.548176 0.362814 0.041725 0.008409
11 0.549486 0.392959 0.041927 0.007697
11 0.511086 0.414909 0.117920 0.009407
4 0.520359 0.426169 0.106229 0.009407
5 0.521669 0.439282 0.102802 0.009977
3 0.522274 0.449900 0.098367 0.009550
5 0.319089 0.472206 0.080226 0.009977
5 0.551804 0.465935 0.042532 0.008837
11 0.297319 0.484820 0.035880 0.008409
5 0.301451 0.497577 0.042129 0.009977
11 0.551300 0.479689 0.042733 0.008694
11 0.551804 0.491377 0.043338 0.008409
4 0.314856 0.525299 0.068131 0.008409
5 0.450917 0.522306 0.054828 0.008694
4 0.554928 0.520311 0.040718 0.007839
4 0.316569 0.538982 0.069946 0.007839
8 0.469361 0.534493 0.018343 0.007127
8 0.565209 0.532853 0.018948 0.006699
4 0.428240 0.553806 0.140093 0.010975
5 0.428139 0.564353 0.188672 0.011545
5 0.428543 0.577466 0.139891 0.010690
5 0.428643 0.588726 0.173554 0.010690
5 0.429853 0.600912 0.155815 0.010262