5 0.468286 0.083670 0.564103 0.027698
0 0.491903 0.122043 0.703104 0.030583
0 0.468961 0.151183 0.417004 0.015003
4 0.469636 0.173399 0.604588 0.015580
1 0.466937 0.195903 0.807018 0.014426
1 0.468961 0.218407 0.662618 0.015580
1 0.458165 0.240912 0.354926 0.015580
11 0.481107 0.287363 0.543860 0.015003
2 0.139001 0.333526 0.183536 0.015003
11 0.317139 0.333526 0.116059 0.013849
9 0.687584 0.332372 0.473684 0.015003
11 0.112686 0.355741 0.133603 0.015580
1 0.663293 0.355164 0.282051 0.015580
5 0.174089 0.401616 0.256410 0.015003
5 0.782726 0.400173 0.137652 0.014426
11 0.234818 0.445470 0.375169 0.016157
6 0.248988 0.468552 0.265857 0.016157
11 0.843455 0.467398 0.164642 0.015003
5 0.270580 0.491633 0.403509 0.015003
8 0.823212 0.489613 0.113360 0.016734
4 0.296896 0.536065 0.499325 0.015003
8 0.819838 0.534334 0.114710 0.016157
5 0.186235 0.559146 0.280702 0.016157
8 0.835358 0.557703 0.091768 0.015580
11 0.142375 0.582516 0.190283 0.014426
3 0.821862 0.581362 0.113360 0.015580
11 0.095816 0.605020 0.089069 0.015580
8 0.811066 0.603578 0.134953 0.016157
5 0.118084 0.627236 0.139001 0.017311
8 0.820513 0.626082 0.116059 0.015003
5 0.167341 0.672245 0.226721 0.015003
4 0.176788 0.695038 0.256410 0.016734
5 0.485830 0.694172 0.256410 0.015003
6 0.867746 0.670802 0.024291 0.016734
11 0.119433 0.716676 0.139001 0.015003
8 0.562753 0.716099 0.110661 0.013849
8 0.836032 0.716099 0.087719 0.013849
11 0.201754 0.762839 0.306343 0.015003
8 0.823887 0.760819 0.112011 0.017888
5 0.479082 0.807559 0.572200 0.015580
5 0.490553 0.830641 0.643725 0.016734
5 0.483806 0.851414 0.681511 0.016734
5 0.476383 0.876226 0.426451 0.012118
5 0.476383 0.896422 0.566802 0.014426
5 0.481107 0.920369 0.568151 0.015003
4 0.785425 0.693883 0.186235 0.016734