0 0.522819 0.091051 0.370183 0.014850
11 0.522312 0.116647 0.277890 0.015240
5 0.527383 0.141071 0.322515 0.014850
5 0.519270 0.166081 0.393509 0.014850
5 0.525862 0.190895 0.319473 0.014459
1 0.516734 0.214732 0.276876 0.013677
0 0.524341 0.239742 0.320487 0.014459
4 0.523327 0.262993 0.352941 0.012505
9 0.522819 0.286635 0.264706 0.012114
11 0.256592 0.334506 0.062880 0.013286
9 0.470081 0.335287 0.280933 0.011723
5 0.271298 0.357757 0.090264 0.012114
5 0.434584 0.359125 0.203854 0.013286
5 0.606491 0.359515 0.087221 0.012505
6 0.738337 0.360297 0.141988 0.010942
11 0.261156 0.381594 0.074037 0.011333
2 0.431542 0.383157 0.203854 0.012114
5 0.305274 0.431028 0.164300 0.012505
5 0.688134 0.432786 0.147059 0.013677
5 0.279412 0.478116 0.112576 0.011333
6 0.455882 0.478703 0.114604 0.010942
5 0.322515 0.501758 0.204868 0.010942
11 0.482759 0.502540 0.056795 0.010160
6 0.374746 0.526377 0.218053 0.011723
11 0.721095 0.527550 0.164300 0.012505
5 0.284483 0.549433 0.128803 0.010942
6 0.451826 0.550020 0.118661 0.011333
5 0.363590 0.573466 0.289047 0.012114
6 0.370183 0.597108 0.221095 0.012505
11 0.718560 0.599258 0.161258 0.012114
5 0.280933 0.620750 0.127789 0.012114
6 0.448276 0.620946 0.115619 0.010942
5 0.361562 0.644783 0.291075 0.012505
6 0.369168 0.668425 0.219067 0.012896
11 0.716024 0.670770 0.164300 0.011333
11 0.273327 0.715514 0.120690 0.012505
5 0.283469 0.740133 0.145030 0.013286
5 0.256592 0.762798 0.089249 0.013286
3 0.691684 0.718640 0.117647 0.012505
8 0.684584 0.742478 0.133874 0.012505
8 0.720588 0.767097 0.059838 0.012505
4 0.282454 0.810082 0.061866 0.011723
11 0.417850 0.812427 0.105477 0.013286
4 0.579108 0.813404 0.105477 0.013677
11 0.722110 0.815358 0.131846 0.014459
11 0.226166 0.831966 0.038540 0.009379
6 0.303245 0.834115 0.020284 0.012114
8 0.410751 0.834896 0.117647 0.013677
8 0.582657 0.837436 0.090264 0.012505
8 0.728195 0.839000 0.119675 0.012505
5 0.487830 0.884721 0.507099 0.017976
5 0.494929 0.908558 0.464503 0.016413
9 0.490872 0.932786 0.464503 0.017194