0 0.495070 0.195727 0.511268 0.023432
0 0.495070 0.218470 0.409859 0.024810
11 0.481690 0.242247 0.763380 0.026878
5 0.480282 0.265679 0.715493 0.026878
1 0.492254 0.288422 0.697183 0.024121
4 0.480986 0.311854 0.578873 0.025500
5 0.480986 0.334597 0.294366 0.022743
4 0.480282 0.357684 0.298592 0.020675
1 0.266197 0.402136 0.487324 0.021365
11 0.933099 0.405582 0.046479 0.019986
11 0.152817 0.425913 0.254930 0.023432
6 0.103521 0.447967 0.161972 0.020675
8 0.642254 0.451413 0.202817 0.020675
8 0.852113 0.451757 0.109859 0.018608
5 0.242958 0.471744 0.440845 0.021365
11 0.932394 0.476223 0.045070 0.019297
11 0.197183 0.495520 0.352113 0.022054
6 0.101408 0.517229 0.160563 0.021365
8 0.640141 0.520331 0.204225 0.019297
8 0.860563 0.521365 0.092958 0.018608
5 0.335211 0.541351 0.630986 0.024121
11 0.931690 0.545830 0.049296 0.019297
11 0.185211 0.565127 0.325352 0.022054
6 0.101408 0.586837 0.163380 0.018608
8 0.640845 0.589593 0.205634 0.019986
8 0.861268 0.590972 0.091549 0.018608
5 0.147183 0.634045 0.254930 0.022054
5 0.836620 0.637491 0.233803 0.022054
4 0.226761 0.680221 0.419718 0.022054
3 0.857042 0.683666 0.187324 0.020675
11 0.064085 0.702274 0.094366 0.020675
8 0.855634 0.707443 0.184507 0.019986
5 0.086620 0.726051 0.139437 0.019986
8 0.857042 0.730186 0.184507 0.019986
4 0.304225 0.773604 0.577465 0.022743
8 0.797183 0.777050 0.160563 0.019986
2 0.295070 0.820124 0.559155 0.022054
9 0.797887 0.822881 0.302817 0.020675
10 0.294366 0.843556 0.560563 0.022054
5 0.470423 0.891454 0.628169 0.024121
9 0.466901 0.915231 0.435211 0.022054
5 0.478169 0.937285 0.556338 0.022054