0 0.493038 0.212362 0.765823 0.019584
9 0.483544 0.235312 0.205063 0.022644
1 0.496203 0.258568 0.767089 0.020196
1 0.492405 0.281518 0.455696 0.019584
4 0.493671 0.303856 0.531646 0.022644
4 0.472152 0.326805 0.417722 0.019584
5 0.263924 0.351591 0.307595 0.020196
1 0.312025 0.375153 0.327848 0.018360
1 0.701899 0.376071 0.267089 0.021420
11 0.150000 0.397491 0.084810 0.018972
2 0.448734 0.399021 0.396203 0.018360
10 0.303165 0.421359 0.383544 0.018972
11 0.727848 0.423195 0.134177 0.021420
6 0.862025 0.423195 0.025316 0.018972
11 0.142405 0.469400 0.062025 0.022032
5 0.330380 0.468788 0.215190 0.020808
4 0.790506 0.470012 0.173418 0.019584
6 0.179747 0.514994 0.015190 0.016524
11 0.617722 0.514994 0.022785 0.018972
11 0.744304 0.515606 0.151899 0.021420
5 0.417089 0.539168 0.616456 0.023256
6 0.178481 0.560588 0.017722 0.017136
11 0.617089 0.562118 0.021519 0.018972
11 0.749367 0.562729 0.134177 0.017748
5 0.187975 0.585679 0.158228 0.022032
6 0.181646 0.607711 0.018987 0.019584
11 0.615823 0.607405 0.024051 0.017748
11 0.739873 0.608017 0.155696 0.020196
5 0.283544 0.630355 0.344304 0.024480
4 0.320253 0.677173 0.415190 0.020196
3 0.825949 0.678397 0.100000 0.020196
4 0.351266 0.700122 0.479747 0.019584
8 0.825316 0.701040 0.101266 0.020196
11 0.221519 0.723072 0.217722 0.021420
8 0.777215 0.722460 0.189873 0.018972
5 0.198101 0.768054 0.173418 0.018360
2 0.571519 0.768666 0.191139 0.020808
11 0.797468 0.768666 0.159494 0.018360
10 0.295570 0.791310 0.365823 0.019584
11 0.169620 0.812424 0.113924 0.020196
8 0.825949 0.813953 0.097468 0.018360
4 0.215190 0.858629 0.210127 0.020808
11 0.135443 0.881273 0.040506 0.017136
11 0.360127 0.882191 0.110127 0.020196
5 0.588608 0.859853 0.192405 0.019584
8 0.636709 0.881273 0.101266 0.019584
4 0.804430 0.858629 0.135443 0.019584
8 0.833544 0.881579 0.077215 0.018972
5 0.485443 0.949816 0.368354 0.020808
5 0.501899 0.972766 0.327848 0.022644