0 0.488122 0.157082 0.600679 0.018536
5 0.251131 0.182272 0.298643 0.020437
4 0.486991 0.206274 0.430995 0.017110
5 0.477941 0.230038 0.458145 0.019011
5 0.489253 0.256179 0.435520 0.020913
1 0.487557 0.279468 0.513575 0.021863
1 0.486425 0.302519 0.778281 0.022338
9 0.285633 0.325095 0.329186 0.020913
9 0.687217 0.325808 0.329186 0.020437
5 0.284502 0.373099 0.455882 0.019011
6 0.197964 0.398051 0.287330 0.018536
11 0.475113 0.398289 0.151584 0.017110
11 0.839932 0.398289 0.154977 0.018061
4 0.390271 0.447243 0.490950 0.021863
8 0.856900 0.445342 0.111991 0.018061
5 0.549774 0.471483 0.176471 0.021863
8 0.856900 0.471008 0.107466 0.017110
11 0.582579 0.523289 0.110860 0.032319
3 0.855769 0.523764 0.111991 0.032319
11 0.594457 0.558935 0.089367 0.018061
8 0.858032 0.558935 0.111991 0.017110
5 0.571833 0.582462 0.130090 0.016635
8 0.862557 0.583413 0.107466 0.018536
4 0.163462 0.630703 0.220588 0.018061
8 0.635747 0.631416 0.092760 0.020437
8 0.867647 0.631179 0.092760 0.019011
4 0.153281 0.655418 0.200226 0.019011
8 0.628394 0.655894 0.114253 0.020913
8 0.871606 0.655418 0.084842 0.019962
5 0.145362 0.702471 0.173077 0.018061
10 0.604072 0.701759 0.622172 0.018536
1 0.253959 0.725523 0.383484 0.018536
1 0.774887 0.726236 0.278281 0.019962
11 0.113122 0.750000 0.110860 0.018061
11 0.272059 0.749287 0.134615 0.018536
2 0.644231 0.749287 0.532805 0.016635
6 0.085407 0.773764 0.053167 0.019011
5 0.475113 0.797766 0.622172 0.018536
5 0.475679 0.822719 0.666290 0.021863
5 0.482466 0.845770 0.759050 0.020437
9 0.488122 0.871911 0.559955 0.020437
5 0.486991 0.894962 0.385747 0.022814
1 0.478507 0.918013 0.531674 0.022338
5 0.488122 0.940589 0.347285 0.019011