0 0.458266 0.101588 0.756019 0.027134
1 0.449438 0.132363 0.738363 0.015884
1 0.239968 0.147584 0.319422 0.014560
11 0.390851 0.165453 0.627608 0.017207
11 0.256822 0.184315 0.353130 0.017869
4 0.302568 0.201191 0.447833 0.013236
4 0.815409 0.212442 0.295345 0.018531
5 0.147673 0.219722 0.173355 0.017207
9 0.339486 0.237591 0.544141 0.015884
5 0.281701 0.273329 0.422151 0.017207
11 0.202247 0.315023 0.227929 0.013236
5 0.704655 0.316678 0.520064 0.015222
11 0.503210 0.334547 0.117175 0.013898
11 0.226324 0.354070 0.189406 0.014560
3 0.816212 0.355725 0.075441 0.013898
11 0.921348 0.355725 0.051364 0.015222
4 0.305778 0.378226 0.505618 0.015222
8 0.815409 0.379550 0.077047 0.013898
5 0.466292 0.398081 0.142857 0.015222
8 0.814607 0.399073 0.072231 0.013236
11 0.437400 0.424884 0.085072 0.015884
8 0.818620 0.427531 0.073836 0.013236
5 0.478331 0.446724 0.166934 0.017207
8 0.816212 0.447386 0.081862 0.013236
11 0.479936 0.472866 0.170144 0.015222
8 0.817817 0.474851 0.075441 0.012574
11 0.443018 0.511582 0.096308 0.015884
8 0.812199 0.514229 0.093098 0.013236
5 0.463884 0.532098 0.144462 0.015884
8 0.821830 0.534414 0.073836 0.012574
4 0.170947 0.560887 0.229535 0.015222
5 0.524077 0.561549 0.210273 0.017869
4 0.847512 0.563534 0.144462 0.017869
11 0.133226 0.580741 0.163724 0.017869
8 0.587480 0.581403 0.070626 0.015222
8 0.882022 0.583058 0.078652 0.014560
5 0.122793 0.633024 0.136437 0.015222
11 0.106742 0.652548 0.104334 0.014560
2 0.377207 0.650893 0.192616 0.015222
11 0.135634 0.672733 0.165329 0.016545
6 0.295345 0.673064 0.041734 0.014560
5 0.151685 0.699868 0.194222 0.016545
5 0.520867 0.753805 0.810594 0.017207
5 0.516854 0.787558 0.658106 0.015884
5 0.520064 0.806420 0.394864 0.016545
5 0.517657 0.842158 0.650080 0.016545
9 0.520064 0.875579 0.802568 0.015884
5 0.517657 0.897088 0.858748 0.015222
5 0.521669 0.918266 0.237560 0.015222
5 0.521669 0.954997 0.738363 0.019854
9 0.345907 0.633024 0.258427 0.015222
11 0.613965 0.701522 0.669342 0.017207