0 0.504225 0.158940 0.661972 0.023179
5 0.502817 0.196606 0.256338 0.025662
9 0.507746 0.230960 0.232394 0.018212
11 0.504930 0.264487 0.392958 0.027318
1 0.503521 0.294288 0.643662 0.027318
1 0.504225 0.324917 0.574648 0.025662
11 0.502817 0.353891 0.338028 0.022351
4 0.505634 0.384520 0.278873 0.022351
4 0.502817 0.416391 0.532394 0.026490
9 0.152817 0.458195 0.178873 0.019040
1 0.410563 0.459023 0.266197 0.020695
11 0.105634 0.488825 0.084507 0.022351
2 0.525352 0.490066 0.495775 0.024834
5 0.219718 0.552566 0.205634 0.028974
11 0.518310 0.553808 0.064789 0.029801
11 0.665493 0.551325 0.091549 0.023179
5 0.826056 0.551738 0.147887 0.020695
5 0.215493 0.579884 0.276056 0.022351
6 0.536620 0.581126 0.025352 0.021523
8 0.669014 0.582368 0.087324 0.022351
3 0.900000 0.582781 0.174648 0.023179
5 0.248592 0.609685 0.280282 0.020695
11 0.169014 0.638245 0.121127 0.021523
11 0.507042 0.683361 0.188732 0.022351
8 0.854225 0.684603 0.083099 0.021523
5 0.494366 0.713576 0.216901 0.023179
8 0.854930 0.714404 0.084507 0.021523
11 0.426761 0.750000 0.343662 0.029801
8 0.855634 0.751656 0.128169 0.028146
5 0.427465 0.790149 0.291549 0.024007
8 0.854225 0.791391 0.085915 0.021523
4 0.248592 0.837334 0.266197 0.025662
5 0.565493 0.837334 0.238028 0.027318
4 0.816197 0.839404 0.161972 0.028146
11 0.219014 0.866722 0.204225 0.023179
8 0.617606 0.865480 0.083099 0.020695
8 0.855634 0.867550 0.083099 0.023179
5 0.507042 0.933775 0.391549 0.023179
5 0.506338 0.964818 0.359155 0.025662