0 0.449095 0.222981 0.561086 0.024845
5 0.459842 0.256211 0.539593 0.027950
5 0.451357 0.283230 0.282805 0.023602
1 0.460973 0.316149 0.424208 0.026087
5 0.450226 0.345031 0.361991 0.022981
4 0.462104 0.376398 0.501131 0.022360
1 0.471719 0.437578 0.561086 0.022981
11 0.143100 0.496894 0.148190 0.023602
6 0.472285 0.497205 0.125566 0.024224
2 0.790724 0.498137 0.158371 0.022360
5 0.342760 0.558385 0.540724 0.024845
5 0.341063 0.588199 0.541855 0.024845
11 0.750000 0.558075 0.162896 0.024224
11 0.750000 0.589130 0.167421 0.021739
11 0.860860 0.561180 0.027149 0.019255
11 0.860294 0.592236 0.021493 0.019255
4 0.339367 0.649068 0.538462 0.024845
11 0.572398 0.680124 0.085973 0.023602
5 0.549208 0.709317 0.125566 0.023602
11 0.650452 0.649068 0.042986 0.023602
11 0.653281 0.680745 0.041855 0.022360
11 0.651584 0.710870 0.040724 0.024224
3 0.772624 0.650311 0.124434 0.022360
8 0.772624 0.680745 0.122172 0.022360
11 0.799208 0.710870 0.062217 0.021739
4 0.183824 0.772671 0.220588 0.027329
11 0.135181 0.800311 0.123303 0.021739
5 0.487557 0.771739 0.199095 0.025466
8 0.530543 0.800621 0.119910 0.023602
4 0.779412 0.771118 0.135747 0.026708
8 0.802036 0.801242 0.097285 0.022360
5 0.452489 0.895963 0.561086 0.027950
9 0.462670 0.925155 0.776018 0.029193