6 0.445722 0.141188 0.109834 0.034744
0 0.403576 0.195515 0.618135 0.019583
1 0.392720 0.219520 0.167305 0.020846
5 0.403576 0.243209 0.424010 0.018951
1 0.414432 0.267530 0.749681 0.019583
1 0.413793 0.291535 0.750958 0.020846
5 0.401660 0.314593 0.154534 0.017688
4 0.413793 0.339229 0.477650 0.021478
5 0.411239 0.363550 0.761175 0.020846
11 0.413155 0.387871 0.407407 0.018951
4 0.413155 0.410929 0.210728 0.019583
5 0.422095 0.460518 0.195402 0.018951
9 0.231801 0.507896 0.394636 0.021478
2 0.393997 0.531270 0.711367 0.018951
5 0.116858 0.554959 0.162197 0.018320
11 0.739464 0.556222 0.094508 0.020846
5 0.203704 0.579280 0.251596 0.021478
5 0.195402 0.602021 0.153257 0.018951
5 0.202427 0.625711 0.172414 0.017056
8 0.742656 0.578964 0.095785 0.018320
5 0.173691 0.650032 0.189017 0.018951
5 0.320562 0.674352 0.401022 0.019583
8 0.749681 0.650663 0.079183 0.018951
4 0.270754 0.722363 0.459770 0.020846
3 0.739464 0.723310 0.097063 0.017688
11 0.164112 0.746052 0.251596 0.020215
8 0.740741 0.746052 0.094508 0.018951
5 0.165390 0.770373 0.254151 0.019583
8 0.739464 0.769741 0.097063 0.019583
5 0.097063 0.794694 0.117497 0.021478
8 0.738825 0.794694 0.098340 0.018951
4 0.240741 0.840809 0.404853 0.018951
8 0.751596 0.842072 0.077905 0.016425
5 0.404853 0.914087 0.613027 0.020215
5 0.415709 0.937145 0.711367 0.020846