0 0.507511 0.118481 0.819742 0.025316
1 0.502146 0.147595 0.178112 0.021772
5 0.506438 0.168354 0.506438 0.021772
5 0.504292 0.192405 0.201717 0.024304
1 0.507511 0.216962 0.439914 0.020759
9 0.501609 0.237722 0.335837 0.020759
4 0.499464 0.270886 0.423820 0.018228
4 0.499464 0.296962 0.518240 0.021772
11 0.108369 0.331392 0.124464 0.019747
5 0.119099 0.358734 0.141631 0.021772
10 0.121781 0.385063 0.151288 0.021772
5 0.178112 0.409367 0.248927 0.018734
5 0.497318 0.964051 0.780043 0.015190
8 0.846030 0.912405 0.089056 0.020253
8 0.614270 0.914937 0.110515 0.015190
9 0.415236 0.362278 0.274678 0.018734
11 0.355687 0.386835 0.149142 0.020253
2 0.758584 0.357975 0.313305 0.020253
11 0.744635 0.381772 0.270386 0.020253
11 0.646996 0.409873 0.107296 0.020759
11 0.384657 0.915949 0.127682 0.023291
8 0.845494 0.886329 0.081545 0.021772
11 0.091202 0.454684 0.094421 0.018228
11 0.400751 0.455949 0.067597 0.022785
5 0.568670 0.455443 0.143777 0.021772
5 0.758047 0.456456 0.157725 0.014684
4 0.894313 0.456456 0.084764 0.021772
6 0.100858 0.478228 0.090129 0.019747
6 0.092811 0.531139 0.097639 0.017215
6 0.410408 0.479747 0.041845 0.020759
6 0.408798 0.529114 0.034335 0.018228
8 0.574571 0.477722 0.097639 0.020759
8 0.570279 0.530127 0.119099 0.024304
8 0.774678 0.480759 0.105150 0.019747
8 0.773069 0.528861 0.101931 0.021772
11 0.895386 0.478734 0.063305 0.020759
11 0.902897 0.528861 0.078326 0.019747
5 0.188841 0.503291 0.289700 0.024304
5 0.273605 0.553671 0.439914 0.020759
11 0.228541 0.581772 0.165236 0.024304
6 0.401288 0.579494 0.038627 0.019747
3 0.775751 0.581519 0.111588 0.021772
4 0.391094 0.614430 0.483906 0.018734
5 0.548820 0.642785 0.207082 0.021772
4 0.532189 0.667342 0.210300 0.023291
5 0.544528 0.698481 0.213519 0.021772
4 0.357833 0.728861 0.559013 0.018734
11 0.569742 0.761013 0.156652 0.023291
5 0.555794 0.784051 0.199571 0.021772
8 0.612661 0.885570 0.107296 0.020253
6 0.396996 0.884810 0.032189 0.018734
11 0.160408 0.885823 0.056867 0.016709
4 0.806330 0.862278 0.159871 0.020253
11 0.582082 0.864051 0.174893 0.016709
11 0.396459 0.864051 0.024678 0.016709
4 0.211373 0.863038 0.167382 0.018734
8 0.774678 0.614177 0.109442 0.018228
8 0.784871 0.642278 0.080472 0.019747
8 0.782189 0.669620 0.090129 0.020759
8 0.784335 0.698987 0.075107 0.022785
8 0.773605 0.726835 0.107296 0.020759
8 0.770923 0.757215 0.101931 0.019747
8 0.785408 0.783544 0.092275 0.019747
4 0.265021 0.833924 0.311159 0.026329