0 0.456661 0.103272 0.765650 0.025222
1 0.450241 0.132243 0.733547 0.017723
1 0.239165 0.147580 0.311396 0.014315
11 0.390048 0.166326 0.616372 0.017723
11 0.254414 0.185412 0.348315 0.014997
4 0.304976 0.203817 0.446228 0.014997
4 0.812199 0.214383 0.292135 0.017042
5 0.146870 0.224267 0.165329 0.014997
9 0.338684 0.241650 0.542536 0.017042
5 0.279294 0.278459 0.417335 0.018405
11 0.203050 0.322086 0.229535 0.017042
11 0.224719 0.362304 0.176565 0.015678
5 0.702247 0.323790 0.518459 0.014997
11 0.501605 0.341513 0.117175 0.013633
3 0.815409 0.364349 0.073836 0.012952
11 0.920546 0.365712 0.049759 0.014315
4 0.302568 0.386503 0.502408 0.017723
5 0.467095 0.407975 0.154093 0.017042
11 0.435795 0.435583 0.091493 0.014997
5 0.478331 0.458419 0.170144 0.017042
11 0.476726 0.485344 0.166934 0.014997
11 0.435795 0.524540 0.091493 0.014315
5 0.461477 0.547035 0.136437 0.014315
8 0.815409 0.389230 0.077047 0.013633
8 0.813804 0.410361 0.073836 0.013633
8 0.817014 0.438991 0.073836 0.014997
8 0.816212 0.460804 0.078652 0.016360
8 0.816212 0.488412 0.075441 0.014315
8 0.816212 0.528289 0.075441 0.013633
8 0.815409 0.549421 0.073836 0.013633
4 0.166132 0.575324 0.226324 0.016360
5 0.520064 0.578050 0.211878 0.016360
4 0.842697 0.578391 0.141252 0.015678
11 0.130016 0.596455 0.157303 0.014997
8 0.584270 0.597137 0.073836 0.013633
8 0.877207 0.598160 0.075441 0.014315
9 0.258427 0.648943 0.414125 0.016360
2 0.676565 0.651329 0.319422 0.017042
5 0.512841 0.750511 0.804173 0.017723
5 0.510433 0.785276 0.654896 0.016360
5 0.511236 0.805044 0.390048 0.014997
5 0.512039 0.840491 0.645265 0.016360
9 0.513644 0.876619 0.802568 0.017723
5 0.512841 0.898432 0.858748 0.016360
5 0.514446 0.920245 0.235955 0.013633
5 0.512841 0.958078 0.739968 0.021132