0 0.490343 0.106731 0.804721 0.025357
1 0.489270 0.131166 0.175966 0.017059
1 0.486588 0.150300 0.475322 0.018442
5 0.488734 0.173582 0.192060 0.020747
1 0.488197 0.195482 0.435622 0.019364
9 0.497854 0.218995 0.328326 0.023052
4 0.485515 0.245505 0.410944 0.016136
4 0.493026 0.269018 0.494635 0.021669
11 0.096030 0.302444 0.123391 0.019364
5 0.108906 0.326187 0.138412 0.016136
5 0.487124 0.978331 0.793991 0.020286
9 0.402897 0.328492 0.258584 0.021669
2 0.752682 0.327109 0.316524 0.015214
10 0.112124 0.349239 0.149142 0.020747
8 0.835300 0.934532 0.082618 0.016598
11 0.346030 0.348087 0.168455 0.020286
11 0.734979 0.346243 0.281116 0.020286
5 0.168455 0.372061 0.251073 0.018442
11 0.636266 0.369525 0.096567 0.025357
11 0.077253 0.412172 0.085837 0.018442
11 0.393777 0.412633 0.066524 0.019364
5 0.559549 0.412172 0.125536 0.018442
5 0.748391 0.413555 0.149142 0.018442
4 0.882511 0.412633 0.082618 0.019364
6 0.086910 0.435685 0.098712 0.014753
6 0.393777 0.432918 0.034335 0.018442
8 0.561159 0.433840 0.085837 0.013831
8 0.765558 0.434993 0.104077 0.016136
11 0.884657 0.435224 0.059013 0.018442
5 0.180794 0.457815 0.280043 0.019364
6 0.085300 0.479253 0.080472 0.017059
6 0.391094 0.481097 0.028970 0.016136
8 0.563841 0.482019 0.101931 0.016136
8 0.761803 0.482250 0.107296 0.018442
11 0.884657 0.480867 0.069742 0.018442
5 0.305794 0.502766 0.547210 0.020747
6 0.087983 0.527663 0.096567 0.017059
6 0.391631 0.529507 0.045064 0.016136
8 0.562768 0.528124 0.093348 0.016136
8 0.763948 0.529507 0.107296 0.016136
11 0.883047 0.527432 0.066524 0.019364
5 0.189378 0.550484 0.299356 0.019364
6 0.084227 0.574689 0.093348 0.017059
6 0.396459 0.576533 0.028970 0.016136
8 0.554185 0.574458 0.082618 0.014753
8 0.771996 0.576763 0.091202 0.019364
11 0.886803 0.576763 0.069742 0.014753
5 0.201717 0.598432 0.328326 0.019364
11 0.218348 0.623559 0.168455 0.016136
6 0.390558 0.620101 0.032189 0.018442
3 0.759657 0.621254 0.109442 0.020747
4 0.383584 0.662978 0.494635 0.019364
8 0.760193 0.658829 0.093348 0.018442
5 0.530579 0.685800 0.189914 0.021669
8 0.765558 0.685569 0.093348 0.018442
4 0.523605 0.710005 0.208155 0.019364
8 0.770923 0.710005 0.093348 0.019364
5 0.527361 0.736053 0.189914 0.020747
8 0.773069 0.737667 0.082618 0.019364
4 0.350858 0.764177 0.557940 0.017059
8 0.761803 0.764638 0.096567 0.016136
11 0.550429 0.790456 0.154506 0.017059
8 0.756974 0.789995 0.104077 0.020747
5 0.540773 0.814431 0.184549 0.017059
8 0.775751 0.813278 0.087983 0.019364
4 0.259120 0.858691 0.310086 0.020747
4 0.201717 0.887045 0.173820 0.014753
11 0.386266 0.885431 0.045064 0.020747
11 0.567597 0.885662 0.173820 0.019364
4 0.790773 0.886584 0.165236 0.018442
11 0.143240 0.906408 0.061159 0.019364
6 0.390021 0.907331 0.026824 0.014753
8 0.604614 0.906178 0.123391 0.017059
8 0.832618 0.908253 0.087983 0.018442
11 0.366953 0.935915 0.141631 0.018442
8 0.600322 0.933379 0.114807 0.016136