0 0.481335 0.238066 0.555430 0.022319
5 0.490385 0.270924 0.537330 0.026038
5 0.484163 0.300372 0.278281 0.020459
1 0.495475 0.332300 0.423077 0.024799
5 0.483597 0.362988 0.440045 0.021699
4 0.495475 0.393366 0.502262 0.021699
1 0.502828 0.424985 0.559955 0.024179
11 0.176471 0.486981 0.142534 0.022939
6 0.503959 0.487601 0.123303 0.021699
2 0.824095 0.488841 0.161765 0.020459
5 0.375000 0.549597 0.541855 0.022939
11 0.812783 0.550837 0.179864 0.020459
5 0.375000 0.580905 0.539593 0.021079
11 0.822398 0.582145 0.160633 0.021079
4 0.403846 0.641971 0.599548 0.022939
3 0.813914 0.642901 0.098416 0.021079
5 0.633484 0.674520 0.142534 0.022319
8 0.815045 0.674830 0.098416 0.021699
5 0.611425 0.704588 0.182127 0.021699
11 0.833710 0.705518 0.056561 0.019839
4 0.212104 0.768444 0.222851 0.026658
5 0.519796 0.766584 0.195701 0.022939
4 0.809389 0.767824 0.134615 0.020459
11 0.165158 0.796962 0.122172 0.022939
8 0.572964 0.798202 0.098416 0.021699
8 0.845023 0.799752 0.079186 0.021079
5 0.481900 0.894606 0.561086 0.027278
9 0.492081 0.924365 0.776018 0.026038