0 0.477528 0.123914 0.567416 0.016863
1 0.481039 0.144354 0.537921 0.015841
4 0.481039 0.165304 0.535112 0.017885
5 0.507022 0.206183 0.331461 0.026060
9 0.172051 0.225345 0.209270 0.015330
1 0.415730 0.225600 0.151685 0.014819
11 0.695225 0.511497 0.191011 0.015330
11 0.108146 0.246295 0.084270 0.014308
2 0.566713 0.247573 0.450843 0.016863
4 0.503511 0.820644 0.237360 0.017374
5 0.139747 0.267246 0.150281 0.014308
11 0.389045 0.267246 0.084270 0.013286
4 0.152388 0.840061 0.169944 0.015330
5 0.439607 0.307103 0.750000 0.015330
5 0.290028 0.348493 0.442416 0.015330
5 0.266854 0.389627 0.401685 0.015841
5 0.320225 0.429739 0.514045 0.015330
5 0.445927 0.471129 0.765449 0.014308
5 0.310393 0.512008 0.483146 0.014308
5 0.150281 0.553143 0.168539 0.013797
5 0.226124 0.594277 0.320225 0.014308
8 0.162921 0.328053 0.191011 0.014308
8 0.150983 0.369443 0.169944 0.015330
8 0.151685 0.410066 0.168539 0.013797
8 0.160815 0.451201 0.189607 0.014308
8 0.287219 0.493357 0.448034 0.017885
8 0.162219 0.533214 0.192416 0.014819
8 0.205758 0.574093 0.279494 0.014819
8 0.153090 0.614205 0.168539 0.015330
11 0.844803 0.326265 0.144663 0.014819
11 0.853230 0.367655 0.130618 0.014819
11 0.854635 0.409300 0.125000 0.015330
11 0.842697 0.449668 0.148876 0.015330
11 0.853230 0.490547 0.127809 0.014308
11 0.841292 0.531937 0.151685 0.015330
11 0.845506 0.572816 0.151685 0.014308
11 0.845506 0.613183 0.146067 0.015330
5 0.620787 0.842105 0.216292 0.017374
4 0.846910 0.841339 0.146067 0.016863
11 0.139747 0.859990 0.150281 0.015330
11 0.140449 0.881196 0.151685 0.014819
8 0.677669 0.861267 0.110955 0.015841
8 0.679073 0.881707 0.102528 0.013797
8 0.882022 0.861012 0.089888 0.015330
8 0.881320 0.881451 0.085674 0.015330
5 0.224719 0.655340 0.320225 0.014819
4 0.514045 0.676035 0.384831 0.016352
5 0.446629 0.696730 0.511236 0.014819
5 0.609551 0.717680 0.193820 0.016863
5 0.601124 0.738631 0.219101 0.016863
3 0.856742 0.675524 0.129213 0.013286
8 0.858146 0.695963 0.129213 0.014308
8 0.877809 0.716403 0.087079 0.013286
8 0.879916 0.737353 0.082865 0.014308
5 0.312500 0.760092 0.490169 0.016863
10 0.290028 0.780276 0.450843 0.018396
9 0.483146 0.943792 0.533708 0.015330
5 0.485253 0.963975 0.706461 0.017885