0 0.494130 0.081693 0.789755 0.015467
1 0.500000 0.093082 0.191035 0.010124
11 0.495197 0.107987 0.347919 0.012373
5 0.497332 0.121766 0.345784 0.012373
5 0.494130 0.134421 0.313767 0.010124
1 0.495197 0.148341 0.392743 0.010967
9 0.310566 0.161277 0.309498 0.010967
9 0.671291 0.162402 0.313767 0.009843
5 0.491462 0.174916 0.538954 0.011811
4 0.492529 0.189117 0.389541 0.010967
4 0.490928 0.206271 0.251868 0.009843
5 0.102988 0.217520 0.116329 0.007593
5 0.259338 0.232987 0.424760 0.009843
5 0.236393 0.246344 0.372465 0.010124
5 0.124867 0.258296 0.155816 0.009280
5 0.259338 0.272638 0.426894 0.013217
11 0.237460 0.285292 0.395945 0.011530
5 0.110993 0.299072 0.132337 0.008718
9 0.395411 0.299634 0.246531 0.008718
2 0.787620 0.299775 0.292423 0.010124
10 0.109392 0.313414 0.122732 0.009843
11 0.341515 0.314258 0.132337 0.009843
11 0.765742 0.314258 0.255069 0.008718
5 0.167022 0.328318 0.240128 0.009843
11 0.691569 0.329162 0.076841 0.008718
11 0.076307 0.357987 0.065101 0.007874
11 0.334578 0.359111 0.058698 0.008436
5 0.464248 0.358690 0.102455 0.009280
4 0.606724 0.348285 0.084312 0.008718
5 0.607791 0.358408 0.107791 0.007030
4 0.793490 0.348425 0.088581 0.010124
5 0.781217 0.358830 0.110993 0.008436
4 0.903949 0.359111 0.053362 0.008436
6 0.092850 0.370079 0.087513 0.007874
6 0.334578 0.370501 0.020277 0.005343
8 0.466382 0.371204 0.093917 0.007874
8 0.609392 0.371204 0.093917 0.008436
8 0.792956 0.371344 0.093917 0.007030
11 0.909285 0.371204 0.038420 0.007874
5 0.244931 0.384421 0.391676 0.008436
6 0.091249 0.399606 0.084312 0.006749
6 0.332444 0.399747 0.020277 0.007030
8 0.464781 0.399606 0.082177 0.006187
8 0.608858 0.399606 0.082177 0.006187
8 0.793490 0.400169 0.092850 0.007874
11 0.911953 0.400591 0.043757 0.008718
5 0.150480 0.413245 0.198506 0.007593
6 0.093383 0.428431 0.088581 0.007030
6 0.332978 0.428712 0.021345 0.007593
8 0.468517 0.428712 0.076841 0.007030
8 0.607791 0.428431 0.075774 0.008718
8 0.792956 0.428290 0.093917 0.007874
11 0.909285 0.429415 0.038420 0.008436
5 0.291889 0.441929 0.494130 0.009280
6 0.088047 0.457537 0.088581 0.008436
6 0.331377 0.457537 0.018143 0.006187
8 0.467449 0.457396 0.064034 0.007593
8 0.606190 0.458943 0.064034 0.007874
8 0.811633 0.458099 0.067236 0.007874
11 0.911953 0.457818 0.043757 0.008436
5 0.120598 0.470613 0.147279 0.009280
6 0.090181 0.486924 0.090715 0.007030
6 0.334045 0.487064 0.017076 0.008436
8 0.464248 0.486924 0.061900 0.007030
8 0.607257 0.486924 0.061900 0.007030
8 0.810566 0.487064 0.065101 0.006749
11 0.912487 0.487205 0.040555 0.007593
5 0.295624 0.500984 0.503735 0.008718
6 0.083244 0.517013 0.076841 0.007030
6 0.333511 0.515889 0.028815 0.009843
8 0.467449 0.516873 0.064034 0.006749
8 0.605123 0.516451 0.078975 0.010967
8 0.807364 0.516451 0.069370 0.008718
11 0.911419 0.516029 0.044824 0.007874
5 0.193703 0.528543 0.321238 0.010967
6 0.078975 0.544573 0.083244 0.011530
6 0.335112 0.544854 0.021345 0.007030
8 0.466382 0.544432 0.076841 0.007874
8 0.609925 0.545135 0.073639 0.007593
8 0.800427 0.545135 0.078975 0.008718
11 0.910886 0.544854 0.043757 0.008718
5 0.251868 0.558633 0.420491 0.012092
6 0.081644 0.573538 0.069370 0.008718
6 0.330309 0.573819 0.022412 0.008718
8 0.468517 0.573538 0.078975 0.010405
8 0.609925 0.574381 0.060832 0.008718
8 0.808431 0.574241 0.060832 0.008436
11 0.914088 0.573678 0.041622 0.010124
5 0.291355 0.587317 0.495197 0.009280
6 0.083244 0.602784 0.085379 0.009843
6 0.332444 0.603346 0.022412 0.008718
8 0.470651 0.603487 0.061900 0.008436
8 0.610993 0.602784 0.069370 0.008718
8 0.811633 0.603346 0.060832 0.009843
11 0.913554 0.602784 0.061900 0.010967
5 0.212380 0.616001 0.350053 0.012092
6 0.082177 0.632030 0.072572 0.012655
6 0.329242 0.632030 0.041622 0.010405
8 0.470117 0.632593 0.090715 0.010405
8 0.604589 0.632593 0.094984 0.012655
8 0.799893 0.632030 0.094984 0.010405
11 0.911419 0.631468 0.057631 0.011530
5 0.246531 0.646091 0.414088 0.009843
6 0.080043 0.661277 0.081110 0.010967
6 0.334578 0.660433 0.022412 0.009280
8 0.472252 0.661277 0.103522 0.009843
8 0.612060 0.660433 0.101387 0.008155
8 0.791355 0.660714 0.107791 0.008718
11 0.909819 0.660433 0.050160 0.009280
5 0.258271 0.674775 0.437567 0.011530
6 0.083244 0.690242 0.078975 0.009843
6 0.337247 0.691367 0.023479 0.007030
11 0.472785 0.690242 0.066169 0.012092
8 0.609392 0.690523 0.074707 0.011530
8 0.810032 0.690242 0.078975 0.012092
11 0.907150 0.690242 0.061900 0.010967
5 0.216649 0.704303 0.350053 0.012092
6 0.084312 0.720051 0.085379 0.011530
6 0.333511 0.721175 0.033084 0.011530
8 0.468517 0.718645 0.078975 0.008718
8 0.613661 0.719207 0.078975 0.010967
8 0.812166 0.718645 0.074707 0.009843
11 0.915688 0.719207 0.057631 0.010967
11 0.251868 0.732987 0.411953 0.011530
11 0.175560 0.749297 0.169691 0.013217
6 0.338314 0.748172 0.059765 0.012092
8 0.791889 0.747328 0.132337 0.011530
4 0.421558 0.769826 0.495197 0.010967
8 0.792423 0.769544 0.120598 0.011530
5 0.575240 0.787261 0.200640 0.011530
8 0.815902 0.786417 0.090715 0.012092
4 0.573106 0.803290 0.209178 0.012092
8 0.806297 0.802728 0.103522 0.012092
5 0.570438 0.820304 0.191035 0.010124
8 0.816435 0.819882 0.083244 0.012655
4 0.386339 0.837598 0.565635 0.013217
3 0.794023 0.837598 0.125934 0.010967
11 0.597652 0.853628 0.151547 0.010405
8 0.794557 0.853909 0.122732 0.010967
5 0.582177 0.866282 0.186766 0.012655
8 0.813767 0.866282 0.090715 0.011530
4 0.251868 0.898622 0.279616 0.011530
4 0.202241 0.912683 0.171825 0.010405
11 0.406083 0.914229 0.028815 0.008436
11 0.593917 0.912964 0.167556 0.009843
4 0.829776 0.912402 0.163287 0.010967
11 0.150480 0.925619 0.055496 0.009843
6 0.406083 0.925056 0.037353 0.009843
8 0.618463 0.925619 0.118463 0.010967
8 0.864995 0.925900 0.105656 0.011530
11 0.374066 0.939117 0.092850 0.008718
8 0.613661 0.938695 0.119530 0.007874
6 0.891676 0.940523 0.043757 0.008718