0 0.440032 0.197548 0.269704 0.011117
2 0.439428 0.209022 0.101592 0.010405
1 0.439730 0.221066 0.062286 0.011117
1 0.439629 0.232041 0.232211 0.011403
1 0.438924 0.244156 0.178795 0.011117
4 0.439125 0.254276 0.077605 0.009692
9 0.375731 0.265536 0.168111 0.010547
11 0.304475 0.283210 0.024793 0.009122
9 0.364342 0.297320 0.141302 0.009407
8 0.308406 0.310148 0.032655 0.010262
9 0.367063 0.327038 0.149163 0.008694
8 0.308406 0.340507 0.031042 0.009692
3 0.531848 0.360391 0.107035 0.008694
4 0.540314 0.372577 0.094941 0.009692
3 0.543540 0.384265 0.088893 0.009692
5 0.332090 0.400941 0.079218 0.010832
11 0.309817 0.414980 0.034670 0.008694
5 0.314150 0.427452 0.043338 0.010832
4 0.325741 0.455103 0.068938 0.008837
4 0.326345 0.468216 0.070147 0.008837
4 0.434993 0.485462 0.146745 0.010547
5 0.437109 0.498147 0.192502 0.010547
4 0.436908 0.509977 0.127595 0.011117
5 0.437714 0.521166 0.144124 0.011830
5 0.436202 0.532640 0.174158 0.009407
5 0.438117 0.545182 0.158234 0.010547
11 0.396291 0.283780 0.020964 0.010262
11 0.572465 0.281499 0.030236 0.009692
6 0.389538 0.309863 0.005039 0.009122
8 0.570651 0.308153 0.030236 0.009407
6 0.390143 0.340864 0.006249 0.008694
8 0.572264 0.339510 0.034267 0.010832
5 0.564705 0.400228 0.042935 0.008837
8 0.570248 0.413911 0.030236 0.008837
8 0.570248 0.425884 0.031042 0.010547
5 0.466841 0.454818 0.047168 0.008837
4 0.571256 0.454604 0.029833 0.008409
8 0.480347 0.468144 0.019754 0.008124
8 0.575690 0.467574 0.020157 0.008124