0 0.486111 0.214158 0.399573 0.021416
0 0.478098 0.239738 0.428419 0.019036
11 0.477564 0.264723 0.724359 0.023795
5 0.476496 0.290303 0.677350 0.022606
1 0.488782 0.316478 0.665598 0.024985
4 0.477030 0.342058 0.552350 0.023795
5 0.482372 0.365854 0.469017 0.022606
4 0.478632 0.392623 0.290598 0.019036
9 0.276175 0.442594 0.466880 0.020226
11 0.911325 0.444973 0.049145 0.022606
11 0.180021 0.468174 0.270299 0.021416
6 0.190171 0.493754 0.286325 0.027365
6 0.545406 0.494349 0.022436 0.023795
11 0.589209 0.493159 0.028846 0.019036
3 0.690705 0.494943 0.090812 0.020226
8 0.841880 0.494943 0.089744 0.020226
5 0.168803 0.544319 0.243590 0.023795
5 0.819979 0.545509 0.219017 0.022606
4 0.252137 0.594884 0.410256 0.026175
8 0.849359 0.594884 0.164530 0.021416
11 0.091346 0.619869 0.092949 0.019036
8 0.842415 0.621654 0.182692 0.022606
5 0.114316 0.644854 0.130342 0.020226
8 0.851496 0.645449 0.160256 0.022606
4 0.169338 0.695419 0.253205 0.019036
11 0.519231 0.695419 0.162393 0.021416
4 0.740919 0.697799 0.150641 0.021416
4 0.137821 0.720999 0.194444 0.024985
8 0.552885 0.720999 0.090812 0.024985
8 0.775641 0.722784 0.089744 0.023795
2 0.313034 0.794765 0.527778 0.021416
9 0.786325 0.796550 0.286325 0.024985
10 0.314103 0.822725 0.529915 0.022606
5 0.476496 0.872100 0.600427 0.022606
9 0.487179 0.896490 0.438034 0.019036
5 0.485043 0.921475 0.532051 0.021416