0 0.483369 0.127342 0.301502 0.022834
1 0.484442 0.156909 0.211373 0.023419
1 0.475322 0.186183 0.407725 0.024590
5 0.486588 0.216335 0.518240 0.025176
9 0.473712 0.244438 0.365880 0.025176
11 0.079399 0.331674 0.047210 0.021663
11 0.112661 0.371487 0.109442 0.042740
6 0.861052 0.334309 0.106223 0.021077
6 0.894313 0.374707 0.039700 0.044496
5 0.195815 0.437646 0.280043 0.025176
5 0.165236 0.466628 0.218884 0.024590
5 0.272532 0.495023 0.427039 0.022834
0 0.175966 0.524883 0.240343 0.024005
5 0.218884 0.553864 0.321888 0.023419
8 0.848176 0.439110 0.086910 0.021077
8 0.851395 0.468970 0.084764 0.022248
8 0.847639 0.496487 0.090129 0.024590
8 0.848712 0.526932 0.092275 0.022248
8 0.849785 0.555621 0.090129 0.022248
11 0.226931 0.620316 0.350858 0.043911
5 0.195815 0.656323 0.284335 0.025761
5 0.122318 0.684133 0.133047 0.024005
3 0.783262 0.623244 0.214592 0.042740
11 0.842811 0.661007 0.149142 0.024590
8 0.836910 0.687061 0.109442 0.024005
4 0.164163 0.742096 0.214592 0.025176
8 0.851931 0.745902 0.087983 0.023419
4 0.475322 0.801522 0.240343 0.025761
2 0.475858 0.830504 0.797210 0.025176
4 0.485515 0.888759 0.389485 0.023419
5 0.473712 0.917155 0.361588 0.026347