0 0.447368 0.100763 0.828947 0.044662
0 0.236020 0.131808 0.389803 0.028322
5 0.290296 0.161765 0.518092 0.031590
5 0.187500 0.188453 0.315789 0.028322
1 0.342105 0.218410 0.625000 0.031590
9 0.197368 0.244553 0.338816 0.025054
5 0.162007 0.301743 0.274671 0.026144
1 0.226974 0.331155 0.407895 0.026144
5 0.190789 0.360566 0.328947 0.028322
10 0.768092 0.373094 0.305921 0.027233
2 0.146382 0.387255 0.246711 0.027233
11 0.802632 0.400871 0.253289 0.026144
5 0.108553 0.443355 0.138158 0.021786
8 0.289474 0.447168 0.138158 0.022876
6 0.097039 0.471133 0.118421 0.022876
6 0.468750 0.479847 0.046053 0.020697
8 0.794408 0.486928 0.115132 0.023965
5 0.106086 0.500545 0.136513 0.022876
8 0.287007 0.504357 0.136513 0.021786
6 0.093750 0.528867 0.115132 0.025054
6 0.465461 0.535948 0.046053 0.021786
8 0.793586 0.544118 0.116776 0.020697
5 0.191612 0.588235 0.363487 0.028322
11 0.112664 0.644880 0.205592 0.023965
3 0.834704 0.660131 0.166118 0.023965
5 0.152138 0.675381 0.294408 0.030501
11 0.843750 0.689542 0.141447 0.021786
11 0.067434 0.702070 0.115132 0.022876
11 0.833059 0.718954 0.162829 0.023965
5 0.143092 0.732571 0.273026 0.029412
11 0.867599 0.747821 0.097039 0.020697
5 0.152961 0.761438 0.299342 0.026144
11 0.830592 0.776688 0.164474 0.023965
5 0.072368 0.791939 0.138158 0.026144
11 0.830592 0.806645 0.164474 0.022876
5 0.416941 0.856209 0.606908 0.034858
5 0.439967 0.883987 0.699013 0.031590
5 0.454770 0.914488 0.863487 0.035948