0 0.502435 0.070643 0.897727 0.021151
1 0.500000 0.090525 0.438312 0.020305
1 0.498377 0.110406 0.480519 0.019459
9 0.342532 0.127750 0.298701 0.018613
4 0.503247 0.148054 0.396104 0.018613
4 0.502435 0.190355 0.566558 0.032149
11 0.612825 0.239425 0.426948 0.030457
9 0.108766 0.265228 0.139610 0.021151
2 0.675325 0.267766 0.321429 0.021151
5 0.320617 0.297377 0.563312 0.031303
5 0.270292 0.326142 0.459416 0.017766
5 0.185877 0.346024 0.284091 0.018613
1 0.303571 0.364636 0.529221 0.018613
11 0.234578 0.384518 0.381494 0.019459
2 0.538961 0.403553 0.256494 0.016920
11 0.750000 0.404822 0.087662 0.017766
5 0.141234 0.428088 0.214286 0.016920
11 0.314123 0.428088 0.063312 0.015228
11 0.545455 0.428511 0.022727 0.014382
11 0.753247 0.429780 0.136364 0.016920
5 0.130682 0.458122 0.196429 0.017766
8 0.303571 0.458545 0.081169 0.015228
6 0.409091 0.458968 0.025974 0.016074
6 0.487825 0.460237 0.024351 0.015228
6 0.544643 0.459814 0.024351 0.014382
6 0.640422 0.459814 0.024351 0.014382
8 0.780844 0.460237 0.081169 0.015228
5 0.121753 0.478003 0.178571 0.016920
8 0.306006 0.478849 0.079545 0.015228
6 0.412338 0.478849 0.025974 0.015228
6 0.487013 0.479272 0.022727 0.014382
6 0.545455 0.479272 0.022727 0.014382
11 0.631494 0.480118 0.042208 0.014382
8 0.773539 0.480541 0.099026 0.015228
5 0.121753 0.497462 0.178571 0.016920
8 0.306006 0.497885 0.079545 0.016074
6 0.409903 0.497885 0.024351 0.016074
6 0.489448 0.499154 0.021104 0.015228
6 0.545455 0.498308 0.022727 0.015228
6 0.641234 0.499154 0.022727 0.015228
8 0.783279 0.499154 0.079545 0.015228
11 0.475649 0.534264 0.357143 0.036379
8 0.773539 0.532995 0.099026 0.028765
5 0.140422 0.566413 0.219156 0.017766
8 0.301948 0.567682 0.084416 0.018613
6 0.400974 0.568105 0.042208 0.014382
6 0.486201 0.567682 0.024351 0.015228
6 0.543831 0.568528 0.022727 0.015228
6 0.632305 0.568528 0.037338 0.016920
8 0.782468 0.569374 0.081169 0.018613
4 0.357143 0.603638 0.581169 0.036379
8 0.784091 0.603215 0.081169 0.027073
4 0.607955 0.642555 0.076299 0.027919
8 0.781656 0.642132 0.082792 0.028765
4 0.366883 0.686971 0.558442 0.037225
8 0.783279 0.685702 0.079545 0.027919
11 0.473214 0.725888 0.349026 0.035533
8 0.774351 0.725888 0.097403 0.027073
11 0.512987 0.769036 0.275974 0.037225
3 0.774351 0.768613 0.100649 0.027919
11 0.116883 0.811337 0.152597 0.016920
5 0.470779 0.834602 0.857143 0.019459
5 0.413961 0.854484 0.750000 0.018613
5 0.473214 0.874788 0.868506 0.018613
4 0.397727 0.893401 0.707792 0.018613
4 0.414773 0.913283 0.748377 0.017766
5 0.183442 0.932318 0.292208 0.016920
5 0.500000 0.955161 0.383117 0.018613
9 0.665584 0.129442 0.295455 0.018613
11 0.391234 0.427242 0.058442 0.015228
11 0.468344 0.427665 0.060065 0.014382
11 0.613636 0.428511 0.077922 0.016074