0 0.447685 0.178454 0.193519 0.013752
5 0.448611 0.193189 0.208333 0.011788
5 0.443981 0.207597 0.171296 0.011788
1 0.444907 0.222004 0.187963 0.013098
4 0.447685 0.235756 0.150926 0.011788
1 0.451389 0.249836 0.100926 0.011133
11 0.447685 0.264244 0.193519 0.012443
11 0.448148 0.278651 0.194444 0.012443
9 0.362500 0.306811 0.106481 0.011133
3 0.547685 0.305174 0.052778 0.011788
5 0.384259 0.320891 0.109259 0.011788
11 0.319444 0.348723 0.066667 0.012443
8 0.555556 0.347741 0.037037 0.011788
4 0.357870 0.363130 0.143519 0.012443
8 0.554630 0.361821 0.037037 0.011133
4 0.372685 0.377210 0.171296 0.013098
8 0.555093 0.375900 0.037963 0.011788
11 0.301852 0.392600 0.033333 0.011133
8 0.551389 0.389980 0.043519 0.011133
5 0.330093 0.406352 0.087963 0.011133
5 0.450926 0.405697 0.072222 0.012443
8 0.554630 0.404388 0.037037 0.011133
9 0.426389 0.419450 0.223148 0.012443
4 0.326852 0.435167 0.081481 0.012443
5 0.451852 0.433530 0.044444 0.010478
4 0.561574 0.432875 0.025000 0.011788
11 0.312500 0.449247 0.052778 0.010478
8 0.454167 0.447610 0.037963 0.011133
8 0.557870 0.447282 0.030556 0.010478
11 0.305093 0.462999 0.036111 0.011788
8 0.454630 0.461690 0.038889 0.011788
8 0.557870 0.460707 0.030556 0.011133
2 0.344444 0.477079 0.114815 0.012443
11 0.514815 0.475442 0.114815 0.013098
9 0.362500 0.490504 0.152778 0.011788
5 0.443519 0.518664 0.116667 0.011788
11 0.443519 0.532417 0.172222 0.013098
5 0.444444 0.546496 0.200000 0.013752
5 0.440278 0.560576 0.125000 0.011788