0 0.483553 0.106731 0.717105 0.021154
9 0.482730 0.127404 0.172697 0.020192
5 0.481908 0.150000 0.378289 0.021154
1 0.484375 0.172596 0.498355 0.022115
5 0.482730 0.196154 0.347039 0.023077
9 0.482730 0.217308 0.185855 0.021154
4 0.190789 0.253846 0.351974 0.021154
4 0.291118 0.277404 0.552632 0.022115
11 0.180099 0.320673 0.330592 0.022115
6 0.041941 0.343750 0.047697 0.022115
6 0.912829 0.321154 0.046053 0.019231
2 0.781250 0.343269 0.315789 0.021154
5 0.157895 0.387981 0.282895 0.020192
9 0.108553 0.409615 0.148026 0.019231
9 0.109375 0.432692 0.156250 0.023077
11 0.632401 0.410096 0.113487 0.020192
11 0.641447 0.433654 0.098684 0.021154
11 0.879934 0.410577 0.118421 0.021154
11 0.879934 0.433654 0.111842 0.019231
11 0.069079 0.478846 0.101974 0.019231
6 0.060033 0.500962 0.087171 0.021154
8 0.109375 0.524519 0.182566 0.022115
4 0.486020 0.479808 0.291118 0.019231
5 0.550164 0.502404 0.149671 0.022115
5 0.560033 0.525000 0.133224 0.021154
11 0.585526 0.547115 0.085526 0.023077
11 0.592105 0.570192 0.072368 0.023077
5 0.577303 0.592308 0.105263 0.025000
3 0.897204 0.481250 0.083882 0.020192
8 0.902961 0.502404 0.069079 0.020192
8 0.902961 0.525000 0.065789 0.019231
8 0.897204 0.547596 0.087171 0.022115
8 0.886513 0.569231 0.101974 0.021154
8 0.887336 0.592788 0.103618 0.018269
4 0.107730 0.635577 0.182566 0.023077
11 0.059211 0.658173 0.082237 0.022115
5 0.363487 0.636058 0.164474 0.022115
8 0.403783 0.657692 0.087171 0.021154
4 0.878289 0.637019 0.115132 0.024038
8 0.903783 0.659615 0.074013 0.021154
2 0.485197 0.702885 0.312500 0.021154
5 0.495888 0.814904 0.675987 0.024038
5 0.484375 0.838462 0.478618 0.021154
5 0.484375 0.861058 0.508224 0.022115
5 0.484375 0.883654 0.284539 0.021154