0 0.538244 0.080488 0.546742 0.021951
1 0.540368 0.106098 0.584986 0.021951
5 0.530453 0.128659 0.480170 0.024390
1 0.531161 0.155488 0.524079 0.020732
4 0.541785 0.179573 0.423513 0.020122
1 0.552408 0.203049 0.280453 0.018293
11 0.542493 0.227439 0.546742 0.020732
11 0.543201 0.251829 0.545326 0.019512
9 0.362606 0.276220 0.549575 0.019512
9 0.301700 0.326220 0.303116 0.019512
11 0.825071 0.324695 0.137394 0.020122
1 0.350567 0.350915 0.284703 0.018902
9 0.301700 0.376524 0.303116 0.018902
11 0.825779 0.374085 0.138810 0.020122
1 0.349858 0.400305 0.283286 0.018902
11 0.178470 0.447866 0.178470 0.020122
3 0.844901 0.446951 0.106232 0.019512
4 0.291076 0.472561 0.403683 0.019512
8 0.843484 0.471646 0.103399 0.018902
4 0.330028 0.496341 0.484419 0.020732
8 0.844193 0.495732 0.101983 0.018293
11 0.129603 0.522561 0.083569 0.018293
8 0.845609 0.520427 0.101983 0.017683
5 0.209632 0.546037 0.243626 0.018902
5 0.550283 0.545732 0.202550 0.023171
9 0.482295 0.571341 0.621813 0.021951
4 0.198300 0.597256 0.226629 0.021341
5 0.548867 0.594817 0.120397 0.018902
4 0.864023 0.594207 0.065156 0.018902
11 0.158640 0.620122 0.147309 0.018293
8 0.560907 0.620122 0.101983 0.018293
8 0.856941 0.619207 0.084986 0.018902
11 0.137394 0.645427 0.099150 0.020122
8 0.562323 0.644512 0.101983 0.019512
8 0.856232 0.643598 0.080737 0.018902
2 0.246459 0.670732 0.322946 0.020732
9 0.735127 0.668902 0.320113 0.018293
9 0.226629 0.694512 0.286119 0.019512
5 0.560198 0.742378 0.389518 0.018902
11 0.529745 0.767073 0.484419 0.021951
5 0.527620 0.791768 0.567989 0.020122
5 0.519122 0.817378 0.349858 0.018902
8 0.844901 0.545427 0.100567 0.017683