0 0.451773 0.307602 0.560284 0.022727
5 0.849645 0.251176 0.297872 0.057210
5 0.460993 0.340909 0.541844 0.026646
5 0.451773 0.368730 0.279433 0.019592
1 0.462411 0.402038 0.422695 0.023511
5 0.461702 0.431426 0.381560 0.021160
4 0.462411 0.460815 0.504965 0.021944
1 0.473050 0.522727 0.563121 0.020376
11 0.139716 0.585815 0.143262 0.021160
6 0.472340 0.584639 0.119149 0.018809
2 0.797163 0.583464 0.161702 0.021160
5 0.241844 0.646552 0.341844 0.020376
8 0.238298 0.676332 0.260993 0.020376
3 0.787943 0.645768 0.182979 0.021944
4 0.374468 0.738245 0.607092 0.020376
5 0.604255 0.768809 0.144681 0.020376
5 0.585106 0.799765 0.182979 0.021160
8 0.785816 0.736677 0.102128 0.020376
8 0.784397 0.768417 0.099291 0.019592
11 0.807092 0.799765 0.059574 0.019592
4 0.180851 0.866771 0.225532 0.028213
5 0.492199 0.862853 0.195745 0.021944
4 0.786525 0.861285 0.134752 0.020376
11 0.130496 0.896552 0.124823 0.018809
8 0.543262 0.894201 0.099291 0.021944
8 0.816312 0.891066 0.080851 0.018809
5 0.457447 0.987461 0.563121 0.021944