0 0.480488 0.154312 0.463415 0.016393
1 0.482927 0.174269 0.767480 0.016393
1 0.485366 0.193514 0.629268 0.022096
5 0.485366 0.214897 0.216260 0.016393
9 0.481301 0.236636 0.325203 0.017106
4 0.482927 0.256237 0.465041 0.022096
4 0.486992 0.299002 0.209756 0.017819
9 0.113821 0.341411 0.175610 0.019957
11 0.067480 0.360656 0.092683 0.019957
2 0.474797 0.361368 0.487805 0.019957
10 0.093496 0.383108 0.134959 0.017819
5 0.373984 0.383108 0.263415 0.017819
5 0.200813 0.403421 0.349593 0.015681
5 0.170732 0.442267 0.292683 0.017819
11 0.612195 0.442979 0.095935 0.017819
5 0.773171 0.441554 0.115447 0.016393
6 0.041463 0.485745 0.024390 0.014968
6 0.042276 0.507840 0.016260 0.019244
6 0.040650 0.526728 0.016260 0.018532
5 0.171545 0.484676 0.141463 0.017106
5 0.174797 0.505702 0.138211 0.017819
5 0.177236 0.526728 0.143089 0.017106
8 0.604878 0.485388 0.081301 0.015681
8 0.604878 0.505702 0.071545 0.014968
8 0.607317 0.526728 0.076423 0.015681
11 0.777236 0.484319 0.120325 0.016393
11 0.777236 0.506058 0.113821 0.017106
11 0.778049 0.525659 0.115447 0.014968
4 0.214634 0.569138 0.364228 0.019244
11 0.604065 0.568068 0.040650 0.017106
3 0.755285 0.568068 0.079675 0.019957
5 0.167480 0.589808 0.282927 0.020670
11 0.604065 0.588382 0.056911 0.017819
8 0.761789 0.588382 0.095935 0.020670
11 0.077236 0.629009 0.121951 0.022096
11 0.606504 0.630078 0.061789 0.022808
8 0.754472 0.630791 0.100813 0.019957
5 0.160976 0.671775 0.273171 0.020670
11 0.608943 0.669636 0.050407 0.020670
8 0.750407 0.670706 0.108943 0.018532
5 0.088618 0.690663 0.128455 0.019957
11 0.611382 0.691376 0.055285 0.019957
8 0.757724 0.692088 0.087805 0.018532
4 0.158537 0.734141 0.278049 0.024234
11 0.496748 0.730221 0.050407 0.020670
8 0.646341 0.730934 0.092683 0.022096
4 0.150407 0.773343 0.252033 0.024234
11 0.511382 0.773699 0.180488 0.024947
4 0.758537 0.771917 0.164228 0.024234
11 0.098374 0.813970 0.138211 0.019957
11 0.090244 0.835353 0.121951 0.015681
8 0.532520 0.815752 0.082927 0.017819
8 0.532520 0.834996 0.073171 0.014968
8 0.782927 0.814326 0.086179 0.017819
8 0.778862 0.834640 0.078049 0.017106
2 0.496748 0.874911 0.414634 0.017819
5 0.494309 0.895225 0.237398 0.018532
5 0.490244 0.916607 0.375610 0.022808
1 0.335772 0.340699 0.193496 0.014255
6 0.137398 0.026016 0.186992 0.019244