0 0.469421 0.152071 0.408798 0.026219
9 0.457618 0.178815 0.256438 0.025170
5 0.464592 0.202412 0.600858 0.026219
1 0.474785 0.232826 0.704936 0.025170
1 0.465665 0.256162 0.476395 0.027792
4 0.471030 0.283954 0.525751 0.029890
4 0.449034 0.332197 0.479614 0.028841
9 0.212983 0.388306 0.350858 0.026744
2 0.344421 0.411641 0.622318 0.022024
5 0.160944 0.466177 0.251073 0.025170
11 0.389485 0.463031 0.079399 0.026219
5 0.587983 0.463818 0.165236 0.026744
11 0.126073 0.519402 0.181330 0.033036
11 0.375000 0.545621 0.091202 0.027792
8 0.576717 0.541426 0.114807 0.028841
8 0.768777 0.542737 0.106223 0.019927
5 0.138948 0.570792 0.211373 0.027792
11 0.373391 0.593603 0.094421 0.025170
8 0.577790 0.595962 0.108369 0.027792
8 0.770386 0.594127 0.103004 0.022024
6 0.174893 0.646303 0.274678 0.029890
4 0.277897 0.673309 0.495708 0.024122
8 0.856760 0.672260 0.106223 0.022024
8 0.858369 0.697955 0.100858 0.023073
4 0.230687 0.698479 0.394850 0.024122
4 0.307940 0.722601 0.545064 0.026219
3 0.856760 0.724174 0.116953 0.025170
11 0.168991 0.748558 0.258584 0.027792
8 0.815451 0.749607 0.193133 0.027792
11 0.107296 0.801521 0.143777 0.029890
8 0.862124 0.800734 0.108369 0.024122
4 0.164163 0.877819 0.268240 0.024122
5 0.575644 0.879916 0.230687 0.026219
4 0.827790 0.880703 0.162017 0.029890
11 0.066524 0.902989 0.072961 0.026219
11 0.326717 0.905087 0.140558 0.026219
8 0.639485 0.905611 0.094421 0.022024
8 0.858906 0.906135 0.110515 0.026219
10 0.599785 0.388044 0.347639 0.019927
11 0.758047 0.467488 0.106223 0.023597
4 0.866416 0.464604 0.082618 0.028317
11 0.875536 0.540640 0.051502 0.022024
11 0.884120 0.594127 0.068670 0.025170