0 0.353916 0.136418 0.578313 0.022837
0 0.399849 0.159255 0.661145 0.024038
11 0.213102 0.180288 0.287651 0.019231
5 0.443524 0.204026 0.748494 0.022236
5 0.292922 0.225361 0.450301 0.020433
1 0.328313 0.247296 0.524096 0.019832
9 0.383283 0.269832 0.631024 0.021635
4 0.351657 0.291166 0.579819 0.021034
9 0.452560 0.356370 0.781627 0.021635
11 0.483434 0.399339 0.611446 0.019832
5 0.222139 0.420072 0.317771 0.020433
11 0.526355 0.420974 0.052711 0.017428
3 0.744729 0.421875 0.197289 0.018029
11 0.252259 0.441406 0.140060 0.018630
11 0.410392 0.441406 0.055723 0.017428
11 0.511295 0.442909 0.031627 0.020433
11 0.629518 0.442909 0.138554 0.018029
11 0.135542 0.462740 0.135542 0.019231
11 0.524849 0.463942 0.055723 0.018029
8 0.713102 0.463942 0.140060 0.020433
11 0.121235 0.484675 0.112952 0.018630
11 0.526355 0.485276 0.052711 0.018630
8 0.714608 0.485877 0.137048 0.018630
4 0.208584 0.507212 0.287651 0.019231
11 0.453313 0.507212 0.030120 0.016827
11 0.526355 0.507512 0.052711 0.018630
8 0.728163 0.507812 0.112952 0.019231
11 0.221386 0.528245 0.319277 0.020433
11 0.454819 0.527945 0.030120 0.018630
11 0.526355 0.528245 0.052711 0.018029
8 0.713855 0.529447 0.138554 0.019231
5 0.326807 0.572115 0.521084 0.021635
9 0.297440 0.592248 0.462349 0.018630
5 0.276355 0.613882 0.426205 0.019832
6 0.554970 0.613582 0.058735 0.018029
11 0.121235 0.697416 0.112952 0.018630
11 0.381777 0.698618 0.109940 0.019832
11 0.539157 0.698618 0.084337 0.018630
11 0.715361 0.699820 0.081325 0.018630
2 0.177711 0.719651 0.228916 0.019832
11 0.396837 0.719952 0.137048 0.018029
6 0.572289 0.721454 0.141566 0.018630
6 0.699548 0.720553 0.052711 0.018029
5 0.367470 0.784255 0.605422 0.021635
5 0.439759 0.807392 0.750000 0.022236
4 0.394578 0.827224 0.659639 0.021034
5 0.192771 0.868690 0.259036 0.023438
5 0.307229 0.892127 0.490964 0.025841