0 0.495187 0.124665 0.817112 0.026273
1 0.495722 0.154692 0.185027 0.024129
5 0.499465 0.177748 0.485561 0.025201
5 0.492513 0.201340 0.182888 0.021984
1 0.491979 0.229223 0.425668 0.024129
9 0.494118 0.251743 0.329412 0.023056
4 0.497326 0.285523 0.417112 0.021984
4 0.494118 0.310724 0.489840 0.021984
11 0.100000 0.350402 0.116578 0.020912
5 0.110695 0.380429 0.144385 0.026273
9 0.403209 0.383110 0.256684 0.021984
2 0.747059 0.379893 0.302674 0.023056
10 0.105348 0.407507 0.146524 0.018231
11 0.347059 0.405094 0.152941 0.025201
11 0.727807 0.405094 0.274866 0.025201
5 0.172193 0.434584 0.256684 0.024129
11 0.640107 0.431903 0.108021 0.020912
11 0.077005 0.479625 0.094118 0.025201
11 0.394652 0.481233 0.070588 0.020912
5 0.560428 0.479088 0.130481 0.020912
5 0.744385 0.480429 0.160428 0.019303
4 0.888235 0.479088 0.082353 0.020912
6 0.088235 0.505362 0.084492 0.020912
6 0.398930 0.505898 0.038503 0.021984
3 0.566845 0.506971 0.089840 0.021984
8 0.777540 0.504826 0.094118 0.021984
11 0.893048 0.504826 0.068449 0.021984
5 0.251337 0.531635 0.414973 0.020912
11 0.222995 0.561662 0.176471 0.023056
6 0.394652 0.557641 0.034225 0.017158
8 0.780214 0.558713 0.080214 0.019303
4 0.386096 0.597587 0.491979 0.021984
8 0.771658 0.596783 0.086631 0.018231
5 0.541176 0.623861 0.198930 0.021984
8 0.772727 0.624665 0.084492 0.018231
4 0.527807 0.654424 0.212834 0.023056
8 0.772727 0.652279 0.084492 0.020912
5 0.531551 0.683914 0.196791 0.025201
8 0.772727 0.682574 0.080214 0.019303
4 0.348128 0.717158 0.572193 0.024129
11 0.557219 0.747721 0.162567 0.020912
5 0.543316 0.775603 0.188235 0.024129
8 0.773797 0.715550 0.078075 0.023056
8 0.772727 0.745308 0.080214 0.018231
8 0.777005 0.773995 0.080214 0.023056
4 0.257219 0.824933 0.304813 0.021984
4 0.199465 0.857105 0.182888 0.021984
11 0.387701 0.858713 0.041711 0.020912
11 0.572727 0.858713 0.174332 0.020912
4 0.794652 0.857641 0.168984 0.020912
11 0.149733 0.881769 0.057754 0.023056
6 0.393048 0.880429 0.043850 0.018231
8 0.619251 0.880965 0.098396 0.019303
8 0.835294 0.883110 0.089840 0.019303
11 0.376471 0.914477 0.134759 0.026273
8 0.613904 0.913137 0.091979 0.019303
8 0.833690 0.912869 0.082353 0.020912
5 0.488770 0.967024 0.780749 0.024129