0 0.451846 0.104567 0.762440 0.026473
1 0.449438 0.132363 0.741573 0.014560
1 0.235152 0.145599 0.313002 0.014560
11 0.388443 0.163799 0.616372 0.013898
11 0.256019 0.184315 0.361156 0.013898
4 0.302568 0.200860 0.441413 0.013898
4 0.813002 0.212442 0.303371 0.017207
5 0.144462 0.220715 0.170144 0.013898
9 0.339486 0.237260 0.547352 0.017869
5 0.279294 0.273991 0.414125 0.018531
11 0.201445 0.315354 0.226324 0.013898
1 0.658106 0.316016 0.436597 0.015222
5 0.680578 0.334878 0.478331 0.014560
3 0.227929 0.355063 0.182986 0.013898
8 0.813804 0.355394 0.086677 0.014560
11 0.922151 0.355725 0.049759 0.012574
4 0.302568 0.377234 0.505618 0.014560
8 0.815409 0.379219 0.080257 0.013236
5 0.466292 0.398081 0.146067 0.013898
8 0.815409 0.399735 0.077047 0.013236
11 0.435795 0.424884 0.091493 0.014560
8 0.816212 0.426870 0.081862 0.014560
5 0.479133 0.447386 0.171750 0.017207
8 0.816212 0.447055 0.078652 0.013898
11 0.479133 0.474189 0.168539 0.013898
8 0.815409 0.476506 0.077047 0.014560
11 0.439807 0.513236 0.093098 0.015222
8 0.810594 0.515222 0.102729 0.015222
5 0.463082 0.533091 0.142857 0.013898
8 0.816212 0.536400 0.081862 0.015222
4 0.170144 0.561549 0.227929 0.015222
5 0.521669 0.561880 0.218299 0.017207
4 0.846709 0.561549 0.146067 0.016545
11 0.132424 0.580410 0.155698 0.015884
8 0.588283 0.580079 0.075441 0.015222
8 0.878812 0.581072 0.078652 0.014560
9 0.260835 0.633686 0.415730 0.015222
11 0.104334 0.653210 0.102729 0.014560
2 0.377207 0.651886 0.192616 0.014560
11 0.135634 0.674719 0.162119 0.017869
6 0.294543 0.674719 0.024077 0.013898
5 0.492777 0.702846 0.876404 0.015884
5 0.516051 0.753144 0.810594 0.018531
5 0.518459 0.787558 0.661316 0.015884
5 0.516854 0.807081 0.398074 0.015222
5 0.519262 0.842488 0.643660 0.014560
9 0.518459 0.877234 0.808989 0.017869
5 0.518459 0.899073 0.860353 0.016545
5 0.519262 0.919590 0.239165 0.013898
5 0.519262 0.954004 0.736758 0.017869