0 0.405075 0.205090 0.780075 0.020958
5 0.226504 0.229042 0.415414 0.022455
1 0.354323 0.256737 0.674812 0.025449
5 0.227444 0.279192 0.417293 0.022455
9 0.192669 0.304641 0.351504 0.020958
0 0.273496 0.328593 0.509398 0.022455
4 0.258459 0.353293 0.486842 0.022455
11 0.723684 0.403443 0.052632 0.020958
9 0.292293 0.429641 0.550752 0.022455
3 0.850564 0.427021 0.167293 0.021707
11 0.202068 0.454341 0.186090 0.022455
8 0.814850 0.453219 0.099624 0.021707
4 0.203947 0.504117 0.374060 0.023204
8 0.814850 0.504117 0.103383 0.021707
11 0.065789 0.528443 0.101504 0.022455
8 0.813910 0.528443 0.101504 0.022455
5 0.250000 0.554266 0.466165 0.023204
8 0.814850 0.553518 0.099624 0.021707
5 0.136278 0.577844 0.238722 0.023952
8 0.813910 0.578593 0.101504 0.022455
4 0.053571 0.603293 0.073308 0.022455
11 0.033835 0.627994 0.037594 0.023952
6 0.201128 0.627994 0.056391 0.022455
8 0.498120 0.627994 0.101504 0.023952
8 0.700188 0.627994 0.099624 0.022455
1 0.475564 0.677769 0.511278 0.024701
5 0.459586 0.704341 0.261278 0.020958
5 0.464286 0.729790 0.488722 0.019461
5 0.469925 0.755614 0.684211 0.021707
5 0.475564 0.779940 0.642857 0.022455
5 0.457707 0.806512 0.343985 0.020210
0 0.461466 0.830838 0.806391 0.020958
5 0.469925 0.854790 0.827068 0.022455
9 0.462406 0.882111 0.894737 0.021707
5 0.468985 0.907186 0.686090 0.020958
4 0.462406 0.931138 0.755639 0.022455
11 0.326128 0.958458 0.118421 0.021707
11 0.200188 0.603668 0.099624 0.021707
4 0.476504 0.603668 0.189850 0.021707
4 0.734962 0.603293 0.165414 0.022455
2 0.584586 0.957335 0.191729 0.020958