0 0.449675 0.129412 0.727273 0.023529
9 0.448864 0.158824 0.248377 0.021569
4 0.447240 0.183333 0.472403 0.023529
5 0.447240 0.207843 0.543831 0.019608
5 0.448052 0.231373 0.451299 0.021569
1 0.446429 0.255392 0.548701 0.018627
5 0.445617 0.280882 0.491883 0.022549
11 0.447240 0.302941 0.303571 0.017647
4 0.448864 0.350980 0.300325 0.029412
9 0.094156 0.394118 0.103896 0.021569
1 0.328734 0.394118 0.215909 0.019608
11 0.086039 0.419118 0.081169 0.018627
2 0.308442 0.420098 0.168831 0.020588
11 0.514610 0.417647 0.185065 0.023529
10 0.106331 0.443627 0.128247 0.018627
11 0.268669 0.443137 0.095779 0.017647
5 0.116071 0.469608 0.141234 0.023529
11 0.275162 0.467647 0.112013 0.019608
11 0.081169 0.506863 0.074675 0.021569
11 0.292208 0.508824 0.061688 0.023529
11 0.455357 0.505882 0.079545 0.021569
5 0.693994 0.506373 0.125000 0.020588
7 0.414773 0.550000 0.745130 0.021569
6 0.124188 0.573529 0.160714 0.021569
6 0.309253 0.572549 0.021104 0.019608
8 0.449675 0.574020 0.090909 0.018627
8 0.706169 0.573039 0.090909 0.018627
11 0.820617 0.572059 0.053571 0.018627
8 0.411526 0.607843 0.738636 0.021569
6 0.125000 0.632353 0.162338 0.019608
6 0.307630 0.630882 0.024351 0.016667
8 0.451299 0.630392 0.094156 0.019608
8 0.705357 0.628922 0.089286 0.018627
11 0.819805 0.628431 0.048701 0.019608
5 0.539773 0.672059 0.196429 0.020588
3 0.790584 0.668627 0.116883 0.019608
4 0.544643 0.696569 0.186688 0.022549
8 0.806818 0.694118 0.071429 0.019608
5 0.433442 0.735294 0.237013 0.031373
8 0.761364 0.734314 0.172078 0.027451
5 0.542208 0.779412 0.149351 0.019608
8 0.793019 0.778922 0.108766 0.018627
5 0.554383 0.805392 0.125000 0.022549
8 0.800325 0.802941 0.090909 0.021569
5 0.524351 0.847059 0.175325 0.025490
8 0.806818 0.843627 0.077922 0.020588
4 0.159903 0.888235 0.238636 0.025490
11 0.121753 0.923529 0.168831 0.025490
5 0.437500 0.888235 0.206169 0.021569
8 0.439123 0.920588 0.112013 0.021569
4 0.672890 0.887745 0.144481 0.024510
8 0.673701 0.918137 0.071429 0.020588
5 0.443182 0.961765 0.211039 0.021569
5 0.443994 0.989216 0.378247 0.021569