0 0.506429 0.159149 0.638571 0.023507
5 0.509286 0.186785 0.344286 0.020330
5 0.506429 0.215375 0.338571 0.019060
1 0.503571 0.241105 0.430000 0.019695
5 0.499286 0.266201 0.201429 0.017789
0 0.503571 0.297967 0.498571 0.019060
4 0.505000 0.325921 0.512857 0.020330
4 0.499286 0.360864 0.250000 0.017789
9 0.171429 0.392313 0.205714 0.018424
1 0.438571 0.393901 0.174286 0.016518
11 0.122143 0.420267 0.104286 0.017154
2 0.502143 0.422808 0.298571 0.018424
10 0.162857 0.448539 0.188571 0.017789
6 0.370714 0.449809 0.047143 0.017789
11 0.713571 0.482211 0.070000 0.017789
11 0.872143 0.483482 0.107143 0.020330
5 0.281429 0.507942 0.434286 0.017154
11 0.204286 0.533037 0.208571 0.016518
11 0.370000 0.534625 0.020000 0.012071
8 0.483571 0.533037 0.092857 0.016518
3 0.687143 0.534943 0.114286 0.015248
11 0.894286 0.536849 0.065714 0.016518
11 0.337143 0.562897 0.168571 0.016518
8 0.687143 0.565438 0.117143 0.015248
4 0.262143 0.593393 0.312857 0.017789
8 0.686429 0.596252 0.112857 0.015883
4 0.265714 0.620712 0.297143 0.019060
8 0.685714 0.624524 0.117143 0.015248
11 0.249286 0.651525 0.338571 0.018424
8 0.685714 0.654066 0.117143 0.015883
5 0.325714 0.679161 0.177143 0.019060
8 0.685000 0.680432 0.115714 0.016518
5 0.292143 0.705845 0.241429 0.020330
8 0.702857 0.706163 0.080000 0.017154
11 0.212143 0.734752 0.290000 0.018424
4 0.197143 0.765883 0.254286 0.022236
5 0.495000 0.764612 0.227143 0.018424
4 0.778571 0.766201 0.160000 0.020330
11 0.099286 0.793837 0.055714 0.015883
11 0.265000 0.795426 0.104286 0.020330
8 0.547857 0.794790 0.115714 0.015248
8 0.817857 0.796061 0.078571 0.016518
5 0.478571 0.897395 0.228571 0.018424
5 0.476429 0.919632 0.412857 0.015883