0 0.479193 0.103787 0.390921 0.022578
0 0.476671 0.124545 0.522068 0.023307
5 0.475410 0.151129 0.585120 0.025492
1 0.474149 0.175892 0.489281 0.025492
1 0.477301 0.200655 0.354351 0.019665
9 0.475410 0.223962 0.234552 0.018208
4 0.474149 0.252731 0.393443 0.023307
4 0.474149 0.282229 0.264817 0.024035
1 0.252837 0.311726 0.215637 0.020393
2 0.682219 0.316096 0.295082 0.020393
11 0.244641 0.337218 0.204288 0.018937
9 0.283733 0.368900 0.279950 0.021122
11 0.183480 0.396213 0.051702 0.021850
5 0.320303 0.396941 0.166456 0.020393
11 0.604666 0.399126 0.076923 0.017480
11 0.787516 0.399490 0.079445 0.016752
5 0.470996 0.433722 0.656999 0.021122
1 0.251576 0.458849 0.134931 0.017480
8 0.603405 0.461398 0.084489 0.018208
8 0.778689 0.465040 0.084489 0.018208
5 0.318411 0.491988 0.175284 0.015295
8 0.503153 0.493809 0.080706 0.016023
8 0.791299 0.495994 0.069357 0.016023
5 0.471627 0.513838 0.655738 0.022578
6 0.194199 0.540058 0.015132 0.016752
6 0.269861 0.538966 0.090794 0.017480
8 0.598361 0.542607 0.087011 0.016023
8 0.777427 0.544792 0.084489 0.018937
6 0.191677 0.575382 0.017654 0.017480
11 0.271122 0.577203 0.088272 0.019665
6 0.370113 0.575747 0.023960 0.015295
11 0.488020 0.577932 0.085750 0.015295
8 0.778058 0.579024 0.085750 0.017480
11 0.222573 0.604880 0.139975 0.019665
11 0.617907 0.609250 0.063052 0.019665
8 0.779319 0.610706 0.078184 0.018208
5 0.255359 0.633285 0.203026 0.022578
8 0.785624 0.634741 0.063052 0.019665
4 0.314628 0.662418 0.326608 0.021122
3 0.773644 0.665696 0.087011 0.014567
11 0.198613 0.690095 0.094578 0.018208
8 0.773014 0.695557 0.080706 0.016023
5 0.213115 0.719592 0.126103 0.023307
8 0.783733 0.722141 0.069357 0.015295
4 0.278058 0.752367 0.261034 0.021850
11 0.187894 0.777859 0.085750 0.016023
11 0.291929 0.776766 0.036570 0.021122
5 0.439470 0.780044 0.124842 0.017480
4 0.628625 0.781865 0.071879 0.015295
11 0.779319 0.782957 0.075662 0.018937
11 0.170240 0.809905 0.045397 0.017480
6 0.283102 0.810998 0.051702 0.016752
8 0.453342 0.811726 0.081967 0.019665
8 0.633039 0.814275 0.068096 0.016023
8 0.775536 0.813911 0.083228 0.016752
11 0.181589 0.839403 0.080706 0.016752
8 0.454603 0.841952 0.087011 0.016023
8 0.630517 0.843773 0.060530 0.018208
8 0.771122 0.844137 0.087011 0.017480
5 0.458386 0.892571 0.677175 0.028405
5 0.459647 0.924982 0.639344 0.023307
5 0.461538 0.950473 0.176545 0.021850