9 0.252005 0.042227 0.474599 0.042601
1 0.711230 0.133034 0.224599 0.022422
0 0.516711 0.161435 0.731283 0.019432
11 0.518717 0.184604 0.438503 0.020927
1 0.518048 0.209268 0.744652 0.020927
9 0.329545 0.231689 0.303476 0.017937
9 0.700535 0.232063 0.307487 0.018685
4 0.517380 0.256726 0.483957 0.021674
4 0.488636 0.295590 0.231283 0.018685
9 0.159759 0.333707 0.185829 0.017190
11 0.438503 0.335202 0.262032 0.021674
11 0.109626 0.358371 0.080214 0.017190
2 0.494652 0.358371 0.371658 0.017190
10 0.160428 0.383408 0.181818 0.016442
11 0.359626 0.383408 0.104278 0.017937
5 0.165107 0.408445 0.191176 0.017190
11 0.339572 0.409193 0.061497 0.017190
5 0.171791 0.435725 0.201872 0.016442
2 0.493984 0.436099 0.372995 0.017190
5 0.159759 0.464126 0.183155 0.016442
11 0.362299 0.466368 0.058824 0.019432
5 0.529412 0.464873 0.155080 0.016442
5 0.768048 0.464873 0.129679 0.014948
5 0.219251 0.494021 0.304813 0.019432
6 0.379011 0.524664 0.022727 0.017937
8 0.567513 0.524664 0.073529 0.016442
11 0.807487 0.525411 0.149733 0.019432
5 0.151070 0.565770 0.165775 0.020927
11 0.487299 0.566143 0.220588 0.021674
8 0.783422 0.564275 0.096257 0.017937
4 0.495321 0.598281 0.204545 0.018685
8 0.795455 0.597907 0.072193 0.016442
11 0.455882 0.636024 0.283422 0.020927
3 0.784759 0.635277 0.096257 0.016442
5 0.471925 0.668161 0.251337 0.020927
8 0.793449 0.667414 0.073529 0.016442
11 0.379011 0.705904 0.434492 0.021674
8 0.784759 0.705157 0.096257 0.015695
11 0.108957 0.732810 0.081551 0.017190
11 0.591578 0.735426 0.009358 0.013453
8 0.784759 0.733931 0.096257 0.017937
5 0.131684 0.771300 0.127005 0.020927
11 0.591578 0.771300 0.012032 0.014948
8 0.794786 0.770553 0.073529 0.016442
4 0.169118 0.833333 0.199198 0.017937
11 0.472594 0.832212 0.068182 0.015695
4 0.834893 0.833707 0.153743 0.018685
11 0.137032 0.867713 0.137701 0.017937
6 0.499332 0.867339 0.017380 0.015695
8 0.696524 0.866966 0.080214 0.014948
8 0.881684 0.866592 0.062834 0.015695
5 0.469920 0.951794 0.522727 0.021674
5 0.630348 0.833707 0.207219 0.018685