0 0.476244 0.189122 0.563348 0.015649
1 0.479072 0.207824 0.446833 0.014885
5 0.481900 0.228626 0.495475 0.015267
1 0.489253 0.247137 0.433258 0.015649
5 0.481900 0.265076 0.407240 0.015649
4 0.491516 0.283779 0.512443 0.014885
1 0.501131 0.323855 0.565611 0.014885
11 0.174208 0.362214 0.144796 0.014504
6 0.500566 0.361832 0.123303 0.013740
2 0.824661 0.361641 0.162896 0.011832
5 0.364253 0.400000 0.527149 0.013740
11 0.812217 0.399809 0.187783 0.014885
8 0.262443 0.418893 0.244344 0.014885
5 0.372738 0.437977 0.548643 0.015649
11 0.809955 0.439122 0.185520 0.015649
8 0.273190 0.457634 0.268100 0.013740
5 0.372172 0.477099 0.540724 0.013740
11 0.811086 0.477863 0.185520 0.013740
5 0.361991 0.496183 0.522624 0.014504
11 0.815611 0.496756 0.190045 0.013359
8 0.262443 0.514504 0.246606 0.013740
5 0.369344 0.534733 0.546380 0.014504
11 0.813348 0.535878 0.185520 0.015267
8 0.265271 0.553817 0.245475 0.013740
5 0.374434 0.573473 0.540724 0.014885
11 0.823529 0.573473 0.165158 0.013359
5 0.375000 0.592366 0.546380 0.015267
11 0.821267 0.592939 0.162896 0.014885
8 0.262443 0.612023 0.246606 0.014885
5 0.340498 0.631489 0.484163 0.014885
11 0.811086 0.631679 0.185520 0.015267
8 0.264140 0.649809 0.252262 0.013359
5 0.373869 0.669084 0.544118 0.013740
11 0.820136 0.670802 0.162896 0.013359
5 0.374434 0.688359 0.545249 0.015649
11 0.809955 0.689504 0.183258 0.013359
5 0.371606 0.707824 0.546380 0.016412
11 0.811086 0.709160 0.187783 0.015267
8 0.261312 0.726718 0.246606 0.013740
4 0.400452 0.764695 0.608597 0.014885
5 0.483032 0.784924 0.447964 0.017176
5 0.592195 0.804771 0.229638 0.017176
5 0.611425 0.822328 0.186652 0.014122
5 0.690045 0.841031 0.343891 0.015649
4 0.212104 0.881107 0.227376 0.017176
5 0.518100 0.879389 0.205882 0.013740
4 0.808258 0.880153 0.139140 0.013740
11 0.161765 0.897901 0.126697 0.011832
8 0.562217 0.898473 0.122172 0.015267
8 0.831448 0.898282 0.101810 0.014885
5 0.480204 0.956489 0.562217 0.017557
9 0.489819 0.976145 0.787330 0.017176
8 0.804299 0.764885 0.131222 0.013740
11 0.820701 0.784351 0.084842 0.016031
3 0.801471 0.803435 0.125566 0.014504
8 0.804299 0.822137 0.124434 0.014504
11 0.832579 0.842366 0.065611 0.015267