0 0.513514 0.195010 0.668919 0.025458
1 0.509291 0.221996 0.211149 0.026477
1 0.522804 0.246945 0.775338 0.027495
5 0.504223 0.272403 0.677365 0.025458
1 0.507601 0.297862 0.434122 0.029532
5 0.504223 0.322301 0.173986 0.023422
4 0.516047 0.373727 0.234797 0.026477
4 0.281250 0.400204 0.319257 0.026477
6 0.696791 0.400204 0.261824 0.024440
2 0.190034 0.448065 0.217905 0.022403
11 0.877534 0.448065 0.109797 0.026477
5 0.326014 0.474033 0.489865 0.027495
5 0.507601 0.500509 0.853041 0.023422
1 0.512669 0.525967 0.832770 0.027495
5 0.504223 0.573829 0.255068 0.025458
5 0.200169 0.601833 0.241554 0.024440
3 0.779561 0.601324 0.133446 0.025458
11 0.252534 0.626782 0.349662 0.025458
8 0.782939 0.627291 0.133446 0.024440
11 0.213682 0.652749 0.261824 0.024440
8 0.780405 0.652749 0.135135 0.024440
5 0.197635 0.678208 0.243243 0.024440
8 0.779561 0.677699 0.136824 0.025458
5 0.498311 0.704175 0.746622 0.025458
11 0.315034 0.756110 0.467905 0.025458
8 0.778716 0.755092 0.125000 0.023422
5 0.380068 0.780550 0.597973 0.025458
5 0.195101 0.808045 0.238176 0.025458
6 0.455236 0.808045 0.238176 0.023422
5 0.209459 0.832994 0.256757 0.026477
6 0.498311 0.833503 0.280405 0.027495
5 0.517736 0.863035 0.285473 0.029532
5 0.521959 0.911405 0.199324 0.028513
5 0.514358 0.937373 0.326014 0.027495
9 0.504223 0.963340 0.427365 0.026477