6 0.460326 0.133230 0.120652 0.038362
0 0.422826 0.185588 0.636957 0.022810
1 0.412500 0.208139 0.175000 0.021255
5 0.424457 0.230949 0.435870 0.019181
5 0.430435 0.254277 0.760870 0.018144
1 0.430978 0.278642 0.753261 0.019181
5 0.421196 0.299378 0.168478 0.020218
4 0.430435 0.322188 0.495652 0.020218
5 0.433152 0.344997 0.777174 0.021255
11 0.435870 0.368844 0.417391 0.021255
4 0.433152 0.392172 0.227174 0.020218
5 0.440761 0.438310 0.198913 0.024365
9 0.247826 0.482893 0.395652 0.021255
2 0.323913 0.506739 0.547826 0.021255
11 0.692391 0.506480 0.156522 0.022810
5 0.133152 0.529808 0.170652 0.022810
11 0.761957 0.528512 0.110870 0.020218
5 0.220652 0.551840 0.250000 0.019181
8 0.765761 0.551322 0.096739 0.016071
5 0.214130 0.575168 0.182609 0.020218
5 0.221196 0.599533 0.177174 0.021255
5 0.201087 0.621825 0.213043 0.021255
8 0.768478 0.619751 0.082609 0.019181
5 0.192935 0.642820 0.201087 0.022810
8 0.759239 0.643079 0.096739 0.018144
5 0.348370 0.665889 0.431522 0.021255
5 0.289130 0.688699 0.313043 0.021255
4 0.285326 0.734578 0.466304 0.024883
3 0.760870 0.733800 0.108696 0.017107
11 0.182609 0.756610 0.269565 0.021255
8 0.759783 0.758165 0.106522 0.020218
5 0.188587 0.780197 0.272826 0.023847
8 0.755435 0.780715 0.108696 0.013478
5 0.117391 0.804821 0.130435 0.021255
8 0.769022 0.804562 0.088043 0.022810
4 0.255978 0.847330 0.411957 0.020218
8 0.771196 0.848108 0.092391 0.023847
5 0.418478 0.915500 0.628261 0.024883
11 0.430978 0.937273 0.729348 0.023847