0 0.500709 0.155699 0.856738 0.022388
4 0.493617 0.183514 0.536170 0.022388
4 0.495745 0.210651 0.231206 0.019674
1 0.494326 0.239145 0.486525 0.022388
5 0.283688 0.291384 0.405674 0.022388
6 0.146099 0.317843 0.124823 0.018318
11 0.113475 0.344640 0.025532 0.017639
8 0.602837 0.320896 0.272340 0.020353
8 0.878723 0.320556 0.114894 0.018318
5 0.173759 0.401628 0.188652 0.023066
11 0.598582 0.401967 0.312057 0.019674
6 0.878014 0.401289 0.017021 0.018318
11 0.186525 0.454545 0.208511 0.020353
11 0.122695 0.481004 0.089362 0.017639
3 0.820567 0.454545 0.211348 0.018996
8 0.836170 0.481682 0.106383 0.017639
5 0.207801 0.535278 0.251064 0.018996
8 0.843262 0.536974 0.165957 0.018318
4 0.239007 0.590909 0.313475 0.023066
4 0.145390 0.615672 0.129078 0.018318
4 0.237589 0.644505 0.310638 0.023066
4 0.145390 0.670285 0.129078 0.020353
8 0.835461 0.589891 0.110638 0.018318
8 0.846099 0.616689 0.086525 0.017639
8 0.844681 0.644166 0.086525 0.016961
8 0.846099 0.670963 0.083688 0.017639
1 0.504965 0.725237 0.465248 0.018996
5 0.505674 0.752374 0.594326 0.020353
11 0.131915 0.806988 0.104965 0.021031
2 0.317021 0.806309 0.208511 0.019674
11 0.587234 0.806309 0.249645 0.019674
10 0.218440 0.832090 0.278014 0.018318
11 0.110638 0.858887 0.062411 0.018996
11 0.240426 0.859227 0.106383 0.018318
11 0.357447 0.859905 0.042553 0.018318
9 0.568085 0.859566 0.293617 0.020353