0 0.498311 0.175683 0.471847 0.023761
1 0.488739 0.200961 0.324324 0.020728
1 0.488739 0.228261 0.695946 0.023761
5 0.484797 0.253539 0.654279 0.023761
1 0.497748 0.279323 0.637387 0.021739
4 0.487613 0.305106 0.527027 0.022750
5 0.487613 0.331648 0.315315 0.024267
4 0.488176 0.353893 0.284910 0.018200
5 0.497185 0.405966 0.850225 0.021234
11 0.194820 0.429474 0.238739 0.021739
6 0.211149 0.455005 0.282658 0.021234
11 0.573198 0.456269 0.072072 0.019717
5 0.348536 0.481294 0.552928 0.020222
11 0.897523 0.483316 0.049550 0.018200
11 0.211149 0.506067 0.282658 0.020222
6 0.146959 0.532356 0.154279 0.020222
11 0.570946 0.533114 0.072072 0.021739
5 0.193131 0.584934 0.239865 0.022245
5 0.813626 0.587209 0.217342 0.025784
4 0.265203 0.634479 0.390766 0.020222
3 0.845721 0.635238 0.159910 0.019717
11 0.115991 0.659505 0.094595 0.019717
8 0.831644 0.661021 0.176802 0.019717
5 0.139640 0.684277 0.130631 0.020728
8 0.833896 0.686299 0.176802 0.020728
4 0.334459 0.734580 0.536036 0.022245
2 0.324324 0.785389 0.515766 0.021739
5 0.345721 0.811173 0.549550 0.021739
5 0.483108 0.861729 0.583333 0.021739
9 0.480856 0.887513 0.405405 0.019717
5 0.490428 0.912791 0.507883 0.021739
8 0.834459 0.457027 0.092342 0.020222
8 0.832207 0.534125 0.094595 0.020728
8 0.778153 0.736603 0.155405 0.021234
9 0.778153 0.786400 0.281532 0.019717
8 0.684685 0.456522 0.094595 0.019211
8 0.684122 0.534125 0.093468 0.019717