0 0.491918 0.130000 0.641164 0.019149
9 0.494073 0.147872 0.270474 0.015745
1 0.491918 0.167447 0.440733 0.014894
1 0.495151 0.187872 0.501078 0.015745
9 0.310345 0.219149 0.316810 0.014468
9 0.674030 0.220638 0.317888 0.015745
4 0.491918 0.241064 0.404095 0.015745
4 0.489763 0.265957 0.255388 0.016170
5 0.101832 0.283404 0.117457 0.012766
5 0.318427 0.305532 0.548491 0.014468
5 0.223060 0.324468 0.357759 0.014043
1 0.217672 0.342340 0.351293 0.014043
5 0.232220 0.362766 0.373922 0.014043
9 0.154095 0.383404 0.221983 0.014468
5 0.110453 0.402128 0.130388 0.012766
11 0.278017 0.403617 0.012931 0.011489
9 0.413254 0.403830 0.218750 0.014468
2 0.792565 0.403830 0.296336 0.015319
10 0.108836 0.424681 0.131466 0.013617
11 0.276940 0.424681 0.015086 0.011064
11 0.354526 0.424255 0.103448 0.013617
11 0.768858 0.425957 0.257543 0.013617
5 0.146013 0.446170 0.205819 0.015745
11 0.276940 0.447234 0.010776 0.010213
11 0.691272 0.446383 0.085129 0.013617
11 0.074353 0.489787 0.068966 0.011915
11 0.331358 0.491702 0.059267 0.013191
5 0.464440 0.490851 0.105603 0.011489
4 0.607759 0.476809 0.090517 0.013191
4 0.796875 0.477872 0.089440 0.013617
5 0.608297 0.490638 0.106681 0.011064
5 0.780711 0.491064 0.119612 0.011064
4 0.917565 0.492128 0.054957 0.011489
6 0.115841 0.507021 0.070043 0.010638
5 0.159483 0.528511 0.232759 0.015319
6 0.331358 0.507660 0.018319 0.010213
8 0.467672 0.507447 0.077586 0.011489
8 0.608836 0.508511 0.079741 0.011064
8 0.795797 0.509574 0.093750 0.010638
11 0.925108 0.509362 0.042026 0.011064
6 0.098060 0.550213 0.105603 0.011915
5 0.163254 0.570851 0.238147 0.014043
6 0.330819 0.550213 0.021552 0.011064
8 0.467672 0.550426 0.062500 0.012340
8 0.609375 0.551277 0.065733 0.010638
8 0.803341 0.551702 0.082974 0.012340
11 0.926185 0.552553 0.042026 0.010638
6 0.096983 0.592979 0.103448 0.012340
11 0.093211 0.612553 0.106681 0.012340
6 0.330280 0.592979 0.033405 0.012340
8 0.468211 0.594043 0.078664 0.011915
8 0.610453 0.594043 0.076509 0.011064
8 0.792565 0.594255 0.100216 0.011489
11 0.924569 0.594468 0.045259 0.011064
11 0.164871 0.634468 0.155172 0.017021
6 0.331897 0.634043 0.045259 0.011915
3 0.789871 0.635532 0.112069 0.013191
4 0.396552 0.668936 0.450431 0.017872
11 0.652478 0.669362 0.011853 0.010213
8 0.789332 0.668936 0.113147 0.012766
5 0.554957 0.692766 0.146552 0.014468
11 0.654095 0.694468 0.010776 0.010213
8 0.810345 0.694043 0.075431 0.012766
4 0.540948 0.716596 0.165948 0.013617
11 0.654095 0.719362 0.010776 0.010638
8 0.801185 0.717234 0.100216 0.014043
5 0.548491 0.742979 0.150862 0.017021
11 0.654095 0.742766 0.015086 0.011489
8 0.810345 0.742553 0.073276 0.011915
4 0.365841 0.767021 0.524784 0.016596
11 0.654634 0.768511 0.009698 0.009362
8 0.789332 0.767872 0.113147 0.011489
11 0.572737 0.791489 0.104526 0.013617
11 0.654095 0.794043 0.012931 0.011064
8 0.789871 0.792766 0.118534 0.014468
5 0.553879 0.812553 0.140086 0.016596
11 0.654095 0.812340 0.012931 0.011064
8 0.810884 0.810851 0.078664 0.012340
4 0.244073 0.853617 0.279095 0.012766
4 0.195043 0.877234 0.165948 0.013191
11 0.394935 0.877660 0.033405 0.014043
11 0.586746 0.878511 0.160560 0.015745
4 0.827586 0.879149 0.159483 0.014468
11 0.140625 0.895957 0.054957 0.011489
6 0.396013 0.896170 0.022629 0.012766
8 0.610991 0.896809 0.116379 0.012340
8 0.858836 0.898511 0.094828 0.013191
11 0.376078 0.917234 0.114224 0.014894
8 0.607759 0.917872 0.116379 0.013617
8 0.859375 0.918723 0.093750 0.011064
5 0.491379 0.953191 0.784483 0.014468