0 0.465531 0.064139 0.208224 0.010832
1 0.462407 0.076824 0.069744 0.011688
5 0.460593 0.090222 0.196735 0.012258
1 0.463919 0.102765 0.246926 0.012258
11 0.461500 0.114595 0.129208 0.011403
4 0.457367 0.127566 0.151179 0.010832
2 0.390042 0.152509 0.114896 0.011688
11 0.343177 0.166334 0.023584 0.011973
9 0.551502 0.153649 0.099174 0.011117
5 0.580830 0.166192 0.043741 0.009407
6 0.335315 0.190849 0.007861 0.010262
6 0.335315 0.203107 0.009877 0.010832
6 0.335517 0.215650 0.007458 0.010547
6 0.335114 0.228478 0.010280 0.010547
6 0.334509 0.241163 0.009071 0.010832
5 0.450111 0.190849 0.136666 0.011403
5 0.417960 0.203535 0.073977 0.010262
5 0.410300 0.216220 0.059061 0.009977
5 0.446886 0.229262 0.142310 0.011830
5 0.419976 0.241591 0.079218 0.010547
11 0.591010 0.191135 0.051602 0.009692
11 0.593026 0.204176 0.042330 0.011260
11 0.594336 0.217004 0.043741 0.010690
11 0.593328 0.229618 0.042532 0.011117
11 0.594336 0.242446 0.044547 0.009977
6 0.334308 0.266534 0.010280 0.010262
11 0.415541 0.267318 0.072768 0.011830
3 0.564705 0.267246 0.071155 0.010547
11 0.394477 0.279219 0.031445 0.009977
8 0.579823 0.280217 0.044144 0.010262
5 0.424914 0.292189 0.093933 0.012258
8 0.563697 0.291904 0.071155 0.013398
4 0.460189 0.317560 0.164483 0.011688
5 0.468454 0.343928 0.137069 0.013113
5 0.468857 0.356186 0.252772 0.011973
4 0.367869 0.393672 0.082241 0.011403
4 0.357287 0.406214 0.058254 0.012258
5 0.370893 0.418757 0.087482 0.010262
5 0.451119 0.443985 0.248740 0.011117
5 0.393167 0.457668 0.091312 0.011117
5 0.440738 0.469498 0.228785 0.011403
4 0.471679 0.483181 0.251965 0.011688
11 0.374723 0.520097 0.099174 0.011403
11 0.350333 0.532640 0.051199 0.011403
5 0.425116 0.166477 0.085870 0.011117
5 0.505039 0.393957 0.044144 0.009692
4 0.586676 0.393387 0.023987 0.010262
8 0.508970 0.406784 0.036283 0.010262
8 0.583955 0.406784 0.030236 0.010262
8 0.511792 0.419185 0.029833 0.010547
8 0.582544 0.419612 0.029833 0.010832
9 0.501613 0.533495 0.156219 0.011973