5 0.461373 0.056467 0.562232 0.024227
0 0.483906 0.087402 0.703863 0.026463
0 0.465129 0.112001 0.417382 0.015281
4 0.464056 0.131196 0.610515 0.014909
1 0.462983 0.150019 0.803648 0.013791
1 0.466202 0.168654 0.666309 0.013791
1 0.452790 0.186545 0.360515 0.012300
11 0.473712 0.223258 0.543991 0.014163
2 0.206545 0.259784 0.333691 0.014909
9 0.679185 0.260716 0.478541 0.013791
5 0.170064 0.279538 0.260730 0.013418
1 0.664700 0.279538 0.307940 0.013418
9 0.432940 0.315878 0.696352 0.012300
2 0.405579 0.334327 0.497854 0.012672
5 0.170064 0.371599 0.258584 0.014163
5 0.773605 0.371226 0.133047 0.011927
5 0.249464 0.407939 0.425966 0.013791
6 0.229614 0.426388 0.238197 0.012672
11 0.834764 0.425270 0.158798 0.014163
5 0.287554 0.445397 0.500000 0.014909
5 0.332082 0.481923 0.591202 0.014909
11 0.835837 0.481923 0.167382 0.014163
5 0.239807 0.501118 0.355150 0.013045
8 0.811159 0.500559 0.120172 0.011927
5 0.280579 0.518822 0.475322 0.013418
11 0.834227 0.518077 0.174893 0.012672
5 0.241953 0.537085 0.353004 0.014909
8 0.811159 0.537272 0.113734 0.012300
4 0.289163 0.573984 0.507511 0.014163
8 0.810086 0.574171 0.118026 0.013791
5 0.182403 0.592620 0.285408 0.014163
8 0.819742 0.592620 0.092275 0.011927
11 0.135193 0.611070 0.188841 0.013791
3 0.810086 0.610883 0.115880 0.013418
11 0.086373 0.629519 0.093348 0.014163
8 0.798283 0.629333 0.137339 0.012300
5 0.112661 0.648155 0.143777 0.013418
8 0.821352 0.648155 0.095494 0.011927
5 0.160944 0.684495 0.236052 0.013791
6 0.856223 0.683936 0.025751 0.013418
4 0.170064 0.703131 0.260730 0.013791
5 0.476395 0.702199 0.251073 0.014909
4 0.772532 0.703131 0.184549 0.014536
11 0.111588 0.720649 0.141631 0.013791
8 0.546674 0.720462 0.114807 0.012672
8 0.820279 0.720089 0.091202 0.012672
11 0.112661 0.738166 0.145923 0.013791
8 0.553112 0.738725 0.114807 0.012672
8 0.820279 0.738725 0.091202 0.011927
11 0.194206 0.774879 0.306867 0.014909
8 0.810622 0.774879 0.112661 0.011182
5 0.468884 0.811405 0.566524 0.015654
5 0.480150 0.829296 0.646996 0.014163
5 0.473176 0.847931 0.673820 0.014909
5 0.470494 0.866940 0.438841 0.013418
5 0.464056 0.885017 0.576180 0.012300
5 0.465665 0.904212 0.585837 0.013418