0 0.462151 0.234100 0.557769 0.031418
5 0.473440 0.269349 0.540505 0.036015
5 0.464807 0.296935 0.281541 0.026820
1 0.472112 0.329119 0.423639 0.029885
5 0.460159 0.360536 0.444887 0.028352
4 0.472112 0.391954 0.505976 0.031418
1 0.476760 0.457854 0.565737 0.028352
11 0.146746 0.520690 0.152722 0.023755
6 0.478752 0.522222 0.128818 0.025287
2 0.796149 0.525287 0.155378 0.023755
5 0.305445 0.583525 0.459495 0.029885
3 0.783533 0.585441 0.185923 0.029119
4 0.376494 0.649808 0.596282 0.024521
8 0.781541 0.649042 0.107570 0.026054
5 0.601594 0.681992 0.148738 0.026054
8 0.779548 0.680077 0.100930 0.026820
5 0.579681 0.709962 0.187251 0.026820
11 0.799469 0.711877 0.063745 0.027586
4 0.185259 0.777011 0.221780 0.030651
5 0.492032 0.774330 0.205843 0.026820
4 0.782205 0.773946 0.143426 0.024521
11 0.134130 0.808429 0.130146 0.022989
8 0.542497 0.805364 0.099602 0.024521
11 0.818725 0.806897 0.073041 0.024521
5 0.450199 0.903831 0.568393 0.028352
9 0.458167 0.935632 0.786189 0.026054