5 0.463675 0.104597 0.561966 0.031895
0 0.485577 0.144700 0.714744 0.034240
0 0.465278 0.175657 0.419872 0.020169
4 0.464209 0.200516 0.605769 0.020169
1 0.464209 0.223734 0.802350 0.019700
1 0.464744 0.246951 0.658120 0.019231
5 0.455128 0.271107 0.455128 0.019700
9 0.467415 0.318246 0.473291 0.020169
2 0.206197 0.363743 0.322650 0.018293
9 0.680021 0.364916 0.473291 0.018762
5 0.190705 0.387664 0.304487 0.018293
1 0.655983 0.389071 0.284188 0.018293
5 0.168803 0.434334 0.256410 0.017824
5 0.772436 0.435507 0.136752 0.016417
5 0.229167 0.480300 0.379274 0.017824
11 0.846154 0.481942 0.136752 0.015478
11 0.181090 0.504221 0.278846 0.018762
11 0.844551 0.506098 0.144231 0.016886
4 0.288996 0.551126 0.496795 0.018762
3 0.808226 0.552298 0.116453 0.016417
11 0.087073 0.575516 0.095085 0.018762
8 0.796474 0.576454 0.142094 0.018762
5 0.158120 0.621248 0.230769 0.017355
6 0.857372 0.623827 0.028846 0.018762
4 0.167735 0.644231 0.258547 0.018293
5 0.478098 0.645872 0.255342 0.016886
4 0.771902 0.646811 0.182692 0.017824
11 0.112714 0.668152 0.144231 0.017355
8 0.550748 0.668386 0.114316 0.016886
8 0.821581 0.670028 0.096154 0.015478
11 0.193910 0.714822 0.308761 0.019700
8 0.818910 0.716229 0.088675 0.015009
5 0.466346 0.761023 0.573718 0.018293
5 0.474893 0.784475 0.639957 0.019231
5 0.472756 0.807458 0.676282 0.020169
5 0.463141 0.830910 0.422009 0.015478
5 0.466346 0.853659 0.563034 0.019700
5 0.465812 0.878049 0.564103 0.017824