0 0.475926 0.238220 0.268519 0.011780
2 0.476389 0.249346 0.097222 0.007853
1 0.476389 0.262107 0.063889 0.009817
1 0.475926 0.273233 0.231481 0.009817
1 0.475000 0.285013 0.174074 0.009817
4 0.475000 0.296139 0.074074 0.009817
9 0.411111 0.307264 0.162963 0.008508
11 0.340278 0.323298 0.023148 0.007853
11 0.432870 0.324280 0.019444 0.009817
11 0.609259 0.323626 0.027778 0.008508
9 0.402778 0.337042 0.148148 0.007853
8 0.343519 0.350131 0.029630 0.009162
6 0.426389 0.350785 0.004630 0.007853
8 0.606481 0.350785 0.031481 0.007853
9 0.399537 0.368128 0.141667 0.009817
8 0.342593 0.381217 0.029630 0.009817
6 0.425463 0.380890 0.006481 0.007853
8 0.605556 0.381217 0.029630 0.008508
3 0.567130 0.401832 0.106481 0.009162
4 0.575463 0.414267 0.095370 0.010471
3 0.577315 0.425720 0.086111 0.008508
5 0.366667 0.442081 0.077778 0.009817
5 0.600000 0.442081 0.040741 0.007199
11 0.344444 0.454843 0.033333 0.007853
8 0.604630 0.455497 0.029630 0.007853
5 0.348148 0.467605 0.042593 0.009817
8 0.605093 0.467605 0.030556 0.008508
4 0.360185 0.495746 0.066667 0.008508
5 0.500926 0.495746 0.044444 0.009817
4 0.605556 0.496401 0.027778 0.008508
4 0.360648 0.508508 0.069444 0.007853
8 0.514352 0.508508 0.017593 0.006545
8 0.609722 0.508835 0.019444 0.007199
4 0.471296 0.527160 0.140741 0.008508
5 0.471296 0.539267 0.190741 0.010471
4 0.470833 0.550720 0.125000 0.009817
5 0.470370 0.562827 0.138889 0.010471
5 0.470370 0.573953 0.172222 0.009162
5 0.470833 0.586387 0.150926 0.010471