6 0.108943 0.035446 0.178862 0.025779
0 0.504878 0.155747 0.518699 0.021482
1 0.503252 0.183673 0.160976 0.021482
11 0.500813 0.206767 0.588618 0.022556
5 0.505691 0.230397 0.383740 0.022556
1 0.507317 0.255639 0.578862 0.019334
5 0.508130 0.280881 0.229268 0.020408
4 0.507317 0.307734 0.403252 0.022556
4 0.504878 0.342105 0.193496 0.022556
2 0.260976 0.371643 0.154472 0.019334
1 0.706504 0.374329 0.216260 0.022556
11 0.637398 0.425886 0.055285 0.022556
4 0.704878 0.422127 0.056911 0.019334
11 0.824390 0.422127 0.048780 0.019334
9 0.372358 0.447905 0.396748 0.023631
6 0.643902 0.445757 0.048780 0.019334
11 0.711382 0.446831 0.040650 0.019334
8 0.811382 0.446831 0.078049 0.019334
5 0.365854 0.472073 0.393496 0.024705
5 0.368293 0.509667 0.395122 0.022556
6 0.645528 0.506982 0.016260 0.017186
11 0.709756 0.506982 0.047154 0.021482
8 0.808943 0.507519 0.086179 0.020408
11 0.313008 0.531686 0.235772 0.023631
4 0.408130 0.582707 0.403252 0.020408
3 0.773171 0.581633 0.076423 0.020408
5 0.446341 0.619764 0.317073 0.021482
11 0.460976 0.654672 0.284553 0.020408
8 0.769106 0.653061 0.084553 0.019334
5 0.504065 0.687970 0.191870 0.020408
8 0.763415 0.688507 0.089431 0.019334
5 0.536585 0.725564 0.130081 0.022556
8 0.773171 0.723953 0.073171 0.019334
11 0.469106 0.761547 0.258537 0.023631
6 0.784553 0.762084 0.043902 0.018260
4 0.303252 0.816864 0.209756 0.022556
5 0.521951 0.815252 0.107317 0.019334
4 0.743902 0.814715 0.056911 0.020408
11 0.542276 0.841031 0.069919 0.021482
11 0.737398 0.840494 0.073171 0.020408
11 0.256911 0.872718 0.117073 0.020408
8 0.548780 0.872180 0.076423 0.019334
8 0.739837 0.873255 0.061789 0.017186
11 0.232520 0.900644 0.071545 0.018260
8 0.550407 0.899033 0.076423 0.019334
8 0.739024 0.899033 0.060163 0.019334
5 0.484553 0.943609 0.191870 0.018260
5 0.494309 0.968314 0.481301 0.016112