0 0.495021 0.096973 0.571835 0.022422
0 0.504267 0.117433 0.453770 0.018498
1 0.493599 0.138173 0.477952 0.018498
9 0.493599 0.157511 0.389758 0.017937
4 0.492888 0.177410 0.482219 0.017377
5 0.493599 0.217209 0.162162 0.017377
4 0.494310 0.256446 0.251778 0.017377
2 0.496444 0.317545 0.708393 0.020740
9 0.359175 0.335482 0.431010 0.016256
6 0.293030 0.375841 0.293030 0.017377
5 0.360597 0.396300 0.431010 0.017937
11 0.404694 0.415639 0.209104 0.017377
11 0.783073 0.415078 0.180654 0.017377
6 0.291607 0.435818 0.293030 0.017377
5 0.349218 0.455717 0.408250 0.017937
11 0.404694 0.474215 0.206259 0.016816
11 0.781650 0.473935 0.180654 0.018498
4 0.381935 0.514574 0.470839 0.019058
3 0.768848 0.513453 0.118065 0.017937
11 0.202703 0.562220 0.112376 0.031390
11 0.734708 0.561099 0.183499 0.031390
11 0.282361 0.588285 0.089616 0.016256
8 0.768137 0.588565 0.113798 0.016816
5 0.305832 0.636771 0.136558 0.031390
8 0.768848 0.635930 0.112376 0.033072
5 0.408250 0.690863 0.338549 0.033072
4 0.240398 0.777747 0.184922 0.018498
11 0.541252 0.778027 0.155050 0.020179
4 0.744666 0.777466 0.155050 0.021300
4 0.285917 0.818946 0.270270 0.020179
8 0.568279 0.836603 0.115220 0.018498
8 0.785206 0.836043 0.096728 0.017377
5 0.523471 0.914798 0.247511 0.019058
5 0.503556 0.935538 0.432432 0.017937