0 0.456545 0.075260 0.174893 0.019271
1 0.453863 0.099740 0.581545 0.021354
5 0.445279 0.123958 0.414163 0.019792
1 0.444742 0.146354 0.344421 0.020833
11 0.447961 0.169792 0.378755 0.020833
4 0.456545 0.192448 0.363734 0.019271
9 0.092811 0.299219 0.170601 0.021354
11 0.349249 0.293490 0.305794 0.031771
2 0.163090 0.321094 0.309013 0.019271
11 0.410408 0.321354 0.149142 0.018750
5 0.836373 0.302865 0.136266 0.019271
5 0.139485 0.367448 0.270386 0.019271
5 0.125536 0.391146 0.186695 0.021875
5 0.178648 0.414583 0.346567 0.017708
5 0.136266 0.436979 0.206009 0.018750
5 0.086373 0.460417 0.108369 0.017708
5 0.099249 0.483333 0.129828 0.016667
5 0.126073 0.507552 0.185622 0.019271
5 0.189378 0.530208 0.361588 0.020833
5 0.126073 0.553125 0.185622 0.019792
6 0.701717 0.367969 0.017167 0.018229
6 0.701717 0.414323 0.017167 0.018229
6 0.702790 0.530729 0.015021 0.020833
11 0.844957 0.369010 0.119099 0.019271
11 0.842275 0.414844 0.118026 0.019271
11 0.845494 0.485156 0.118026 0.019271
11 0.842811 0.530729 0.119099 0.018750
11 0.549356 0.616146 0.210300 0.020833
3 0.785408 0.608594 0.227468 0.033854
4 0.338519 0.658333 0.664163 0.025000
11 0.615343 0.705208 0.078326 0.021875
5 0.595494 0.727604 0.113734 0.019792
11 0.834764 0.704688 0.130901 0.018750
11 0.842275 0.727865 0.118026 0.019271
5 0.442597 0.772135 0.185622 0.018229
5 0.440987 0.795052 0.379828 0.020313
5 0.454936 0.819010 0.362661 0.021354
11 0.452790 0.842187 0.021459 0.015625
5 0.455472 0.865104 0.368026 0.019792
5 0.441524 0.887500 0.537554 0.020833
2 0.171137 0.929948 0.331545 0.017188
5 0.406116 0.930469 0.091202 0.016146
11 0.619635 0.931510 0.172747 0.016146