0 0.456481 0.226916 0.268519 0.009823
2 0.457407 0.237394 0.100000 0.008513
1 0.456944 0.250164 0.062037 0.010478
1 0.456944 0.261952 0.232407 0.010478
1 0.456019 0.273739 0.176852 0.010478
4 0.456019 0.284545 0.076852 0.008513
9 0.392130 0.295350 0.165741 0.009168
11 0.321296 0.312050 0.025926 0.008513
11 0.413426 0.313032 0.021296 0.010478
11 0.590741 0.312377 0.029630 0.009168
9 0.381019 0.326457 0.143519 0.009823
8 0.324537 0.338572 0.030556 0.009168
6 0.406481 0.339227 0.007407 0.009168
8 0.587500 0.339227 0.030556 0.009168
9 0.374074 0.356254 0.131481 0.009168
8 0.324537 0.370007 0.030556 0.009168
6 0.406481 0.369679 0.007407 0.008513
8 0.587037 0.370334 0.029630 0.009823
3 0.548611 0.390308 0.106481 0.009168
4 0.556481 0.402750 0.094444 0.010478
3 0.558796 0.413883 0.087963 0.009168
5 0.347685 0.431238 0.080556 0.009823
5 0.581481 0.430910 0.044444 0.007859
11 0.325463 0.444008 0.036111 0.009168
8 0.587037 0.444008 0.029630 0.009168
5 0.329630 0.456451 0.042593 0.010478
8 0.586574 0.455468 0.030556 0.009823
4 0.341667 0.484610 0.070370 0.009168
5 0.483333 0.484938 0.048148 0.008513
4 0.587037 0.485265 0.031481 0.009168
4 0.341667 0.498035 0.070370 0.008513
8 0.496296 0.497380 0.020370 0.007204
8 0.592593 0.497708 0.022222 0.007859
4 0.453704 0.515717 0.140741 0.008513
5 0.453704 0.527505 0.192593 0.011133
4 0.453704 0.539620 0.129630 0.010478
5 0.453704 0.551081 0.142593 0.011133
5 0.453241 0.562213 0.175000 0.009823
5 0.452778 0.574984 0.153704 0.010478