0 0.482587 0.118220 0.350746 0.014835
11 0.482587 0.136764 0.169154 0.016690
5 0.483209 0.173389 0.376866 0.014835
1 0.483831 0.192397 0.353234 0.013908
5 0.483831 0.210941 0.211443 0.014835
1 0.483831 0.229022 0.318408 0.013908
4 0.491294 0.247798 0.370647 0.013445
4 0.496269 0.291609 0.196517 0.024108
9 0.378109 0.331943 0.462687 0.014835
2 0.662935 0.349791 0.246269 0.015299
11 0.636194 0.369263 0.197761 0.014372
9 0.292289 0.387807 0.286070 0.014372
5 0.593905 0.387575 0.108209 0.014835
6 0.796020 0.387575 0.087065 0.013908
5 0.248134 0.424896 0.197761 0.016226
5 0.748134 0.423505 0.160448 0.014372
9 0.328358 0.478906 0.358209 0.016690
11 0.754975 0.478906 0.144279 0.013908
9 0.327736 0.518081 0.354478 0.014372
11 0.757463 0.515994 0.144279 0.014835
9 0.334577 0.554706 0.360697 0.016226
11 0.765547 0.554242 0.120647 0.016226
9 0.419776 0.591794 0.541045 0.014372
6 0.302861 0.609875 0.195274 0.015299
8 0.735075 0.610338 0.084577 0.014372
11 0.846393 0.608484 0.036070 0.015299
4 0.379353 0.665044 0.445274 0.016226
3 0.731965 0.665971 0.093284 0.014372
5 0.266169 0.684979 0.231343 0.015299
8 0.741915 0.683588 0.073383 0.014372
11 0.270522 0.703987 0.232587 0.014372
8 0.732587 0.702364 0.087065 0.014835
11 0.191542 0.741771 0.074627 0.014835
8 0.728234 0.740148 0.108209 0.016226
4 0.179104 0.798563 0.054726 0.016226
6 0.404851 0.797636 0.036070 0.013445
8 0.574627 0.796013 0.087065 0.014835
8 0.743159 0.797867 0.070896 0.016690
4 0.276119 0.815716 0.248756 0.013445
8 0.735075 0.814789 0.087065 0.013445
5 0.263060 0.853268 0.215174 0.016226
6 0.770522 0.852341 0.021144 0.015299
5 0.504975 0.928836 0.514925 0.016226
11 0.261194 0.797636 0.034826 0.014372