0 0.503772 0.120590 0.451509 0.024375
5 0.491918 0.152983 0.320043 0.026299
9 0.507004 0.185375 0.294181 0.025657
5 0.492457 0.215523 0.463362 0.023092
1 0.487608 0.242142 0.550647 0.022450
1 0.478448 0.268762 0.176724 0.021809
9 0.510237 0.312059 0.179957 0.026299
9 0.116379 0.387428 0.148707 0.021809
1 0.279634 0.388711 0.126078 0.021809
10 0.621767 0.389673 0.288793 0.023733
5 0.121228 0.413406 0.173491 0.022450
11 0.080280 0.440346 0.093750 0.019885
11 0.157328 0.442912 0.012931 0.014753
2 0.391703 0.441309 0.395474 0.021809
11 0.146013 0.479474 0.218750 0.040411
11 0.367457 0.484926 0.019397 0.028223
11 0.120151 0.542656 0.080819 0.020526
11 0.332974 0.543297 0.062500 0.020526
11 0.494073 0.542976 0.134698 0.021167
11 0.679957 0.544901 0.137931 0.022450
11 0.865302 0.543938 0.135776 0.023092
5 0.355603 0.593650 0.558190 0.022450
6 0.445582 0.621232 0.022629 0.021167
8 0.612608 0.622194 0.087284 0.020526
8 0.810884 0.621552 0.091595 0.019243
6 0.933728 0.622194 0.029095 0.021809
11 0.399246 0.673509 0.550647 0.021809
3 0.833513 0.672547 0.179957 0.023733
5 0.279634 0.701090 0.311422 0.024375
8 0.846444 0.700128 0.158405 0.021167
11 0.245151 0.725786 0.242457 0.022450
8 0.835668 0.726748 0.182112 0.023092
5 0.355065 0.753368 0.464440 0.025016
8 0.843750 0.753047 0.157328 0.021809
11 0.220905 0.813983 0.202586 0.037203
8 0.775862 0.815266 0.325431 0.037203
11 0.199353 0.863695 0.163793 0.036562
8 0.775862 0.863374 0.327586 0.035920
5 0.242457 0.911161 0.250000 0.036562
8 0.774246 0.912123 0.328664 0.035920
5 0.566810 0.479153 0.262931 0.042335
6 0.763470 0.481078 0.031250 0.039769