5 0.463206 0.090485 0.553219 0.029189
0 0.486859 0.129889 0.689882 0.030940
0 0.461235 0.159370 0.407359 0.018681
4 0.462549 0.182428 0.591327 0.018097
1 0.459921 0.204320 0.785808 0.017513
1 0.461892 0.225336 0.647832 0.015178
1 0.452694 0.247811 0.348226 0.016929
11 0.473062 0.295096 0.533509 0.016929
2 0.136005 0.340047 0.185283 0.015762
11 0.314060 0.340630 0.110381 0.015762
9 0.670171 0.339755 0.457293 0.017513
5 0.193824 0.363689 0.303548 0.016346
1 0.658344 0.363689 0.302234 0.016346
5 0.170171 0.408640 0.248357 0.015178
5 0.764783 0.408348 0.136662 0.015762
11 0.329172 0.451547 0.568988 0.015762
6 0.229961 0.473730 0.228647 0.015762
11 0.837714 0.474606 0.140604 0.016346
5 0.180683 0.496789 0.274639 0.016346
11 0.833114 0.497081 0.141919 0.014594
4 0.287122 0.542323 0.487516 0.016346
3 0.811432 0.543491 0.090670 0.016346
11 0.090670 0.565966 0.086728 0.016929
8 0.788436 0.566258 0.134034 0.016346
5 0.116294 0.588441 0.137976 0.016346
8 0.798292 0.589609 0.111695 0.017513
5 0.159658 0.634267 0.222076 0.015762
4 0.170828 0.656159 0.249671 0.016346
5 0.471091 0.654407 0.250986 0.016346
4 0.762812 0.654699 0.177398 0.016929
6 0.846255 0.632808 0.021025 0.014011
11 0.114323 0.678050 0.139290 0.015762
8 0.553219 0.676591 0.086728 0.017513
8 0.811432 0.677758 0.088042 0.015178
11 0.193167 0.723001 0.296978 0.016929
8 0.810118 0.722709 0.088042 0.015178
5 0.461235 0.769410 0.557162 0.017513
5 0.471748 0.791886 0.625493 0.014594
5 0.467806 0.812609 0.662286 0.015178
5 0.459264 0.836836 0.416557 0.013427
5 0.459264 0.856684 0.550591 0.016929
5 0.461892 0.880619 0.558476 0.016929