0 0.460674 0.095192 0.754414 0.034438
1 0.460674 0.124107 0.738363 0.028590
1 0.252809 0.143600 0.313002 0.019493
11 0.406902 0.160494 0.617978 0.024691
11 0.270465 0.179662 0.354735 0.018843
4 0.320225 0.197531 0.444623 0.020793
4 0.832263 0.198181 0.290530 0.020793
5 0.166934 0.217674 0.170144 0.015595
9 0.358748 0.228720 0.540931 0.019493
5 0.304173 0.265107 0.418941 0.019493
11 0.229535 0.306368 0.218299 0.014945
11 0.256822 0.344055 0.176565 0.013645
11 0.231140 0.363873 0.224719 0.015595
11 0.256019 0.401559 0.184591 0.016894
5 0.676565 0.300845 0.415730 0.016894
5 0.610754 0.319688 0.280899 0.015595
5 0.731942 0.360624 0.516854 0.018194
11 0.533708 0.379792 0.126806 0.014945
8 0.845104 0.338856 0.075441 0.013645
8 0.847512 0.397986 0.077047 0.012346
11 0.950241 0.338207 0.051364 0.012346
11 0.951043 0.396361 0.046549 0.012995
4 0.338684 0.422677 0.500803 0.014945
5 0.499197 0.441845 0.147673 0.015595
11 0.466292 0.468161 0.091493 0.014945
5 0.515249 0.489279 0.173355 0.016894
11 0.512039 0.514295 0.173355 0.014945
11 0.476726 0.552956 0.099518 0.014295
5 0.500803 0.572775 0.144462 0.013645
3 0.838684 0.421702 0.094703 0.012995
8 0.848315 0.441196 0.075441 0.012995
8 0.844302 0.467511 0.089888 0.013645
8 0.852327 0.489279 0.073836 0.015595
8 0.845907 0.516894 0.089888 0.014945
8 0.846709 0.553606 0.094703 0.014295
8 0.853130 0.574399 0.075441 0.012995
4 0.203050 0.601040 0.242376 0.015595
5 0.556180 0.602014 0.213483 0.017544
4 0.882022 0.601365 0.142857 0.014945
11 0.166934 0.620533 0.154093 0.016894
8 0.615570 0.621183 0.097913 0.014295
8 0.915730 0.621183 0.078652 0.014295
9 0.296950 0.669591 0.417335 0.013645
2 0.713483 0.671215 0.332263 0.016894
5 0.552167 0.756010 0.808989 0.018843
5 0.548154 0.791098 0.653291 0.016244
5 0.548957 0.810591 0.398074 0.017544
5 0.548957 0.845029 0.651685 0.020143
9 0.548154 0.877843 0.810594 0.020793
5 0.544944 0.899285 0.858748 0.020793
5 0.543339 0.918454 0.239165 0.014945
5 0.543339 0.955166 0.736758 0.024691