0 0.448801 0.058509 0.116307 0.013255
1 0.548780 0.056656 0.070349 0.013826
1 0.489518 0.072263 0.208627 0.015393
5 0.485386 0.086018 0.170933 0.014966
1 0.486092 0.100200 0.186454 0.015678
4 0.489921 0.114025 0.150171 0.015678
1 0.495061 0.127993 0.102802 0.013113
11 0.491635 0.142318 0.193106 0.014681
11 0.492038 0.156072 0.193106 0.015964
11 0.362024 0.186930 0.014513 0.011260
11 0.363536 0.229547 0.015118 0.011260
11 0.364543 0.257198 0.016327 0.010975
11 0.365652 0.285562 0.017335 0.011830
11 0.365854 0.314139 0.014513 0.010262
11 0.366962 0.341434 0.016730 0.010975
11 0.368373 0.369299 0.015924 0.012258
11 0.369180 0.411987 0.015521 0.011260
11 0.369885 0.440208 0.014513 0.011830
11 0.370792 0.468714 0.016327 0.011260
11 0.371195 0.496294 0.015118 0.012543
11 0.373009 0.538056 0.015521 0.010262
6 0.417355 0.185861 0.087684 0.014253
5 0.421185 0.200257 0.093328 0.013968
8 0.437311 0.213512 0.121145 0.013968
6 0.418968 0.227623 0.085668 0.012828
5 0.427333 0.242161 0.102399 0.013683
6 0.419170 0.255345 0.087281 0.012115
5 0.432373 0.269384 0.109252 0.013683
6 0.421084 0.283709 0.084660 0.012115
5 0.421185 0.297534 0.086878 0.013255
6 0.422294 0.312571 0.087886 0.011403
5 0.405059 0.326539 0.051401 0.012828
6 0.422798 0.339652 0.086878 0.012543
5 0.429349 0.353834 0.101189 0.012115
6 0.422999 0.367731 0.085265 0.012543
5 0.431365 0.381699 0.100786 0.013968
8 0.438722 0.396451 0.116710 0.013255
6 0.424814 0.410847 0.085668 0.013255
5 0.432473 0.424601 0.101794 0.012543
6 0.426225 0.438569 0.085265 0.012543
8 0.436404 0.452893 0.108849 0.015536
6 0.427232 0.467360 0.087281 0.012543
5 0.434287 0.479974 0.103407 0.012115
6 0.427031 0.494370 0.085668 0.012115
5 0.438823 0.508694 0.109252 0.012543
8 0.444971 0.522662 0.121548 0.013968
6 0.428341 0.537058 0.086273 0.012543
5 0.432373 0.550242 0.094336 0.013255
11 0.593630 0.181300 0.053618 0.010262
8 0.585164 0.209806 0.037492 0.010547
11 0.594235 0.223062 0.050393 0.012828
11 0.595142 0.251710 0.050998 0.013968
11 0.594739 0.280003 0.049385 0.012115
11 0.596956 0.308224 0.051401 0.010975
11 0.597158 0.336231 0.049788 0.012543
11 0.598468 0.363883 0.050393 0.012543
8 0.590506 0.392531 0.038500 0.012828
11 0.601492 0.406499 0.045555 0.012828
11 0.601996 0.435291 0.043338 0.012828
11 0.603810 0.463512 0.044951 0.012543
11 0.601088 0.490379 0.047168 0.013255
8 0.594235 0.518814 0.037492 0.012543
11 0.602197 0.533922 0.049385 0.013683
11 0.544346 0.775371 0.006249 0.008267
11 0.545051 0.788483 0.004838 0.008552
11 0.375630 0.579532 0.066720 0.011973
4 0.416247 0.593501 0.143923 0.014253
5 0.387120 0.607825 0.086878 0.014681
4 0.431768 0.620083 0.173755 0.013255
11 0.360210 0.637044 0.031848 0.013255
5 0.393570 0.650727 0.093328 0.012400
5 0.508970 0.648375 0.072566 0.011403
8 0.608446 0.575043 0.043338 0.013255
8 0.607539 0.589510 0.042733 0.011973
8 0.610663 0.603905 0.038903 0.011403
3 0.607841 0.617660 0.043338 0.013255
8 0.607841 0.631913 0.043338 0.013255
8 0.610966 0.645952 0.039508 0.011973
9 0.485386 0.662557 0.219714 0.015536
4 0.387120 0.679447 0.080427 0.011403
11 0.373009 0.693059 0.052207 0.012400
11 0.365047 0.706813 0.037492 0.011688
5 0.509877 0.676311 0.045354 0.011403
8 0.511389 0.689923 0.044749 0.012400
8 0.511288 0.703464 0.043338 0.012115
4 0.619432 0.673318 0.022979 0.011688
8 0.616307 0.687856 0.029631 0.010262
8 0.616811 0.701896 0.030639 0.010975
2 0.384801 0.720852 0.070147 0.012400
11 0.444467 0.719712 0.035477 0.012115
9 0.575287 0.717075 0.114896 0.013113
9 0.418968 0.734108 0.144124 0.014111
5 0.482161 0.759835 0.131022 0.014253
6 0.571760 0.758196 0.008668 0.010690
5 0.468555 0.775299 0.099375 0.013826
6 0.571659 0.773518 0.009272 0.010262
11 0.469764 0.788270 0.098972 0.012115
6 0.573372 0.786916 0.007861 0.010262
5 0.492643 0.817417 0.285829 0.017959
5 0.497783 0.830958 0.237654 0.014823
5 0.492844 0.844641 0.072969 0.013398
5 0.485688 0.873076 0.115904 0.014396
11 0.499597 0.886117 0.171941 0.014823
5 0.502318 0.901297 0.200766 0.015821
5 0.491433 0.914339 0.123765 0.013398