0 0.511156 0.127589 0.543611 0.016022
1 0.515213 0.141071 0.158215 0.012505
1 0.512170 0.157093 0.346856 0.013286
1 0.511663 0.171942 0.321501 0.012505
11 0.234280 0.195584 0.056795 0.011333
9 0.468560 0.196952 0.373225 0.010942
11 0.748986 0.198124 0.118661 0.010942
5 0.509128 0.212388 0.438134 0.012114
4 0.508621 0.228410 0.313387 0.011333
4 0.507606 0.247558 0.199797 0.011333
5 0.206389 0.264947 0.108519 0.010160
10 0.204868 0.280774 0.103448 0.009769
5 0.249493 0.298750 0.190669 0.012114
9 0.434077 0.265143 0.196755 0.008988
11 0.388945 0.281165 0.106491 0.009769
2 0.741886 0.265533 0.230223 0.011333
11 0.723631 0.281360 0.199797 0.010942
11 0.662779 0.298359 0.061866 0.010551
11 0.179006 0.331575 0.053753 0.009769
11 0.378803 0.331575 0.043611 0.009769
5 0.484787 0.331575 0.083164 0.009769
4 0.596349 0.320438 0.070994 0.010942
5 0.595842 0.329816 0.086207 0.009379
4 0.742394 0.319852 0.073022 0.011333
5 0.730730 0.330598 0.096349 0.008597
4 0.838235 0.331966 0.043611 0.009769
6 0.181542 0.344275 0.056795 0.007816
5 0.269777 0.359320 0.235294 0.008988
6 0.183063 0.376710 0.059838 0.008597
5 0.263692 0.391559 0.223124 0.008597
6 0.181034 0.408363 0.053753 0.007816
5 0.275355 0.423408 0.244422 0.008988
6 0.181034 0.440406 0.053753 0.008597
5 0.267241 0.454474 0.228195 0.008597
6 0.181542 0.471864 0.056795 0.008988
5 0.258621 0.485541 0.210953 0.010551
6 0.180020 0.502149 0.053753 0.008597
5 0.229716 0.517194 0.157201 0.009769
6 0.180020 0.533607 0.055781 0.009769
5 0.232759 0.548456 0.161258 0.009769
6 0.179513 0.564674 0.054767 0.008597
5 0.287525 0.579132 0.272819 0.010942
6 0.178499 0.596131 0.052738 0.008988
5 0.232759 0.609418 0.163286 0.011333
6 0.380325 0.343884 0.020284 0.010160
6 0.378296 0.376123 0.024341 0.011333
6 0.379310 0.407386 0.016227 0.010551
6 0.379310 0.439234 0.022312 0.011723
6 0.378296 0.469910 0.020284 0.012114
6 0.376268 0.502149 0.022312 0.010160
6 0.376268 0.532435 0.024341 0.012114
6 0.374239 0.563306 0.020284 0.010551
6 0.373732 0.594373 0.025355 0.010160
8 0.486815 0.343884 0.062880 0.009379
8 0.484787 0.375928 0.064909 0.008597
8 0.483773 0.407581 0.064909 0.009379
8 0.482252 0.439234 0.049696 0.008597
8 0.482759 0.469910 0.048682 0.008988
8 0.480730 0.500977 0.050710 0.008597
8 0.480223 0.532044 0.049696 0.008206
8 0.478195 0.562720 0.061866 0.010160
8 0.479716 0.593982 0.058824 0.008597
8 0.598884 0.344080 0.059838 0.008988
8 0.595335 0.376123 0.062880 0.008988
8 0.593813 0.407190 0.067951 0.009379
8 0.593306 0.438648 0.052738 0.008988
8 0.591785 0.470106 0.047667 0.009379
8 0.591278 0.500391 0.050710 0.009769
8 0.589249 0.531848 0.052738 0.009379
8 0.588235 0.562524 0.062880 0.008206
8 0.588235 0.593200 0.062880 0.008597
8 0.746957 0.343884 0.061866 0.008597
8 0.739351 0.375342 0.073022 0.008206
8 0.742394 0.406800 0.062880 0.009379
8 0.743408 0.438648 0.060852 0.008988
8 0.744929 0.469129 0.047667 0.008988
8 0.739858 0.500000 0.061866 0.008988
8 0.736815 0.530676 0.061866 0.009379
8 0.737323 0.562134 0.062880 0.008206
8 0.735294 0.592224 0.062880 0.008988
11 0.842799 0.345252 0.034483 0.008988
11 0.838235 0.375733 0.035497 0.008988
11 0.838742 0.406604 0.038540 0.008988
11 0.837728 0.438648 0.034483 0.008988
11 0.835700 0.469324 0.032454 0.009379
11 0.832657 0.500391 0.034483 0.008988
11 0.829615 0.530676 0.036511 0.009379
11 0.829615 0.561547 0.034483 0.008597
11 0.828600 0.592028 0.032454 0.009379
11 0.244929 0.625440 0.120690 0.011333
6 0.373225 0.623095 0.036511 0.010551
8 0.724645 0.621727 0.092292 0.008597
4 0.439148 0.647323 0.375254 0.012114
5 0.554767 0.664322 0.137931 0.010160
4 0.546146 0.682298 0.151116 0.010160
5 0.551724 0.700274 0.146045 0.010942
4 0.410243 0.719031 0.426978 0.012505
11 0.568458 0.735639 0.108519 0.008988
5 0.555781 0.750293 0.133874 0.011723
8 0.724138 0.645760 0.087221 0.010551
8 0.738844 0.663931 0.055781 0.010160
8 0.730730 0.682102 0.067951 0.009769
8 0.737830 0.699101 0.053753 0.010160
3 0.722617 0.717468 0.090264 0.010160
8 0.721602 0.735444 0.088235 0.010160
8 0.729716 0.749512 0.072008 0.010160
4 0.305274 0.781946 0.212982 0.011723
4 0.266734 0.799726 0.131846 0.009769
11 0.225659 0.812427 0.039554 0.010160
11 0.418864 0.799336 0.032454 0.011333
6 0.418864 0.811059 0.020284 0.010551
11 0.563895 0.799140 0.121704 0.010942
4 0.747465 0.799140 0.123732 0.012505
8 0.585193 0.811059 0.089249 0.009769
8 0.581136 0.826495 0.087221 0.010160
8 0.771805 0.811450 0.070994 0.010551
8 0.772819 0.827276 0.073022 0.010160
5 0.489858 0.847206 0.596349 0.010942
11 0.403651 0.826690 0.087221 0.010551