11 0.446659 0.056563 0.382181 0.031927
0 0.445487 0.085928 0.527550 0.014978
5 0.456038 0.102680 0.363423 0.013796
1 0.444900 0.118053 0.676436 0.015372
1 0.444900 0.133228 0.674091 0.014978
9 0.442556 0.148207 0.678781 0.013402
4 0.444314 0.164170 0.379836 0.013796
9 0.451348 0.194324 0.140680 0.014978
11 0.287222 0.224478 0.485346 0.011431
1 0.191676 0.239653 0.298945 0.013402
2 0.324150 0.255617 0.568581 0.013007
9 0.208089 0.270595 0.345838 0.013007
5 0.341149 0.286165 0.227433 0.014190
5 0.328839 0.316318 0.587339 0.013007
11 0.810082 0.316910 0.039859 0.013402
6 0.162368 0.331297 0.247362 0.011431
6 0.424971 0.331691 0.015240 0.012219
8 0.788980 0.332873 0.077374 0.011431
5 0.290739 0.347458 0.508792 0.013796
11 0.673505 0.346669 0.048066 0.013796
11 0.812427 0.346866 0.044549 0.013402
6 0.156506 0.362042 0.256741 0.013796
6 0.422626 0.362633 0.019930 0.011825
8 0.776671 0.362830 0.097304 0.013796
5 0.288980 0.377217 0.509965 0.013402
11 0.677022 0.377414 0.048066 0.013796
11 0.807151 0.378203 0.038687 0.013796
6 0.154748 0.391998 0.253224 0.015372
6 0.430832 0.392590 0.038687 0.011825
8 0.779601 0.393575 0.086753 0.010642
9 0.330012 0.406977 0.608441 0.013796
11 0.806565 0.409145 0.042204 0.012613
6 0.152989 0.422743 0.249707 0.015372
6 0.416764 0.423335 0.024619 0.010248
8 0.782532 0.422743 0.071512 0.012219
5 0.321805 0.437722 0.582649 0.012219
11 0.803048 0.438707 0.042204 0.012613
6 0.148886 0.453094 0.253224 0.013796
6 0.417937 0.453488 0.033998 0.013796
8 0.774912 0.453488 0.091442 0.012219
5 0.119578 0.482854 0.201641 0.013402
6 0.797773 0.484430 0.045721 0.012613
11 0.069754 0.497635 0.097304 0.013796
3 0.769050 0.500000 0.103165 0.015372
5 0.198124 0.513599 0.368113 0.014978
8 0.775498 0.514387 0.083236 0.015767
11 0.213365 0.529562 0.384525 0.016949
8 0.767878 0.529365 0.105510 0.014190
11 0.058617 0.559913 0.086753 0.013007
8 0.757327 0.561687 0.112544 0.011825
5 0.077374 0.590067 0.119578 0.015767
8 0.764947 0.590855 0.090270 0.011825
4 0.092614 0.620418 0.159437 0.014978
4 0.413247 0.621994 0.310668 0.014978
4 0.723916 0.622192 0.127784 0.013007
11 0.075029 0.635790 0.124267 0.014978
8 0.514654 0.636579 0.103165 0.014978
8 0.751465 0.637367 0.075029 0.011825
11 0.075615 0.650966 0.118406 0.013007
8 0.524033 0.651360 0.084408 0.013796
8 0.750293 0.653528 0.077374 0.013402
3 0.419109 0.714032 0.521688 0.016949
5 0.140680 0.742806 0.262603 0.013007
6 0.349941 0.743398 0.048066 0.013402
5 0.403869 0.758770 0.756155 0.018132
9 0.407386 0.796216 0.650645 0.015767
2 0.305979 0.824399 0.611958 0.015372
5 0.399179 0.840166 0.758499 0.017737
4 0.400352 0.856523 0.760844 0.017343
5 0.389215 0.870713 0.771395 0.015767
5 0.390387 0.886086 0.628370 0.015767
5 0.400938 0.901853 0.797186 0.017343
5 0.393318 0.917225 0.563892 0.015767
5 0.405041 0.933386 0.589683 0.017343
11 0.680539 0.315530 0.041032 0.013796
11 0.495311 0.331494 0.029308 0.007883
8 0.622509 0.331100 0.079719 0.010248
11 0.494138 0.361845 0.024619 0.007883
8 0.613716 0.362436 0.092614 0.009854
11 0.495311 0.392787 0.024619 0.008277
8 0.617819 0.392393 0.077374 0.013796
11 0.674091 0.408553 0.049238 0.009854
11 0.491208 0.422152 0.030481 0.010248
8 0.613130 0.423532 0.077374 0.010642
11 0.671747 0.437328 0.035170 0.012219
11 0.490035 0.452503 0.023447 0.008672
8 0.604924 0.453883 0.091442 0.011431