8 0.447961 0.130489 0.771459 0.025974
0 0.464056 0.162028 0.722103 0.028448
1 0.469421 0.192950 0.559013 0.027211
4 0.453863 0.223871 0.785408 0.028448
10 0.192060 0.312616 0.263948 0.026592
2 0.535944 0.314162 0.340129 0.025974
11 0.722103 0.285096 0.128755 0.023500
4 0.177039 0.344156 0.231760 0.026592
6 0.744635 0.346320 0.293991 0.025974
5 0.319742 0.404143 0.259657 0.025356
5 0.311159 0.435065 0.240343 0.025356
5 0.321352 0.465059 0.258584 0.025974
5 0.319742 0.495053 0.259657 0.026592
5 0.319742 0.525665 0.259657 0.024737
5 0.287554 0.555040 0.199571 0.022882
5 0.257511 0.585034 0.133047 0.023500
5 0.412554 0.615028 0.443133 0.027829
11 0.768777 0.405380 0.131974 0.024119
11 0.768777 0.436611 0.129828 0.022263
11 0.759120 0.465986 0.149142 0.024119
11 0.758584 0.496908 0.152361 0.025356
11 0.757511 0.525974 0.152361 0.025356
11 0.770386 0.556277 0.130901 0.025356
11 0.768777 0.586271 0.131974 0.023500
11 0.771459 0.617502 0.133047 0.022882
11 0.864807 0.406308 0.021459 0.024737
11 0.865880 0.436920 0.021459 0.024119
11 0.865880 0.465986 0.021459 0.022882
11 0.865880 0.497526 0.021459 0.024119
11 0.866953 0.527211 0.023605 0.024119
11 0.865343 0.556895 0.024678 0.021645
11 0.866953 0.586889 0.021459 0.022263
11 0.864807 0.616574 0.025751 0.023500
11 0.598176 0.645331 0.086910 0.022882
11 0.279506 0.673779 0.172747 0.024119
11 0.236588 0.703463 0.091202 0.024119
5 0.277897 0.734694 0.173820 0.024737
3 0.681867 0.673779 0.303648 0.024119
11 0.747318 0.705628 0.172747 0.025974
11 0.759120 0.736240 0.153433 0.024119
4 0.339592 0.793754 0.299356 0.024119
4 0.254828 0.825294 0.131974 0.024119
11 0.759657 0.795300 0.152361 0.022263
11 0.768777 0.826840 0.131974 0.024737
5 0.492489 0.914657 0.641631 0.024737