5 0.475834 0.100845 0.188878 0.010600
0 0.475430 0.115886 0.256825 0.009454
1 0.475531 0.134794 0.111021 0.010314
1 0.475126 0.148331 0.206876 0.011030
1 0.474520 0.161725 0.255005 0.009741
1 0.474924 0.176193 0.160364 0.009741
11 0.473711 0.190517 0.096866 0.010314
4 0.480991 0.219811 0.191911 0.011316
4 0.390394 0.262785 0.134479 0.011316
6 0.546613 0.263644 0.033165 0.018192
6 0.348736 0.282051 0.050354 0.010027
2 0.412841 0.300100 0.182204 0.009741
10 0.371689 0.315857 0.099899 0.010600
4 0.387968 0.340710 0.131648 0.011316
5 0.507280 0.340209 0.059656 0.009741
11 0.587664 0.339636 0.056218 0.010314
11 0.331951 0.363272 0.017594 0.009454
6 0.358948 0.362556 0.010516 0.009454
8 0.522952 0.362770 0.028311 0.009024
8 0.601416 0.362412 0.038423 0.010314
5 0.494742 0.378313 0.239636 0.009454
11 0.331749 0.390847 0.016380 0.008165
6 0.358241 0.390775 0.006673 0.009454
8 0.519211 0.390560 0.034985 0.009024
8 0.599899 0.390488 0.039838 0.009454
5 0.481395 0.406532 0.212133 0.010314
11 0.331345 0.418923 0.016380 0.008738
6 0.357634 0.417992 0.006269 0.010027
8 0.518908 0.418350 0.034378 0.008165
8 0.599798 0.418421 0.038018 0.010314
5 0.468150 0.433606 0.186451 0.010600
11 0.330940 0.446354 0.017594 0.010314
6 0.357128 0.445423 0.010516 0.008452
8 0.517695 0.446498 0.037209 0.010027
8 0.598382 0.446211 0.038827 0.010600
5 0.440040 0.461538 0.133873 0.010027
11 0.330334 0.473858 0.017189 0.009741
6 0.357634 0.473714 0.007887 0.009454
8 0.517088 0.473714 0.034378 0.010027
8 0.598787 0.473929 0.038423 0.011030
5 0.460667 0.489400 0.175935 0.011316
11 0.330637 0.501361 0.019414 0.009454
6 0.357230 0.501504 0.007887 0.009741
8 0.517796 0.501361 0.036603 0.009454
8 0.598686 0.501432 0.039434 0.012176
5 0.472902 0.517046 0.203236 0.011316
11 0.329323 0.529509 0.017594 0.008738
6 0.356016 0.529365 0.007482 0.011030
8 0.519919 0.529724 0.028311 0.009741
8 0.601416 0.529007 0.032356 0.009741
5 0.445703 0.545194 0.146815 0.009454
11 0.369161 0.563315 0.107786 0.011316
8 0.592720 0.562384 0.046916 0.009454
4 0.341153 0.580719 0.048534 0.010314
8 0.598079 0.581006 0.030940 0.010314
5 0.369666 0.598052 0.105561 0.010600
8 0.595248 0.598052 0.039434 0.010027
11 0.364813 0.619467 0.100303 0.011030
3 0.591304 0.619181 0.046512 0.011030
11 0.345804 0.656281 0.062285 0.012462
8 0.564206 0.657857 0.099494 0.015041
11 0.338524 0.684286 0.052174 0.013465
6 0.419110 0.685217 0.045096 0.012176
2 0.549039 0.681636 0.119312 0.011316
4 0.359960 0.708709 0.086148 0.011603
5 0.479171 0.708566 0.074216 0.011889
4 0.591911 0.708351 0.048534 0.010314
11 0.336603 0.722891 0.041052 0.011030
8 0.488979 0.721673 0.047725 0.009454
8 0.597877 0.722389 0.030536 0.010027
11 0.336400 0.736786 0.039838 0.008738
8 0.496360 0.737000 0.035794 0.010600
8 0.597674 0.736571 0.030940 0.009741
0 0.463094 0.761997 0.247927 0.011030