0 0.502137 0.107871 0.455128 0.027746
5 0.496261 0.135334 0.317308 0.022650
9 0.509081 0.163364 0.298077 0.027746
5 0.487179 0.188845 0.472222 0.022084
1 0.484509 0.212627 0.556624 0.023216
1 0.480769 0.238109 0.181624 0.022084
9 0.511752 0.276048 0.190171 0.023216
9 0.184829 0.343715 0.282051 0.021518
3 0.837073 0.926104 0.201923 0.032276
10 0.621795 0.345130 0.286325 0.024349
5 0.125000 0.365232 0.181624 0.020385
2 0.308226 0.390430 0.543803 0.023216
11 0.147970 0.424405 0.223291 0.035674
11 0.370192 0.430917 0.022436 0.024915
6 0.484509 0.426104 0.084402 0.034541
11 0.123932 0.483579 0.081197 0.016988
11 0.334936 0.484145 0.067308 0.020385
11 0.495726 0.484145 0.134615 0.018120
11 0.681624 0.483862 0.141026 0.022084
11 0.862714 0.483579 0.144231 0.020385
5 0.444979 0.529162 0.729701 0.022084
6 0.513889 0.552661 0.023504 0.019253
8 0.665598 0.552378 0.113248 0.018686
8 0.875000 0.552661 0.089744 0.019253
5 0.332265 0.575311 0.504274 0.020385
6 0.513355 0.599094 0.018162 0.016988
8 0.667201 0.599094 0.107906 0.016988
8 0.876603 0.598811 0.086538 0.017554
5 0.234509 0.622877 0.308761 0.021518
6 0.468483 0.645527 0.018162 0.016988
8 0.630876 0.644394 0.114316 0.019253
8 0.831731 0.645527 0.090812 0.018120
5 0.204060 0.669875 0.243590 0.020385
6 0.358440 0.691393 0.022436 0.020385
8 0.524038 0.693092 0.092949 0.018120
8 0.721688 0.692242 0.088675 0.018686
8 0.900107 0.694224 0.088675 0.020385
11 0.190705 0.714892 0.086538 0.017554
11 0.165598 0.738958 0.170940 0.022650
6 0.426282 0.762458 0.023504 0.019819
8 0.591346 0.762174 0.090812 0.018120
8 0.786859 0.762458 0.095085 0.018686
6 0.931090 0.762458 0.024573 0.018686
11 0.402244 0.808607 0.558761 0.022650
8 0.831197 0.807758 0.185897 0.022084
5 0.283120 0.833805 0.309829 0.020951
8 0.840812 0.832390 0.155983 0.018120
11 0.252671 0.856172 0.244658 0.020385
8 0.832265 0.855889 0.179487 0.019819
5 0.356303 0.878822 0.464744 0.022650
8 0.841880 0.878256 0.158120 0.019253
11 0.223825 0.924405 0.201923 0.030011
11 0.651709 0.924122 0.081197 0.031710