0 0.393519 0.260314 0.124074 0.013752
5 0.396759 0.273412 0.173148 0.012443
1 0.400000 0.285855 0.125926 0.012443
11 0.400000 0.298297 0.035185 0.009823
9 0.396759 0.310740 0.115741 0.012443
9 0.413426 0.323838 0.082407 0.012443
2 0.366667 0.347413 0.118519 0.012443
6 0.464352 0.348723 0.028704 0.011133
9 0.383333 0.360511 0.150000 0.011133
11 0.337037 0.384741 0.059259 0.012443
11 0.400463 0.385724 0.015741 0.010478
8 0.443056 0.386379 0.043519 0.011788
11 0.336111 0.397839 0.057407 0.011133
11 0.406944 0.398166 0.013889 0.011788
8 0.447685 0.398821 0.036111 0.011788
11 0.325926 0.422397 0.038889 0.010478
11 0.335185 0.435494 0.031481 0.011788
3 0.421759 0.435494 0.082407 0.013098