11 0.376689 0.055982 0.432432 0.028791
0 0.451014 0.155470 0.554054 0.016635
5 0.459459 0.176583 0.543919 0.019194
5 0.451014 0.197377 0.277027 0.015995
1 0.464527 0.219450 0.415541 0.016635
5 0.450169 0.239603 0.363176 0.015995
4 0.463682 0.260397 0.501689 0.017914
1 0.467905 0.301983 0.554054 0.016635
11 0.143581 0.343890 0.141892 0.015995
6 0.469595 0.344210 0.121622 0.015355
2 0.790541 0.344850 0.158784 0.015355
5 0.330236 0.386436 0.518581 0.016635
11 0.788851 0.387076 0.162162 0.014075
5 0.319257 0.407869 0.500000 0.014715
11 0.787162 0.408509 0.162162 0.014715
5 0.341216 0.429623 0.540541 0.015995
11 0.782095 0.429942 0.185811 0.014075
5 0.336149 0.449776 0.540541 0.015355
11 0.785473 0.451056 0.162162 0.015355
5 0.331081 0.470889 0.516892 0.014075
11 0.787162 0.471849 0.162162 0.015995
5 0.326014 0.492003 0.520270 0.014075
11 0.785473 0.492003 0.162162 0.014075
8 0.231419 0.513436 0.239865 0.015995
5 0.336149 0.534229 0.537162 0.015355
11 0.776182 0.535189 0.184122 0.015995
5 0.331926 0.555662 0.515203 0.014715
11 0.787162 0.556302 0.162162 0.015995
8 0.230574 0.576456 0.244932 0.014075
5 0.336149 0.597889 0.537162 0.014715
11 0.786318 0.598209 0.157095 0.014075
5 0.341216 0.619322 0.537162 0.016635
11 0.778716 0.619322 0.185811 0.015355
8 0.229730 0.640115 0.243243 0.014715
4 0.371622 0.682662 0.597973 0.015355
8 0.778716 0.682342 0.097973 0.013436
5 0.446791 0.704734 0.437500 0.018554
11 0.795608 0.703135 0.057432 0.012796
5 0.558277 0.725208 0.217905 0.017274
3 0.777872 0.723928 0.099662 0.014715
5 0.596284 0.745361 0.145270 0.015355
8 0.766892 0.744722 0.118243 0.014075
5 0.580236 0.766155 0.180743 0.014715
8 0.778716 0.766155 0.101351 0.015995
4 0.181588 0.809661 0.221284 0.018554
5 0.489865 0.808701 0.195946 0.015355
4 0.777027 0.807742 0.138514 0.015995
11 0.130912 0.829175 0.119932 0.014075
8 0.536318 0.828855 0.103041 0.014715
8 0.804054 0.828535 0.081081 0.014075
11 0.133446 0.850288 0.125000 0.014075
8 0.540541 0.850288 0.101351 0.014075
11 0.819257 0.849648 0.064189 0.014075
5 0.451014 0.914267 0.557432 0.019194
9 0.461993 0.934421 0.782095 0.018554