0 0.478992 0.205058 0.515406 0.020506
0 0.476190 0.227273 0.408964 0.021189
11 0.462185 0.251538 0.764706 0.023240
5 0.460784 0.274094 0.717087 0.020506
1 0.478291 0.296651 0.696078 0.020506
4 0.465686 0.319207 0.575630 0.023240
5 0.464286 0.342105 0.298319 0.022556
4 0.464986 0.365003 0.299720 0.020506
5 0.253501 0.411483 0.495798 0.020506
11 0.918067 0.411141 0.049020 0.018455
11 0.148459 0.433356 0.277311 0.021873
6 0.090336 0.456938 0.163866 0.019822
8 0.628852 0.456596 0.204482 0.021873
8 0.847339 0.456938 0.092437 0.019822
11 0.182773 0.479836 0.351541 0.021873
11 0.918768 0.480861 0.047619 0.019822
11 0.159664 0.503076 0.305322 0.021873
6 0.089636 0.525290 0.165266 0.018455
8 0.628852 0.525632 0.207283 0.020506
8 0.836134 0.525974 0.114846 0.019822
5 0.090336 0.549214 0.161064 0.019822
5 0.427871 0.549214 0.323529 0.019822
11 0.918768 0.549214 0.050420 0.019822
11 0.076331 0.571770 0.141457 0.019822
6 0.160364 0.595352 0.301120 0.020506
8 0.630252 0.595010 0.207283 0.019822
8 0.836835 0.595010 0.110644 0.019822
5 0.137955 0.641832 0.259104 0.021873
5 0.824930 0.642515 0.235294 0.020506
4 0.218487 0.686945 0.420168 0.021873
3 0.847339 0.685919 0.187675 0.019822
11 0.055322 0.710185 0.096639 0.020506
8 0.848039 0.710185 0.186275 0.019139
5 0.077731 0.733766 0.135854 0.018455
8 0.857843 0.733766 0.161064 0.018455
4 0.297619 0.779904 0.578431 0.020506
8 0.787815 0.780246 0.163866 0.018455
2 0.287815 0.826042 0.553221 0.019822
9 0.789216 0.826726 0.303922 0.019822
10 0.286415 0.849624 0.558824 0.020506
5 0.463585 0.895420 0.627451 0.021873
9 0.460084 0.918660 0.438375 0.020506
5 0.473389 0.942584 0.554622 0.020506