0 0.479299 0.097277 0.674098 0.018317
0 0.470276 0.120792 0.356688 0.015842
4 0.480892 0.139356 0.447983 0.016337
5 0.476115 0.160396 0.449045 0.015842
1 0.480892 0.178465 0.377919 0.017327
1 0.476645 0.199752 0.583864 0.018317
11 0.455945 0.237129 0.572187 0.017822
2 0.199575 0.261139 0.180467 0.015347
4 0.508493 0.262129 0.214437 0.017327
9 0.729299 0.282673 0.290870 0.015842
5 0.317410 0.311386 0.424628 0.019802
11 0.272824 0.343069 0.333333 0.015842
11 0.276539 0.363614 0.330149 0.014356
11 0.141189 0.385891 0.070064 0.015347
11 0.426221 0.386386 0.062633 0.018317
5 0.555202 0.385149 0.121019 0.014851
11 0.825902 0.384158 0.057325 0.014851
6 0.168790 0.411386 0.125265 0.014851
8 0.432059 0.411386 0.067941 0.014851
8 0.571125 0.411139 0.089172 0.016337
11 0.835987 0.410396 0.136943 0.014851
5 0.307325 0.435891 0.400212 0.017327
6 0.170382 0.470297 0.128450 0.013861
8 0.432059 0.469802 0.072187 0.015842
8 0.570064 0.469802 0.091295 0.016832
11 0.835456 0.469307 0.140127 0.014851
5 0.269108 0.494554 0.321656 0.015842
6 0.169321 0.528960 0.122081 0.013366
8 0.429406 0.528465 0.071125 0.014356
8 0.580679 0.528960 0.072187 0.015347
11 0.844480 0.527970 0.122081 0.014356
5 0.341295 0.553218 0.461783 0.017327
4 0.369958 0.593317 0.461783 0.018317
3 0.808917 0.590347 0.091295 0.016337
5 0.432059 0.615842 0.339703 0.017822
8 0.821125 0.614109 0.073248 0.014356
11 0.434183 0.638861 0.331210 0.019307
8 0.810510 0.637871 0.092357 0.016337
11 0.460191 0.660891 0.285563 0.019802
6 0.843949 0.659901 0.025478 0.014851
4 0.239384 0.696040 0.236730 0.017822
11 0.204352 0.716584 0.164544 0.017327
5 0.513800 0.693564 0.214437 0.016832
8 0.572187 0.717822 0.091295 0.014851
4 0.765393 0.694307 0.165605 0.016337
8 0.815817 0.716337 0.069002 0.013861
8 0.427813 0.759901 0.212314 0.015842
5 0.379512 0.802228 0.536093 0.016337
1 0.484607 0.833416 0.459660 0.019307
5 0.487261 0.854703 0.662420 0.018317