0 0.512296 0.158637 0.191292 0.012828
1 0.513505 0.172748 0.209837 0.011973
5 0.510280 0.187215 0.172747 0.012685
1 0.510179 0.200684 0.188672 0.011688
4 0.513102 0.214795 0.151784 0.011973
1 0.516126 0.228834 0.102197 0.011830
11 0.512901 0.243087 0.194517 0.012115
11 0.513304 0.257127 0.197742 0.012258
9 0.449405 0.272092 0.196936 0.011973
9 0.427232 0.299530 0.108647 0.011830
11 0.615702 0.299102 0.046563 0.011260
5 0.430659 0.313141 0.072768 0.012258
3 0.443862 0.327893 0.102399 0.013255
8 0.606027 0.326967 0.040919 0.013398
11 0.383995 0.356257 0.066519 0.011830
8 0.621044 0.355402 0.030236 0.014396
4 0.422999 0.369869 0.146140 0.013398
8 0.622153 0.369798 0.029228 0.011260
4 0.436404 0.384478 0.173755 0.012400
8 0.622052 0.383481 0.031848 0.012400
11 0.365451 0.399302 0.031848 0.010975
8 0.621347 0.397734 0.030437 0.012400
5 0.392461 0.413056 0.087482 0.012828
9 0.489619 0.426739 0.224148 0.011403
4 0.390244 0.441776 0.083048 0.012400
5 0.513203 0.440564 0.044749 0.011973
4 0.623967 0.440137 0.025197 0.011973
11 0.375831 0.455031 0.052610 0.012400
8 0.521165 0.453820 0.028825 0.012258
8 0.620439 0.453606 0.031848 0.011830
11 0.367567 0.468501 0.038903 0.012828
8 0.521266 0.468073 0.031042 0.012828
8 0.620238 0.468073 0.031848 0.011973
2 0.407277 0.483395 0.115501 0.012400
9 0.577404 0.482469 0.114695 0.011403
9 0.407478 0.497007 0.116710 0.012258
5 0.508668 0.525014 0.150978 0.011260
11 0.505846 0.539552 0.171941 0.012685
5 0.506350 0.553877 0.201169 0.011688
5 0.502822 0.567987 0.124773 0.011688
5 0.514110 0.412272 0.075186 0.013255
8 0.621145 0.412628 0.032453 0.011973