0 0.518444 0.134407 0.244709 0.012543
5 0.518645 0.148518 0.169724 0.012543
1 0.517134 0.161916 0.221528 0.011688
9 0.518645 0.180944 0.117718 0.009835
9 0.519653 0.201326 0.129409 0.014681
11 0.380972 0.212372 0.024189 0.008837
11 0.611873 0.214438 0.056239 0.013540
9 0.416751 0.226981 0.095747 0.011260
6 0.613586 0.235105 0.012094 0.014111
5 0.423604 0.239666 0.113485 0.009550
2 0.445172 0.253349 0.155009 0.009550
11 0.379359 0.267318 0.022576 0.009835
11 0.633844 0.267531 0.067124 0.009122
6 0.382181 0.285633 0.005644 0.007982
5 0.476416 0.285348 0.154203 0.009122
8 0.651482 0.285918 0.028220 0.008552
6 0.381778 0.305160 0.006450 0.007697
5 0.470671 0.305160 0.139488 0.008837
8 0.650877 0.305017 0.030236 0.007982
11 0.431969 0.318486 0.062891 0.010405
6 0.381274 0.333096 0.007458 0.007982
5 0.468152 0.332811 0.136061 0.008552
8 0.651280 0.332953 0.030236 0.007697
11 0.428139 0.346850 0.057650 0.010405
6 0.380770 0.361317 0.006853 0.008552
5 0.476618 0.361174 0.153800 0.008837
8 0.650071 0.361317 0.028623 0.008552
11 0.427232 0.374359 0.055836 0.010690
6 0.380568 0.388968 0.006047 0.008837
5 0.458174 0.388540 0.116106 0.007982
8 0.650474 0.388826 0.028623 0.007982
5 0.444971 0.406642 0.091312 0.008552
6 0.379762 0.422748 0.005241 0.008837
5 0.480145 0.422677 0.163677 0.009550
8 0.649365 0.423033 0.031647 0.008837
11 0.401734 0.434863 0.006853 0.007982
6 0.378855 0.449686 0.007861 0.008267
5 0.471881 0.449829 0.147148 0.008552
8 0.648861 0.450257 0.029026 0.008267
5 0.432776 0.468429 0.068938 0.010975
11 0.429349 0.482540 0.063697 0.009835
6 0.378754 0.496579 0.006450 0.008552
5 0.472889 0.496579 0.150776 0.008552
8 0.648861 0.497292 0.029833 0.008552
6 0.377746 0.509977 0.005644 0.007697
5 0.465934 0.510832 0.136868 0.008837
8 0.648256 0.511260 0.029430 0.007697
11 0.418565 0.529076 0.042935 0.008552
6 0.378049 0.543330 0.008668 0.008267
5 0.453134 0.543472 0.112074 0.008552
8 0.646946 0.544185 0.031244 0.008837
11 0.420984 0.557013 0.049385 0.009122
11 0.427938 0.571194 0.063294 0.011260
6 0.378452 0.585804 0.013908 0.008552
5 0.468252 0.586160 0.144729 0.010690
8 0.646745 0.585661 0.032453 0.008267
11 0.412921 0.598988 0.033259 0.009835
11 0.424410 0.613954 0.056239 0.010975
6 0.376839 0.633267 0.015924 0.007412
11 0.480347 0.634407 0.086676 0.009122
3 0.640798 0.634336 0.040314 0.009550
11 0.381274 0.649515 0.038500 0.011688
6 0.427736 0.648446 0.012094 0.010120
6 0.508567 0.649587 0.058456 0.011260
11 0.471276 0.663270 0.071357 0.010405
8 0.638984 0.663198 0.041121 0.009122
5 0.487603 0.677309 0.100383 0.011688
8 0.646241 0.676525 0.024592 0.010120
11 0.428341 0.696551 0.135053 0.012828
8 0.631526 0.697477 0.053215 0.010975
11 0.383390 0.716434 0.047168 0.010405
8 0.634953 0.717717 0.045958 0.010975
5 0.504535 0.770026 0.087482 0.010405
5 0.504233 0.784208 0.136464 0.012828
5 0.385305 0.804019 0.062286 0.009122
5 0.435497 0.267745 0.066317 0.010690