0 0.541667 0.047945 0.265385 0.019569
9 0.535897 0.064335 0.251282 0.018102
5 0.533974 0.079256 0.580769 0.024462
1 0.531410 0.096380 0.701282 0.027397
4 0.532051 0.130382 0.387179 0.019080
4 0.530769 0.153620 0.248718 0.014677
11 0.160256 0.174902 0.120513 0.013209
9 0.437821 0.176125 0.244872 0.013699
2 0.808974 0.166830 0.271795 0.025440
10 0.159615 0.193982 0.126923 0.012231
11 0.375641 0.194961 0.120513 0.013209
11 0.790385 0.187622 0.242308 0.021037
5 0.266026 0.214530 0.339744 0.015166
5 0.297436 0.362769 0.169231 0.013209
11 0.720513 0.210861 0.082051 0.014677
11 0.125641 0.251957 0.066667 0.010763
11 0.370513 0.254159 0.058974 0.013209
5 0.498077 0.254159 0.108974 0.010274
4 0.638462 0.240215 0.089744 0.013699
4 0.814744 0.235812 0.085897 0.015656
5 0.637179 0.252202 0.107692 0.011252
5 0.800641 0.249022 0.116667 0.012720
4 0.912179 0.245352 0.052564 0.012231
6 0.200641 0.268102 0.216667 0.013699
6 0.369872 0.269325 0.037179 0.011252
8 0.498718 0.269569 0.064103 0.011742
8 0.637179 0.268102 0.064103 0.011742
8 0.818590 0.264677 0.075641 0.013699
11 0.916026 0.261742 0.039744 0.011742
5 0.293590 0.287671 0.400000 0.016634
6 0.198718 0.306018 0.217949 0.014188
6 0.366026 0.307485 0.019231 0.008317
8 0.496154 0.307485 0.066667 0.011252
8 0.634615 0.306262 0.064103 0.011742
8 0.823077 0.304061 0.061538 0.012231
11 0.904487 0.302104 0.055128 0.012231
5 0.421795 0.324853 0.666667 0.014677
6 0.198077 0.343933 0.219231 0.012720
6 0.364744 0.345646 0.019231 0.010274
8 0.493590 0.346624 0.058974 0.011252
8 0.632692 0.345646 0.062821 0.012231
8 0.822436 0.343689 0.060256 0.011252
11 0.910897 0.341977 0.042308 0.011742
11 0.108333 0.360568 0.044872 0.010763
6 0.194231 0.381605 0.216667 0.013699
6 0.360897 0.383806 0.019231 0.010274
8 0.492949 0.384295 0.065385 0.010274
8 0.628846 0.384295 0.060256 0.011252
8 0.817949 0.382828 0.056410 0.012231
11 0.908974 0.381849 0.041026 0.012231
5 0.296795 0.400196 0.424359 0.014677
6 0.191026 0.419765 0.220513 0.012720
6 0.358333 0.420988 0.019231 0.010274
8 0.489744 0.421967 0.061538 0.012231
8 0.625000 0.422701 0.060256 0.011742
8 0.814744 0.422701 0.060256 0.011742
11 0.904487 0.421967 0.037179 0.012231
5 0.294872 0.438356 0.423077 0.014677
6 0.190385 0.457192 0.219231 0.013209
6 0.355128 0.459393 0.020513 0.009785
8 0.485256 0.460616 0.065385 0.010274
8 0.622436 0.461595 0.065385 0.012231
8 0.814103 0.461595 0.061538 0.012231
11 0.902564 0.462084 0.041026 0.012231
5 0.350641 0.477740 0.542308 0.018102
6 0.187179 0.496086 0.215385 0.014677
6 0.354487 0.497554 0.016667 0.009785
8 0.484615 0.498043 0.064103 0.011742
8 0.621795 0.499511 0.061538 0.010763
8 0.810897 0.500978 0.062821 0.011742
11 0.899359 0.501468 0.037179 0.011742
5 0.348718 0.516145 0.538462 0.018591
6 0.160256 0.533023 0.169231 0.013209
6 0.351923 0.534491 0.014103 0.011252
8 0.482692 0.537182 0.060256 0.010763
8 0.620513 0.538160 0.061538 0.011742
8 0.810897 0.540851 0.060256 0.011252
11 0.896154 0.542074 0.038462 0.011742
5 0.280769 0.552104 0.410256 0.015166
6 0.173718 0.570450 0.203846 0.012720
8 0.479487 0.573875 0.064103 0.011742
8 0.616667 0.576321 0.064103 0.011742
8 0.807692 0.579256 0.061538 0.011742
11 0.892308 0.581703 0.035897 0.011742
8 0.185897 0.589775 0.223077 0.014188
11 0.187179 0.607877 0.148718 0.015166
6 0.344872 0.608855 0.046154 0.012231
8 0.794231 0.616683 0.091026 0.014188
4 0.426923 0.633072 0.469231 0.020548
8 0.791026 0.639432 0.087179 0.013699
5 0.573718 0.657290 0.175641 0.015166
8 0.800000 0.663160 0.071795 0.014188
4 0.561538 0.680039 0.194872 0.017613
8 0.800641 0.686644 0.067949 0.013209
5 0.564103 0.701810 0.182051 0.018102
8 0.797436 0.708170 0.071795 0.014188
4 0.387821 0.722847 0.537179 0.022994
3 0.786538 0.731409 0.088462 0.015656
11 0.585897 0.747554 0.141026 0.015656
8 0.785256 0.753914 0.093590 0.016634
5 0.567308 0.763699 0.173077 0.017613
8 0.792308 0.771771 0.071795 0.015166
4 0.250000 0.798679 0.266667 0.015166
4 0.201923 0.818249 0.157692 0.011252
11 0.391667 0.821429 0.032051 0.011742
11 0.576923 0.826076 0.161538 0.017123
4 0.801923 0.836595 0.142308 0.021526
11 0.148718 0.834149 0.051282 0.011742
11 0.156410 0.852250 0.071795 0.012720
6 0.390385 0.837084 0.024359 0.011742
6 0.391026 0.855675 0.025641 0.011742
8 0.610897 0.843689 0.093590 0.015166
8 0.618590 0.862280 0.075641 0.015166
8 0.841026 0.855675 0.064103 0.015656
8 0.839744 0.874511 0.066667 0.017123
8 0.837821 0.893346 0.062821 0.017613
11 0.370513 0.874266 0.110256 0.014677
8 0.604487 0.880871 0.093590 0.015166
5 0.474359 0.914873 0.746154 0.038160