0 0.491953 0.187356 0.760730 0.015690
9 0.482296 0.208122 0.207082 0.017536
1 0.491953 0.229580 0.762876 0.017997
1 0.491416 0.249192 0.452790 0.015690
4 0.490880 0.269497 0.528970 0.016613
4 0.473176 0.288417 0.414163 0.016613
5 0.263948 0.309645 0.300429 0.016613
1 0.311695 0.329949 0.322961 0.016613
1 0.702253 0.330641 0.269313 0.015228
11 0.149678 0.350254 0.080472 0.015690
2 0.447425 0.350023 0.399142 0.017074
10 0.302575 0.370558 0.381974 0.016613
11 0.728004 0.371712 0.129828 0.017074
6 0.862124 0.371943 0.020386 0.014767
11 0.140558 0.411860 0.057940 0.017074
5 0.331545 0.411860 0.210300 0.016151
4 0.787554 0.411398 0.171674 0.016151
6 0.180794 0.451315 0.016094 0.014767
11 0.616416 0.453161 0.022532 0.014767
11 0.740880 0.452007 0.151288 0.017074
5 0.179185 0.473004 0.137339 0.016613
6 0.180794 0.492847 0.011803 0.014767
11 0.616953 0.493539 0.021459 0.014305
11 0.741953 0.494001 0.149142 0.016151
5 0.199571 0.512690 0.171674 0.017536
6 0.181330 0.531841 0.012876 0.015228
11 0.616416 0.533687 0.024678 0.014305
11 0.747318 0.532764 0.136266 0.017074
5 0.236052 0.552377 0.251073 0.017536
6 0.180258 0.572681 0.017167 0.015690
11 0.615880 0.573143 0.021459 0.016613
11 0.747854 0.573604 0.135193 0.016613
5 0.208155 0.593447 0.195279 0.017536
6 0.180258 0.613521 0.017167 0.015228
11 0.616416 0.614213 0.026824 0.015690
11 0.747318 0.614675 0.134120 0.016613
5 0.186159 0.634979 0.155579 0.017536
4 0.318670 0.674665 0.416309 0.017536
8 0.815987 0.675127 0.110515 0.014767
4 0.223712 0.694970 0.228541 0.018459
8 0.833155 0.695431 0.076180 0.015690
4 0.348176 0.714352 0.471030 0.018459
8 0.815451 0.715044 0.109442 0.015228
5 0.233369 0.734656 0.247854 0.018459
8 0.821888 0.735118 0.094421 0.014767
11 0.219421 0.754038 0.213519 0.017536
3 0.758584 0.755653 0.214592 0.017074
5 0.195279 0.794647 0.169528 0.016613
2 0.568133 0.796031 0.189914 0.015690
11 0.794528 0.795570 0.153433 0.015690
10 0.291309 0.815413 0.363734 0.015690
11 0.167918 0.834564 0.114807 0.017074
8 0.814914 0.835948 0.112661 0.015228
4 0.216202 0.876327 0.211373 0.017536
5 0.584764 0.877019 0.186695 0.017074
4 0.803112 0.877250 0.134120 0.017536
11 0.130901 0.895247 0.038627 0.015690
11 0.357296 0.896170 0.109442 0.018459
8 0.627682 0.896170 0.109442 0.015690
8 0.833155 0.896862 0.076180 0.015228
5 0.482296 0.956622 0.359442 0.016613
5 0.502682 0.977157 0.325107 0.017997