0 0.492434 0.219438 0.765448 0.022005
9 0.482346 0.241748 0.205549 0.027506
1 0.497478 0.266198 0.762926 0.023839
1 0.493064 0.288814 0.456494 0.023839
4 0.494956 0.312958 0.530895 0.024450
4 0.472257 0.333741 0.412358 0.022005
5 0.261665 0.356357 0.301387 0.022005
1 0.313367 0.379279 0.329130 0.023839
1 0.700504 0.382029 0.266078 0.022005
11 0.151324 0.401895 0.080706 0.017726
2 0.444515 0.403423 0.399748 0.017115
10 0.308323 0.425733 0.389660 0.018949
11 0.726356 0.425733 0.138714 0.026284
6 0.865700 0.426956 0.029004 0.018949
11 0.139344 0.471271 0.074401 0.024450
5 0.332913 0.471883 0.216898 0.022005
4 0.790038 0.474022 0.177806 0.027506
6 0.184741 0.516198 0.023960 0.017726
11 0.616015 0.518643 0.034048 0.018949
11 0.741488 0.517726 0.156368 0.024450
5 0.196721 0.541565 0.181589 0.024450
6 0.177175 0.563875 0.029004 0.017726
11 0.617276 0.565098 0.029004 0.017726
11 0.745902 0.566320 0.142497 0.022616
5 0.189155 0.588325 0.156368 0.022616
6 0.184741 0.610636 0.029004 0.020782
11 0.619168 0.612164 0.032787 0.017726
11 0.746532 0.610330 0.146280 0.023839
5 0.283102 0.632641 0.346784 0.024450
4 0.317150 0.676039 0.414880 0.024450
3 0.822825 0.677873 0.107188 0.022005
4 0.348676 0.700795 0.477932 0.020171
8 0.825347 0.701100 0.092055 0.020782
11 0.219420 0.722494 0.216898 0.022005
8 0.775536 0.722800 0.184111 0.018949
5 0.194830 0.767421 0.185372 0.022616
2 0.568726 0.768643 0.194199 0.018949
11 0.794451 0.769866 0.156368 0.020171
10 0.291299 0.791565 0.375788 0.022005
11 0.163934 0.811736 0.116015 0.020782
4 0.213115 0.858496 0.211854 0.022616
5 0.584489 0.860024 0.190416 0.025672
4 0.804540 0.860024 0.133670 0.022005
11 0.134931 0.882946 0.050441 0.023839
11 0.360025 0.881724 0.109710 0.023839
8 0.637453 0.880807 0.092055 0.022005
8 0.836066 0.881724 0.098361 0.017726
5 0.481715 0.950489 0.375788 0.022005
5 0.501261 0.970355 0.344262 0.022616
8 0.820933 0.814487 0.103405 0.020171