0 0.480093 0.211387 0.267593 0.010471
2 0.480093 0.221859 0.099074 0.007853
1 0.481019 0.234620 0.060185 0.009817
1 0.481481 0.246401 0.231481 0.009817
1 0.480093 0.258835 0.175000 0.009817
4 0.480093 0.269306 0.075000 0.008508
9 0.416667 0.280105 0.164815 0.007853
11 0.346296 0.296793 0.022222 0.007199
11 0.437963 0.297120 0.018519 0.010471
11 0.614815 0.295484 0.025926 0.007199
9 0.430556 0.310864 0.190741 0.009162
8 0.349537 0.323953 0.030556 0.007853
6 0.431019 0.323626 0.004630 0.009817
8 0.612037 0.322971 0.027778 0.009817
9 0.423148 0.341623 0.177778 0.009162
8 0.349537 0.354385 0.028704 0.008508
6 0.431944 0.354058 0.008333 0.009162
8 0.611574 0.353403 0.030556 0.009162
3 0.574537 0.374346 0.104630 0.009162
4 0.581944 0.386780 0.093519 0.010471
3 0.584259 0.397579 0.087037 0.008508
5 0.374074 0.415576 0.079630 0.010471
5 0.606944 0.414267 0.041667 0.009162
11 0.351389 0.428010 0.032407 0.007853
8 0.611574 0.427683 0.030556 0.008508
5 0.356019 0.441427 0.041667 0.009817
8 0.611574 0.439463 0.028704 0.008508
4 0.368519 0.469895 0.066667 0.007853
5 0.508333 0.469568 0.044444 0.008508
4 0.613889 0.468914 0.029630 0.008508
4 0.369907 0.482657 0.069444 0.009817
8 0.522222 0.481348 0.018519 0.007199
8 0.617593 0.481348 0.020370 0.005890
4 0.480556 0.500000 0.138889 0.009162
5 0.480093 0.512107 0.187963 0.009817
4 0.480556 0.524215 0.125926 0.010471
5 0.480556 0.535340 0.138889 0.009162
5 0.478704 0.546793 0.172222 0.008508
5 0.480556 0.559882 0.151852 0.009817