4 0.314626 0.113137 0.479592 0.013310
5 0.313776 0.126736 0.474490 0.013889
0 0.307823 0.140914 0.459184 0.014468
9 0.181973 0.155093 0.207483 0.013889
4 0.300170 0.169850 0.443878 0.014468
11 0.283163 0.184896 0.420068 0.015625
1 0.375850 0.199363 0.588435 0.014468
9 0.255952 0.212963 0.355442 0.013889
11 0.127551 0.242188 0.095238 0.014468
9 0.307823 0.269965 0.455782 0.014468
11 0.605442 0.269676 0.108844 0.015046
2 0.789116 0.269965 0.214286 0.015625
5 0.219388 0.284433 0.282313 0.014468
11 0.603741 0.284433 0.105442 0.014468
11 0.764456 0.284722 0.178571 0.015046
10 0.159014 0.298611 0.161565 0.013889
11 0.267007 0.300926 0.013605 0.010417
11 0.317177 0.298611 0.049320 0.012731
11 0.129252 0.327546 0.098639 0.015046
11 0.500850 0.327546 0.076531 0.013889
11 0.671769 0.327836 0.068027 0.014468
5 0.829082 0.327836 0.137755 0.014468
4 0.648810 0.343750 0.103741 0.018519
4 0.837585 0.344329 0.110544 0.016204
6 0.130102 0.372106 0.090136 0.013889
6 0.477891 0.373264 0.027211 0.013889
8 0.647109 0.372396 0.107143 0.013310
8 0.838435 0.372106 0.115646 0.013889
11 0.926020 0.372106 0.025510 0.012731
5 0.509354 0.387153 0.855442 0.015046
6 0.223639 0.402199 0.290816 0.013889
6 0.479592 0.401620 0.027211 0.012731
8 0.657313 0.402199 0.090136 0.012731
8 0.848639 0.401910 0.085034 0.013310
11 0.925170 0.401042 0.030612 0.013889
5 0.492347 0.416377 0.807823 0.014468
11 0.924320 0.415799 0.028912 0.012153
6 0.221939 0.431424 0.280612 0.013310
6 0.480442 0.431134 0.028912 0.012731
8 0.659014 0.431424 0.100340 0.013310
8 0.846088 0.431424 0.086735 0.014468
11 0.924320 0.431424 0.025510 0.012153
5 0.459184 0.445602 0.748299 0.015046
6 0.128401 0.460359 0.086735 0.013310
6 0.477891 0.460359 0.034014 0.014468
8 0.659864 0.460648 0.085034 0.013889
8 0.846939 0.459780 0.091837 0.014468
11 0.924320 0.459780 0.025510 0.015625
5 0.509354 0.474537 0.858844 0.015046
6 0.222789 0.489005 0.289116 0.012731
6 0.477891 0.489005 0.017007 0.013889
8 0.656463 0.489294 0.088435 0.013310
8 0.850340 0.489294 0.095238 0.013310
11 0.922619 0.488137 0.032313 0.013310
5 0.342687 0.504630 0.515306 0.018519
11 0.233844 0.532118 0.304422 0.015625
6 0.627551 0.532118 0.030612 0.013310
11 0.632653 0.575810 0.200680 0.015046
8 0.886905 0.576678 0.110544 0.013310
11 0.580782 0.590567 0.090136 0.014468
8 0.897959 0.590856 0.095238 0.013889
4 0.567177 0.605613 0.066327 0.014468
8 0.895408 0.605903 0.096939 0.012731
5 0.622449 0.620660 0.180272 0.014468
8 0.900510 0.620370 0.093537 0.012731
11 0.240646 0.634838 0.209184 0.015046
3 0.838435 0.635417 0.217687 0.015046
5 0.348639 0.649016 0.428571 0.015625
8 0.837585 0.650174 0.215986 0.013310
11 0.241497 0.663773 0.214286 0.015046
8 0.860544 0.664641 0.176871 0.014468
5 0.514456 0.722801 0.647959 0.015046
5 0.511905 0.737269 0.214286 0.013889
5 0.513605 0.752894 0.653061 0.017361
4 0.199830 0.809606 0.246599 0.016204
11 0.127551 0.839410 0.091837 0.015625
5 0.485544 0.839120 0.137755 0.015046
11 0.670068 0.839120 0.030612 0.017361
4 0.837585 0.839410 0.151361 0.015625
11 0.104592 0.868056 0.052721 0.013889
8 0.501701 0.868345 0.115646 0.014468
6 0.666667 0.868924 0.027211 0.012153
8 0.870748 0.868634 0.091837 0.013889
11 0.113095 0.883102 0.066327 0.013889
8 0.508503 0.883391 0.091837 0.013310
6 0.666667 0.883681 0.027211 0.013889
8 0.869048 0.883391 0.091837 0.014468
4 0.592687 0.927951 0.222789 0.016782
8 0.868197 0.928241 0.090136 0.013889
11 0.607993 0.140046 0.069728 0.013889