0 0.494111 0.111485 0.804069 0.022105
1 0.487687 0.137914 0.174518 0.022105
1 0.488223 0.160980 0.483940 0.022105
5 0.493041 0.181884 0.185225 0.018741
1 0.489293 0.206391 0.436831 0.018741
9 0.490899 0.225853 0.335118 0.020183
4 0.495182 0.256607 0.410064 0.017299
4 0.487152 0.279673 0.503212 0.020183
11 0.095289 0.314272 0.113490 0.017299
5 0.108672 0.339741 0.135974 0.017299
10 0.112955 0.364728 0.138116 0.017299
5 0.165953 0.388275 0.265525 0.026910
9 0.400964 0.341422 0.277302 0.016819
11 0.347430 0.364969 0.153105 0.013936
5 0.485546 0.962037 0.771949 0.018260
8 0.832976 0.916867 0.100642 0.018260
8 0.601178 0.916627 0.108137 0.014897
2 0.745717 0.339741 0.309422 0.023066
11 0.724839 0.362326 0.263383 0.017299
11 0.640257 0.388755 0.096360 0.020183
11 0.370450 0.919270 0.119914 0.020183
8 0.834582 0.888996 0.082441 0.013455
11 0.078158 0.431283 0.083512 0.018741
11 0.396681 0.432965 0.069593 0.020183
5 0.563704 0.430082 0.135974 0.018260
5 0.738758 0.430802 0.149893 0.019702
4 0.884904 0.430082 0.082441 0.016338
6 0.091542 0.453388 0.099572 0.015858
6 0.087259 0.502883 0.080300 0.019702
6 0.090471 0.552138 0.091006 0.020183
6 0.390257 0.454349 0.033191 0.015858
6 0.397216 0.500961 0.029979 0.018741
6 0.396681 0.551177 0.035332 0.018260
8 0.558351 0.453628 0.082441 0.018260
8 0.561563 0.502403 0.088865 0.018741
8 0.565310 0.551177 0.102784 0.018260
8 0.775696 0.452667 0.080300 0.017299
8 0.774090 0.502162 0.077088 0.018260
8 0.764989 0.551177 0.097430 0.017299
11 0.885974 0.452427 0.063169 0.015858
11 0.887045 0.503123 0.061028 0.016338
11 0.884368 0.549495 0.064240 0.018741
5 0.235546 0.477415 0.389722 0.018741
1 0.379015 0.525949 0.676660 0.018741
5 0.138651 0.574964 0.204497 0.018741
11 0.220021 0.600673 0.168094 0.022105
6 0.388651 0.599712 0.029979 0.018260
4 0.382227 0.632629 0.488223 0.020663
5 0.536938 0.658818 0.189507 0.018260
4 0.521949 0.683566 0.204497 0.019702
5 0.533726 0.711437 0.202355 0.019702
4 0.351178 0.742191 0.554604 0.019702
11 0.562099 0.768621 0.158458 0.019702
5 0.539615 0.792167 0.184154 0.015858
8 0.604925 0.887554 0.115632 0.013455
6 0.392934 0.887554 0.044968 0.013455
4 0.796039 0.868573 0.148822 0.014897
11 0.570128 0.868573 0.163812 0.014897
11 0.384904 0.868092 0.033191 0.013936
11 0.148822 0.888035 0.051392 0.017299
4 0.200214 0.867612 0.171306 0.015858
3 0.766060 0.596828 0.099572 0.017299
8 0.769272 0.631908 0.118844 0.022105
8 0.770878 0.657857 0.094218 0.017299
8 0.774090 0.682124 0.083512 0.018741
8 0.774090 0.711197 0.087794 0.017299
8 0.762848 0.739548 0.099572 0.020183
8 0.764989 0.766699 0.101713 0.018741
8 0.775161 0.791446 0.085653 0.017299
4 0.254818 0.837578 0.304069 0.017299