0 0.488728 0.098974 0.584541 0.027692
5 0.491948 0.124103 0.175523 0.022564
4 0.492754 0.149744 0.460548 0.024615
5 0.491143 0.173846 0.299517 0.021538
1 0.480676 0.201026 0.252818 0.022564
1 0.491143 0.224615 0.373591 0.024615
9 0.491143 0.250256 0.289855 0.020513
4 0.173108 0.297949 0.217391 0.021538
2 0.865539 0.294872 0.156200 0.023590
10 0.141707 0.331282 0.148148 0.020513
11 0.863929 0.328205 0.156200 0.020513
5 0.276167 0.378974 0.452496 0.021538
6 0.210145 0.404615 0.272142 0.021538
11 0.673108 0.403590 0.135266 0.023590
8 0.829308 0.403077 0.099839 0.022564
5 0.322866 0.440000 0.545894 0.022564
6 0.212560 0.466154 0.273752 0.021538
11 0.673108 0.464103 0.135266 0.021538
8 0.830113 0.463590 0.095008 0.020513
5 0.309179 0.500513 0.521739 0.022564
6 0.213366 0.525128 0.275362 0.022564
11 0.673913 0.524103 0.143317 0.022564
8 0.829308 0.523590 0.096618 0.019487
11 0.099034 0.584615 0.095008 0.022564
4 0.520129 0.582564 0.351047 0.022564
3 0.875201 0.580000 0.101449 0.021538
11 0.089372 0.616410 0.082126 0.022564
6 0.181159 0.614872 0.027375 0.019487
5 0.603865 0.612821 0.183575 0.019487
8 0.884058 0.610769 0.077295 0.019487
11 0.640902 0.644103 0.112721 0.020513
8 0.875201 0.643077 0.095008 0.020513
5 0.630435 0.692821 0.140097 0.023590
1 0.501610 0.730256 0.391304 0.024615
8 0.881643 0.725641 0.098229 0.019487
5 0.627214 0.754872 0.146538 0.022564
8 0.890499 0.754359 0.077295 0.019487
4 0.198873 0.789231 0.217391 0.023590
11 0.438808 0.786667 0.101449 0.022564
4 0.634461 0.786667 0.199678 0.020513
11 0.194042 0.823590 0.130435 0.020513
8 0.439614 0.822051 0.099839 0.019487
8 0.694042 0.821026 0.077295 0.019487
11 0.194847 0.860513 0.132045 0.022564
8 0.450886 0.859487 0.077295 0.020513
8 0.694042 0.858974 0.080515 0.021538
5 0.500000 0.899487 0.478261 0.026667
9 0.495169 0.926667 0.803543 0.025641
5 0.493559 0.950256 0.774557 0.023590
5 0.495974 0.973846 0.811594 0.023590
9 0.483897 0.295385 0.355878 0.022564
5 0.370370 0.330769 0.264090 0.023590
11 0.908213 0.401538 0.025765 0.019487
11 0.909823 0.463590 0.025765 0.020513
11 0.909823 0.522051 0.025765 0.018462
6 0.181159 0.583077 0.024155 0.021538