0 0.452703 0.259621 0.554054 0.025273
5 0.460586 0.290063 0.531532 0.025273
5 0.454392 0.318208 0.278153 0.022975
1 0.465090 0.349799 0.425676 0.024124
5 0.456081 0.376795 0.439189 0.021827
4 0.463964 0.404652 0.506757 0.021252
1 0.474099 0.434233 0.565315 0.021827
11 0.145270 0.491671 0.141892 0.024124
6 0.474099 0.491671 0.121622 0.024124
2 0.791667 0.491959 0.159910 0.021252
5 0.345158 0.550258 0.541667 0.022975
11 0.792230 0.549397 0.161036 0.021252
8 0.234797 0.577254 0.244369 0.022975
5 0.344032 0.606548 0.539414 0.025273
11 0.782095 0.604825 0.181306 0.021827
11 0.533784 0.663412 0.279279 0.021827
3 0.784347 0.662837 0.097973 0.022975
5 0.606982 0.693854 0.141892 0.022975
8 0.783221 0.691557 0.104730 0.021827
5 0.584459 0.721424 0.191441 0.022975
11 0.805180 0.720850 0.060811 0.024124
4 0.185248 0.781160 0.224099 0.024124
5 0.493806 0.778576 0.194820 0.021252
4 0.781532 0.779437 0.137387 0.025273
11 0.134009 0.808731 0.121622 0.021827
8 0.541104 0.807869 0.104730 0.021252
11 0.822072 0.806433 0.063063 0.022975
5 0.457207 0.896324 0.567568 0.025847
9 0.463401 0.923894 0.780405 0.026996