0 0.496249 0.123052 0.788853 0.022569
1 0.497320 0.152337 0.162915 0.019882
1 0.495177 0.177324 0.465166 0.017195
5 0.496249 0.202579 0.175777 0.016120
1 0.496785 0.229178 0.410504 0.019882
9 0.498928 0.252284 0.324759 0.022031
4 0.491426 0.286405 0.414791 0.019344
4 0.496249 0.310854 0.497320 0.024181
11 0.104502 0.351155 0.116827 0.023106
11 0.114684 0.380441 0.137192 0.019344
5 0.493033 0.963729 0.790997 0.031703
9 0.408896 0.379097 0.281886 0.028479
2 0.749732 0.379097 0.311897 0.022031
10 0.109325 0.407845 0.137192 0.019344
8 0.842444 0.911607 0.090032 0.025255
11 0.353162 0.408383 0.163987 0.026867
11 0.728832 0.405159 0.278671 0.020419
5 0.173633 0.436593 0.242229 0.019882
11 0.646302 0.432832 0.096463 0.019882
11 0.083065 0.481730 0.084673 0.022031
11 0.399786 0.480656 0.062165 0.024181
5 0.568060 0.480118 0.132905 0.025255
5 0.746517 0.482268 0.151125 0.023106
4 0.892283 0.479850 0.080386 0.020419
6 0.094855 0.505642 0.088960 0.017195
6 0.402465 0.506179 0.043944 0.018270
3 0.569132 0.504567 0.102894 0.019344
8 0.767417 0.504836 0.105038 0.022031
11 0.889603 0.506717 0.049303 0.015046
5 0.139335 0.531166 0.197213 0.022031
11 0.230439 0.558571 0.162915 0.022031
6 0.401929 0.557765 0.030011 0.016120
8 0.767417 0.557496 0.105038 0.022031
4 0.390139 0.594573 0.497320 0.025255
8 0.768489 0.596454 0.098607 0.019344
5 0.537513 0.624127 0.181136 0.024181
8 0.777599 0.623858 0.088960 0.019344
4 0.534298 0.653681 0.211147 0.024181
8 0.779743 0.651531 0.080386 0.022031
5 0.537513 0.683235 0.191854 0.023106
8 0.779743 0.681623 0.088960 0.022031
4 0.354770 0.713326 0.563773 0.024181
8 0.771704 0.716013 0.096463 0.022031
11 0.561093 0.747179 0.151125 0.022031
8 0.769561 0.746373 0.100750 0.020419
5 0.547160 0.773509 0.187567 0.024181
8 0.778671 0.772166 0.082529 0.019344
4 0.260450 0.825094 0.300107 0.024181
4 0.204716 0.857066 0.171490 0.019344
11 0.395498 0.858141 0.040729 0.017195
11 0.573419 0.858141 0.171490 0.019344
4 0.800643 0.856260 0.162915 0.022031
11 0.155949 0.880441 0.078242 0.023106
6 0.396570 0.880172 0.036442 0.019344
8 0.606109 0.881247 0.116827 0.019344
8 0.842980 0.879903 0.082529 0.022031
11 0.380493 0.912681 0.128617 0.023106
8 0.605038 0.914025 0.110397 0.020419