0 0.453437 0.291548 0.270308 0.010120
2 0.454646 0.302024 0.098569 0.008552
1 0.454747 0.315137 0.062487 0.010832
1 0.454949 0.326397 0.232614 0.008267
1 0.453235 0.338369 0.177182 0.008267
4 0.452631 0.349629 0.076799 0.008267
9 0.390345 0.360747 0.167103 0.007697
11 0.319694 0.377423 0.023382 0.007412
11 0.410804 0.377993 0.018948 0.009122
11 0.588591 0.376853 0.029026 0.009122
11 0.316670 0.390964 0.017335 0.007127
11 0.316670 0.421465 0.018142 0.007697
9 0.397198 0.391106 0.135658 0.009122
11 0.329772 0.404361 0.045152 0.008837
9 0.411913 0.421608 0.166700 0.009692
11 0.327958 0.435291 0.041524 0.009122
6 0.404556 0.404219 0.009675 0.007982
6 0.404152 0.434863 0.005644 0.008267
11 0.580528 0.403506 0.042733 0.008267
11 0.579117 0.434151 0.041524 0.008552
3 0.541121 0.454960 0.119935 0.008267
4 0.547974 0.466790 0.104213 0.009692
11 0.550796 0.478620 0.098569 0.008837
5 0.347007 0.496294 0.081234 0.009407
5 0.579520 0.495296 0.045555 0.007982
11 0.324733 0.509122 0.035074 0.007697
5 0.328361 0.521522 0.042330 0.009692
11 0.579319 0.508267 0.041121 0.007697
11 0.578916 0.520525 0.041121 0.008267
4 0.340052 0.549886 0.067325 0.007982
5 0.476517 0.549743 0.056037 0.007697
4 0.581334 0.549173 0.039508 0.008837
4 0.341564 0.562856 0.070349 0.008267
8 0.494860 0.562571 0.020964 0.007697
8 0.591413 0.562429 0.021770 0.007982
4 0.453034 0.580530 0.140496 0.008267
5 0.453235 0.592645 0.191695 0.009122
5 0.451421 0.604190 0.140496 0.009977
5 0.451824 0.615735 0.173554 0.007982
5 0.452026 0.628136 0.153800 0.009977