0 0.439163 0.166782 0.351077 0.022885
9 0.427757 0.194175 0.211660 0.020804
5 0.436629 0.219140 0.538657 0.024965
1 0.444233 0.246186 0.629911 0.024965
1 0.437262 0.270458 0.433460 0.023578
4 0.437262 0.295076 0.456274 0.022885
4 0.416984 0.347434 0.413181 0.023578
9 0.209759 0.395978 0.305450 0.020804
10 0.544360 0.397018 0.307985 0.022885
11 0.095691 0.420943 0.082383 0.020804
2 0.392902 0.422677 0.397972 0.024272
5 0.163498 0.473648 0.223067 0.022191
11 0.370722 0.473648 0.059569 0.023578
5 0.541191 0.473994 0.136882 0.024272
11 0.690748 0.473301 0.098859 0.021498
4 0.789607 0.473648 0.063371 0.020804
11 0.123574 0.522538 0.133080 0.024272
11 0.352345 0.546463 0.060837 0.020804
8 0.530418 0.547157 0.082383 0.024965
8 0.701521 0.546810 0.082383 0.022885
11 0.798479 0.548544 0.040558 0.020804
5 0.140684 0.572122 0.174905 0.023578
11 0.349810 0.595700 0.065906 0.020804
8 0.529785 0.596741 0.078580 0.020111
8 0.702155 0.597781 0.078580 0.019417
11 0.798479 0.597781 0.038023 0.020804
6 0.169835 0.645284 0.233207 0.021498
4 0.264259 0.670943 0.422053 0.025659
8 0.779468 0.672330 0.078580 0.020111
4 0.215463 0.696255 0.324461 0.022191
8 0.778834 0.696255 0.082383 0.018031
4 0.290875 0.719834 0.477820 0.022191
3 0.777567 0.721221 0.079848 0.020804
11 0.166033 0.745492 0.220532 0.022191
8 0.739544 0.746186 0.158428 0.023578
11 0.110266 0.796117 0.114068 0.020804
8 0.776933 0.795770 0.078580 0.021498
4 0.159696 0.869626 0.212928 0.023578
5 0.529151 0.871359 0.191381 0.022885
4 0.747782 0.871012 0.131812 0.023578
11 0.076679 0.894244 0.041825 0.018724
11 0.302915 0.895631 0.111534 0.024272
8 0.589354 0.895978 0.078580 0.020804
8 0.778834 0.895978 0.077313 0.020804