0 0.451018 0.270097 0.270308 0.013683
2 0.451723 0.281357 0.098367 0.008552
1 0.450615 0.294399 0.061883 0.012115
1 0.450917 0.304590 0.232211 0.011688
1 0.450212 0.317346 0.176779 0.010405
4 0.449708 0.327965 0.076597 0.009977
9 0.386011 0.338797 0.167305 0.009977
11 0.313546 0.353335 0.023584 0.009122
11 0.406067 0.355687 0.021165 0.010405
11 0.582342 0.356756 0.028220 0.009122
9 0.399919 0.369441 0.195122 0.011973
11 0.321205 0.380844 0.042532 0.009977
9 0.371901 0.399444 0.141504 0.012115
11 0.320903 0.411773 0.041927 0.009122
9 0.377142 0.430231 0.154404 0.010405
11 0.319794 0.442346 0.042935 0.009550
6 0.398912 0.381699 0.004435 0.007412
6 0.397702 0.412842 0.005241 0.009550
6 0.395888 0.443558 0.006047 0.009977
11 0.573272 0.383766 0.044749 0.009550
11 0.572868 0.414980 0.039911 0.009550
11 0.572062 0.445482 0.041524 0.007839
11 0.532755 0.465792 0.114090 0.011117
4 0.539811 0.478478 0.106027 0.009977
5 0.542733 0.489952 0.097763 0.010405
3 0.542129 0.501425 0.098972 0.009977
5 0.336626 0.515964 0.080226 0.010832
11 0.313848 0.528364 0.035880 0.009122
5 0.316569 0.541192 0.043338 0.010547
5 0.570147 0.518173 0.042935 0.009550
11 0.569341 0.531143 0.042532 0.008694
11 0.568131 0.543686 0.042532 0.009550
4 0.328865 0.568843 0.068333 0.009977
4 0.329772 0.582526 0.070147 0.008267
5 0.464725 0.571408 0.058254 0.008267
8 0.482665 0.584094 0.019956 0.007127
4 0.569341 0.572834 0.037694 0.007982
8 0.578412 0.585448 0.022375 0.005844
4 0.439226 0.601340 0.141504 0.009977
5 0.438823 0.613455 0.191494 0.010832
5 0.438117 0.625356 0.139690 0.012115
5 0.437109 0.637471 0.173957 0.010405
5 0.437412 0.649800 0.154404 0.012543