0 0.464826 0.214581 0.269301 0.012400
2 0.465229 0.225485 0.098367 0.009977
1 0.465330 0.237101 0.059867 0.009265
1 0.465834 0.248788 0.231405 0.010690
1 0.466438 0.260975 0.175771 0.010262
4 0.464926 0.272520 0.075590 0.009692
9 0.402137 0.284065 0.166096 0.010262
11 0.331486 0.301026 0.024793 0.008267
11 0.422798 0.300741 0.020359 0.008267
11 0.599677 0.297748 0.028220 0.008552
11 0.328563 0.314638 0.016126 0.007269
11 0.328563 0.345068 0.016126 0.008267
11 0.329268 0.376425 0.015521 0.008267
9 0.407680 0.313640 0.132433 0.009265
9 0.402540 0.345639 0.121347 0.009977
9 0.429651 0.376140 0.174360 0.009692
11 0.340456 0.327751 0.041927 0.007269
11 0.341262 0.358894 0.042330 0.009692
11 0.341867 0.389823 0.041927 0.010262
6 0.416952 0.327181 0.005846 0.008979
6 0.417859 0.358181 0.006853 0.008267
6 0.417859 0.388683 0.006853 0.008552
11 0.592925 0.324829 0.041322 0.008267
11 0.593026 0.355972 0.042330 0.007269
11 0.593126 0.386545 0.040516 0.008552
11 0.554928 0.408139 0.117315 0.008979
4 0.562387 0.419470 0.105624 0.009692
5 0.567325 0.431371 0.096956 0.009265
3 0.565813 0.443415 0.097964 0.009977
5 0.361822 0.462871 0.079823 0.008979
11 0.339851 0.475983 0.034670 0.008979
5 0.343983 0.488526 0.042935 0.009265
5 0.593832 0.460162 0.044749 0.007554
11 0.593328 0.473275 0.042935 0.007554
11 0.594840 0.484749 0.041927 0.008552
4 0.357589 0.516890 0.070147 0.007269
4 0.358496 0.529789 0.069139 0.008267
5 0.491937 0.515322 0.055432 0.007554
8 0.511288 0.528221 0.019956 0.007982
4 0.596150 0.513255 0.038903 0.009692
8 0.606733 0.526440 0.018948 0.007269
4 0.469159 0.545753 0.139286 0.009977
5 0.469260 0.558010 0.189478 0.009692
5 0.469563 0.569484 0.141302 0.009265
5 0.469563 0.581599 0.171538 0.010690
5 0.469563 0.593999 0.155815 0.009265