0 0.445528 0.106491 0.760976 0.025017
1 0.443089 0.134888 0.749593 0.014199
1 0.227642 0.150439 0.325203 0.014199
11 0.381301 0.168695 0.626016 0.015551
11 0.240650 0.188641 0.354472 0.016227
4 0.289431 0.206558 0.448780 0.014199
4 0.810569 0.217039 0.300813 0.017579
5 0.134146 0.226842 0.167480 0.015551
9 0.325203 0.244422 0.552846 0.016903
5 0.270732 0.281609 0.430894 0.016903
11 0.192683 0.324206 0.222764 0.014199
11 0.213008 0.362745 0.188618 0.011494
5 0.697561 0.324882 0.523577 0.014199
11 0.495122 0.342123 0.121951 0.013523
3 0.811382 0.364097 0.078049 0.014199
11 0.917886 0.364097 0.047154 0.014199
4 0.292683 0.387086 0.510569 0.016903
5 0.459350 0.408384 0.151220 0.014875
11 0.426016 0.436782 0.094309 0.014875
5 0.469106 0.459094 0.173984 0.018932
11 0.469106 0.485125 0.173984 0.015551
11 0.432520 0.525017 0.097561 0.014199
5 0.452033 0.546653 0.143089 0.018256
8 0.809756 0.389452 0.078049 0.013523
8 0.811382 0.410074 0.078049 0.014199
8 0.813821 0.439486 0.076423 0.014875
8 0.815447 0.460446 0.079675 0.013523
8 0.812195 0.487830 0.079675 0.018256
8 0.805691 0.527383 0.095935 0.013523
8 0.813821 0.548343 0.069919 0.013523
4 0.158537 0.575051 0.235772 0.015551
5 0.514634 0.575389 0.213008 0.016227
4 0.843089 0.575727 0.151220 0.016903
11 0.120325 0.594659 0.159350 0.015551
8 0.578862 0.595673 0.078049 0.014875
8 0.874797 0.596011 0.078049 0.014199
9 0.249593 0.648073 0.421138 0.014199
2 0.670732 0.649425 0.323577 0.015551
5 0.510569 0.748141 0.816260 0.015551
5 0.513008 0.782623 0.671545 0.015551
5 0.508130 0.801555 0.411382 0.018256
5 0.509756 0.838742 0.658537 0.016903
9 0.510569 0.872211 0.819512 0.017579
5 0.510569 0.895199 0.871545 0.014875
5 0.511382 0.917850 0.242276 0.014199
5 0.514634 0.954023 0.756098 0.020284