0 0.460185 0.238703 0.270370 0.011133
2 0.460185 0.249509 0.098148 0.009168
1 0.461111 0.261952 0.062963 0.010478
1 0.460185 0.273412 0.231481 0.011133
1 0.459259 0.285527 0.175926 0.010478
4 0.459259 0.296333 0.075926 0.008513
9 0.395370 0.307138 0.166667 0.009168
11 0.323148 0.323510 0.024074 0.007859
11 0.415741 0.324820 0.020370 0.009168
11 0.593056 0.324492 0.030556 0.008513
9 0.383333 0.338245 0.142593 0.009823
8 0.326389 0.349705 0.030556 0.009168
8 0.589815 0.351343 0.031481 0.008513
9 0.375926 0.367387 0.129630 0.009168
8 0.326389 0.380485 0.030556 0.009168
6 0.407870 0.381139 0.006481 0.009168
8 0.588889 0.382777 0.031481 0.009823
3 0.550463 0.402750 0.106481 0.009168
4 0.558333 0.415193 0.094444 0.010478
3 0.560185 0.426981 0.087037 0.009168
5 0.349537 0.442698 0.078704 0.010478
5 0.581944 0.443680 0.043519 0.009823
11 0.326852 0.455141 0.035185 0.007859
8 0.587037 0.456778 0.031481 0.009823
5 0.330556 0.467911 0.042593 0.009823
8 0.587500 0.468566 0.030556 0.009823
4 0.342593 0.496398 0.068519 0.007859
5 0.482407 0.497380 0.046296 0.008513
4 0.587500 0.498035 0.030556 0.008513
4 0.343056 0.508841 0.071296 0.009168
8 0.496296 0.510478 0.020370 0.007204
8 0.591667 0.510806 0.020370 0.007859
4 0.454167 0.527505 0.141667 0.009823
5 0.453704 0.539948 0.190741 0.011133
4 0.453241 0.551408 0.126852 0.011788
5 0.452315 0.563523 0.139815 0.011133
5 0.452315 0.574656 0.173148 0.008513
5 0.453704 0.587426 0.153704 0.010478
6 0.408796 0.351015 0.006481 0.007859