0 0.496839 0.195346 0.763590 0.021645
9 0.491150 0.218344 0.206068 0.018939
1 0.496207 0.239989 0.757269 0.020022
1 0.496207 0.258658 0.458913 0.017316
4 0.497472 0.279491 0.529709 0.020022
4 0.477876 0.299784 0.422250 0.017316
5 0.266751 0.317911 0.300885 0.020022
1 0.318584 0.340368 0.321113 0.019481
1 0.702276 0.342532 0.274336 0.018398
11 0.157396 0.360931 0.084703 0.016234
2 0.451327 0.360931 0.399494 0.016234
10 0.310367 0.382305 0.390645 0.018939
11 0.728192 0.383658 0.136536 0.018398
6 0.862832 0.383117 0.029077 0.017316
11 0.144753 0.423160 0.061947 0.020563
5 0.336283 0.424242 0.212389 0.019481
4 0.788875 0.424784 0.171934 0.018398
6 0.185209 0.466991 0.013906 0.018398
11 0.618837 0.468615 0.021492 0.018398
11 0.742099 0.468615 0.151707 0.018398
5 0.230721 0.489177 0.236410 0.017316
6 0.186473 0.509740 0.016435 0.015152
11 0.618205 0.511093 0.025284 0.015693
11 0.741466 0.511634 0.155499 0.016775
5 0.203540 0.530032 0.171934 0.017857
6 0.183312 0.551136 0.020228 0.015693
11 0.617573 0.552219 0.021492 0.015693
11 0.743995 0.552489 0.152971 0.016234
5 0.204804 0.571970 0.176991 0.018398
6 0.183312 0.591180 0.017699 0.015693
11 0.615044 0.592803 0.021492 0.016775
11 0.749684 0.593344 0.136536 0.017857
5 0.214286 0.613366 0.198483 0.017857
6 0.182680 0.633929 0.016435 0.016775
11 0.618205 0.633658 0.025284 0.016234
11 0.750948 0.633658 0.136536 0.016234
5 0.190898 0.652868 0.156764 0.017857
4 0.323009 0.692911 0.413401 0.018939
8 0.824273 0.694535 0.098609 0.016775
4 0.228824 0.711851 0.222503 0.018939
8 0.835651 0.714286 0.080910 0.016234
4 0.351454 0.733225 0.472819 0.020563
3 0.827434 0.734578 0.104930 0.018939
11 0.225664 0.752435 0.221239 0.020022
8 0.776233 0.754329 0.189633 0.019481
5 0.198483 0.792749 0.171934 0.018398
2 0.569532 0.793831 0.195954 0.015152
11 0.797724 0.794643 0.154235 0.016775
10 0.295828 0.812500 0.369153 0.016775
11 0.171934 0.832251 0.116308 0.017316
8 0.824905 0.833333 0.099874 0.017316
4 0.219975 0.872565 0.214918 0.018939
5 0.586599 0.874188 0.189633 0.016775
4 0.805310 0.875000 0.136536 0.017316
11 0.131479 0.892587 0.042984 0.016775
11 0.361568 0.893669 0.113780 0.017857
8 0.635904 0.894751 0.098609 0.015693
8 0.834387 0.895022 0.080910 0.015152
5 0.484829 0.953734 0.365360 0.016775
5 0.503161 0.975649 0.326169 0.017316