4 0.273810 0.161458 0.367347 0.029647
0 0.509354 0.216747 0.835034 0.023237
11 0.295918 0.249599 0.401361 0.021635
1 0.398810 0.276042 0.607143 0.021635
4 0.323129 0.301683 0.445578 0.024840
5 0.238095 0.336538 0.282313 0.020833
1 0.528912 0.336538 0.180272 0.020833
11 0.149660 0.364183 0.105442 0.018429
2 0.662415 0.362580 0.443878 0.020032
5 0.316327 0.423077 0.370748 0.024038
8 0.256803 0.449519 0.176871 0.019231
3 0.886905 0.448317 0.107143 0.020032
4 0.364796 0.481170 0.535714 0.021635
8 0.888605 0.481571 0.107143 0.019231
11 0.505102 0.538862 0.102041 0.018429
8 0.894558 0.541266 0.098639 0.023237
5 0.534014 0.562901 0.153061 0.016827
8 0.892857 0.564904 0.102041 0.019231
4 0.222789 0.597356 0.251701 0.024840
5 0.511054 0.598958 0.226190 0.023237
4 0.810374 0.597756 0.158163 0.024038
11 0.179422 0.621394 0.168367 0.021635
8 0.568878 0.621394 0.103741 0.021635
8 0.846088 0.621795 0.083333 0.020833
5 0.497449 0.750401 0.518707 0.021635
5 0.496599 0.772035 0.534014 0.020032