0 0.451043 0.096794 0.757624 0.025141
1 0.447833 0.123821 0.754414 0.016342
1 0.231140 0.139535 0.314607 0.013828
11 0.390851 0.156191 0.627608 0.014456
11 0.248796 0.174733 0.356340 0.013828
4 0.299358 0.190761 0.447833 0.013199
4 0.808989 0.198931 0.304976 0.020742
5 0.148475 0.210245 0.178170 0.011942
9 0.335474 0.225330 0.545746 0.014456
5 0.276083 0.259271 0.417335 0.014456
11 0.199037 0.299497 0.218299 0.013199
11 0.222311 0.352608 0.181380 0.013828
11 0.197432 0.372722 0.218299 0.013828
11 0.221509 0.409177 0.179775 0.012571
5 0.655698 0.299811 0.431782 0.013828
5 0.610754 0.316468 0.341894 0.014456
5 0.696629 0.335009 0.513644 0.016342
8 0.804173 0.352608 0.096308 0.012571
11 0.915730 0.352608 0.056180 0.012571
5 0.666132 0.373979 0.452648 0.016342
6 0.490369 0.388435 0.094703 0.016342
8 0.802568 0.410119 0.099518 0.013199
11 0.916533 0.410434 0.044944 0.013828
4 0.300161 0.432118 0.507223 0.015713
5 0.466292 0.452231 0.149278 0.015713
11 0.434992 0.476116 0.089888 0.018228
5 0.476726 0.498114 0.170144 0.016970
11 0.479133 0.523256 0.174960 0.014456
11 0.439807 0.557197 0.099518 0.013199
5 0.463884 0.577938 0.144462 0.013199
3 0.803371 0.433375 0.097913 0.011942
8 0.813002 0.452860 0.081862 0.011942
8 0.808186 0.479573 0.097913 0.012571
8 0.815409 0.500000 0.077047 0.014456
8 0.807384 0.525141 0.099518 0.013199
8 0.807384 0.560968 0.105939 0.013199
8 0.811396 0.579824 0.094703 0.011942
4 0.168539 0.606851 0.227929 0.015713
5 0.520867 0.605594 0.210273 0.014456
4 0.845104 0.606537 0.146067 0.016342
11 0.131621 0.625079 0.157303 0.018228
8 0.574639 0.624764 0.096308 0.017599
8 0.879615 0.624764 0.077047 0.012571
9 0.260032 0.674733 0.426966 0.016970
2 0.678170 0.675047 0.322632 0.015085
5 0.515249 0.765242 0.818620 0.016970
5 0.518459 0.796669 0.661316 0.014456
5 0.516051 0.816153 0.406100 0.016970
5 0.520064 0.849780 0.645265 0.015085
9 0.518459 0.881521 0.805778 0.015713
5 0.522472 0.903206 0.865169 0.016342
5 0.520064 0.922376 0.237560 0.013199
5 0.521669 0.955060 0.747994 0.016970