0 0.504032 0.079116 0.895161 0.018474
1 0.500000 0.097189 0.445161 0.019277
1 0.498387 0.116064 0.480645 0.020080
9 0.342742 0.134137 0.298387 0.017671
4 0.504839 0.153414 0.387097 0.017671
4 0.503226 0.191165 0.558065 0.028916
11 0.609677 0.237349 0.432258 0.026506
11 0.069355 0.264659 0.048387 0.018474
2 0.674194 0.264659 0.309677 0.015261
5 0.321774 0.293173 0.566129 0.027309
5 0.270161 0.321285 0.459677 0.017671
5 0.192742 0.339357 0.291935 0.016867
1 0.302419 0.357831 0.520968 0.016867
1 0.241935 0.375502 0.393548 0.016867
2 0.540323 0.393976 0.258065 0.018474
11 0.087097 0.417269 0.100000 0.013655
11 0.411290 0.416867 0.061290 0.014458
11 0.487903 0.416867 0.056452 0.016064
11 0.564516 0.416867 0.061290 0.014458
11 0.638710 0.416466 0.022581 0.013655
11 0.707258 0.416466 0.079032 0.016867
11 0.846774 0.417269 0.138710 0.016867
5 0.133065 0.446185 0.195161 0.018474
8 0.400000 0.446988 0.080645 0.018474
6 0.505645 0.446185 0.024194 0.015261
6 0.581452 0.446586 0.027419 0.014458
6 0.638710 0.446586 0.022581 0.014458
6 0.734677 0.445382 0.020968 0.015261
8 0.877419 0.445382 0.083871 0.015261
5 0.124194 0.465863 0.177419 0.016064
8 0.405645 0.465462 0.085484 0.018474
6 0.506452 0.463855 0.025806 0.016867
6 0.583065 0.465863 0.030645 0.017671
6 0.639516 0.463855 0.027419 0.015261
6 0.733065 0.465060 0.024194 0.016064
8 0.876613 0.464257 0.082258 0.016064
5 0.125806 0.483936 0.180645 0.015261
8 0.403226 0.483133 0.080645 0.015261
6 0.505645 0.483133 0.027419 0.015261
6 0.582258 0.483133 0.025806 0.015261
6 0.639516 0.483133 0.024194 0.015261
6 0.733065 0.483534 0.024194 0.014458
8 0.866935 0.482329 0.098387 0.015261
11 0.476613 0.516867 0.343548 0.032932
8 0.772581 0.514859 0.103226 0.027309
5 0.194355 0.550602 0.314516 0.015261
8 0.401613 0.549799 0.080645 0.015261
6 0.507258 0.549398 0.024194 0.014458
6 0.583065 0.549398 0.024194 0.014458
6 0.639516 0.549398 0.024194 0.014458
6 0.733065 0.548594 0.024194 0.016064
8 0.869355 0.548594 0.100000 0.016064
5 0.126613 0.568273 0.179032 0.016867
8 0.400000 0.568675 0.080645 0.014458
6 0.498387 0.567470 0.041935 0.015261
6 0.583065 0.569076 0.024194 0.013655
6 0.638710 0.568273 0.022581 0.015261
6 0.726613 0.568273 0.037097 0.018474
8 0.868548 0.569076 0.095161 0.016867
5 0.134677 0.587550 0.201613 0.015261
8 0.402419 0.587550 0.079032 0.016867
6 0.499194 0.587550 0.040323 0.015261
6 0.583065 0.586747 0.024194 0.015261
6 0.639516 0.586345 0.024194 0.014458
6 0.727419 0.586747 0.038710 0.015261
8 0.878226 0.586345 0.082258 0.014458
4 0.362097 0.620482 0.579032 0.031325
8 0.773387 0.618072 0.101613 0.026506
4 0.610484 0.655020 0.079032 0.028112
8 0.780645 0.655020 0.080645 0.028112
4 0.371774 0.698394 0.553226 0.034538
8 0.772581 0.696386 0.100000 0.027309
11 0.475806 0.736145 0.348387 0.034538
8 0.774194 0.734137 0.103226 0.027309
11 0.515323 0.776707 0.272581 0.033735
3 0.774194 0.773896 0.100000 0.028112
11 0.122581 0.819679 0.161290 0.018474
5 0.472581 0.838153 0.858065 0.018474
5 0.420161 0.857028 0.746774 0.017671
5 0.476613 0.876707 0.869355 0.016867
4 0.400806 0.895582 0.711290 0.017671
4 0.414516 0.913655 0.751613 0.016867
5 0.196774 0.932530 0.300000 0.017671
5 0.505645 0.953012 0.391935 0.015261
9 0.665323 0.134940 0.295161 0.017671
11 0.748387 0.393574 0.090323 0.017671
11 0.233065 0.418474 0.037097 0.012851