0 0.467484 0.149924 0.386994 0.020398
9 0.456823 0.175166 0.235608 0.018868
5 0.458955 0.202703 0.589552 0.022947
1 0.472281 0.227435 0.695096 0.020398
1 0.464819 0.253187 0.464819 0.020908
4 0.464819 0.277155 0.513859 0.022947
4 0.447228 0.328404 0.463753 0.022438
1 0.201493 0.378123 0.324094 0.022947
5 0.567697 0.858236 0.207889 0.021418
10 0.582623 0.379143 0.323028 0.020908
4 0.813966 0.859001 0.141791 0.020908
11 0.081023 0.403876 0.089552 0.019378
2 0.416311 0.403876 0.448827 0.020398
11 0.059701 0.882458 0.044776 0.018868
11 0.312900 0.882968 0.116205 0.022947
5 0.156183 0.456145 0.233475 0.020908
11 0.391791 0.455380 0.065032 0.021418
5 0.581557 0.455380 0.152452 0.021418
4 0.797441 0.455380 0.191898 0.024477
8 0.624200 0.881693 0.109808 0.021418
5 0.328358 0.506119 0.577825 0.022947
5 0.130597 0.555584 0.188699 0.020908
11 0.369936 0.531617 0.066098 0.018868
11 0.367804 0.582101 0.066098 0.018868
8 0.564499 0.531107 0.105544 0.020908
8 0.572495 0.581846 0.087420 0.020398
8 0.754264 0.531617 0.105544 0.020908
11 0.806503 0.581846 0.167377 0.022438
11 0.873134 0.531362 0.046908 0.020398
8 0.850213 0.882203 0.090618 0.020398
6 0.167910 0.631056 0.254797 0.022947
11 0.070362 0.906680 0.066098 0.020398
4 0.272388 0.656808 0.463753 0.022438
11 0.313433 0.907190 0.117271 0.022438
4 0.216418 0.681285 0.360341 0.021418
4 0.302772 0.706527 0.526652 0.022947
8 0.635394 0.908720 0.087420 0.019378
11 0.161514 0.731770 0.235608 0.021418
8 0.836354 0.657318 0.105544 0.020398
8 0.850213 0.683325 0.086354 0.020398
3 0.840085 0.707802 0.113006 0.020398
8 0.786247 0.733044 0.210021 0.020908
11 0.099147 0.781744 0.125800 0.019378
8 0.836354 0.783019 0.109808 0.020908
4 0.154051 0.857726 0.235608 0.022438
8 0.848081 0.906680 0.097015 0.020398