5 0.614710 0.193443 0.279352 0.039344
5 0.618758 0.228279 0.287449 0.040164
0 0.524966 0.313115 0.383266 0.026230
1 0.522942 0.340164 0.260459 0.027869
5 0.526316 0.366393 0.345479 0.026230
5 0.529015 0.393033 0.310391 0.023770
5 0.537787 0.419262 0.406208 0.023770
1 0.522267 0.447541 0.372470 0.022951
4 0.537112 0.472951 0.472335 0.027869
11 0.540486 0.500820 0.319838 0.022951
4 0.524966 0.555738 0.429150 0.029508
11 0.261134 0.609016 0.147099 0.026230
11 0.380567 0.609016 0.026991 0.019672
9 0.628880 0.606967 0.456140 0.023770
11 0.261808 0.635246 0.137652 0.026230
1 0.695007 0.634016 0.315789 0.023770
5 0.290823 0.663934 0.206478 0.027869
2 0.641700 0.661475 0.425101 0.022951
5 0.285425 0.690574 0.184885 0.023770
2 0.641700 0.688115 0.425101 0.022131
5 0.313765 0.717623 0.246964 0.023770
11 0.814440 0.711885 0.079622 0.023770
5 0.303644 0.743443 0.226721 0.026230
11 0.560729 0.741803 0.133603 0.027869
3 0.795547 0.741393 0.130904 0.022131
5 0.254386 0.798770 0.128205 0.020492
11 0.795547 0.793443 0.130904 0.026230
4 0.230769 0.824180 0.067476 0.020492
8 0.564103 0.824180 0.121457 0.022131
11 0.796221 0.821721 0.126856 0.022131
11 0.289474 0.877459 0.190283 0.025410
11 0.763833 0.874180 0.175439 0.023770
11 0.282051 0.904918 0.178138 0.027869
11 0.767881 0.900000 0.175439 0.022951
5 0.315115 0.931557 0.260459 0.025410
11 0.767881 0.928689 0.178138 0.022951
4 0.551282 0.957377 0.311741 0.022951
5 0.560054 0.984016 0.194332 0.025410