0 0.504032 0.079154 0.891935 0.020376
1 0.502419 0.097962 0.446774 0.018809
1 0.498387 0.117163 0.480645 0.018025
9 0.344355 0.134404 0.295161 0.016458
4 0.503226 0.152429 0.387097 0.016458
4 0.500806 0.190831 0.559677 0.027429
11 0.611290 0.236677 0.429032 0.028213
9 0.109677 0.261755 0.138710 0.018809
2 0.673387 0.263323 0.314516 0.018809
5 0.321774 0.291536 0.569355 0.028213
5 0.273387 0.319357 0.456452 0.018025
5 0.189516 0.337774 0.285484 0.017241
1 0.306452 0.355799 0.525806 0.017241
1 0.241129 0.373041 0.388710 0.017241
2 0.538710 0.391458 0.258065 0.018025
5 0.146774 0.414577 0.219355 0.015674
11 0.316129 0.413793 0.061290 0.015674
11 0.391129 0.413401 0.059677 0.014890
11 0.470161 0.413401 0.062903 0.014890
11 0.542742 0.413793 0.027419 0.015674
11 0.612097 0.413401 0.075806 0.016458
11 0.753226 0.414577 0.141935 0.015674
5 0.135484 0.443182 0.196774 0.016458
8 0.305645 0.442398 0.082258 0.014890
6 0.411290 0.442398 0.025806 0.014890
6 0.487097 0.442006 0.025806 0.014107
6 0.541935 0.442398 0.025806 0.014890
6 0.639516 0.443574 0.027419 0.015674
8 0.773387 0.442398 0.101613 0.014890
5 0.122581 0.460815 0.183871 0.017241
8 0.304032 0.460815 0.082258 0.015674
6 0.411290 0.461207 0.022581 0.014890
6 0.489516 0.461599 0.027419 0.014107
6 0.544355 0.460423 0.030645 0.014890
6 0.639516 0.460423 0.027419 0.014890
8 0.779839 0.460423 0.082258 0.014890
5 0.124194 0.479624 0.180645 0.017241
8 0.305645 0.479232 0.082258 0.014890
6 0.413710 0.479232 0.027419 0.014890
6 0.487097 0.479624 0.032258 0.014107
6 0.542742 0.478448 0.030645 0.016458
6 0.639516 0.479624 0.033871 0.015674
8 0.773387 0.479232 0.101613 0.014890
11 0.477419 0.512147 0.348387 0.033699
8 0.775000 0.510972 0.114516 0.028213
5 0.107258 0.544671 0.143548 0.015674
8 0.307258 0.545063 0.088710 0.016458
6 0.400000 0.544671 0.045161 0.015674
6 0.487097 0.544279 0.029032 0.014890
6 0.543548 0.544279 0.025806 0.014890
6 0.629032 0.544279 0.045161 0.014890
8 0.774194 0.544671 0.103226 0.015674
5 0.145161 0.564263 0.222581 0.015674
8 0.306452 0.563871 0.087097 0.014890
6 0.410484 0.563871 0.027419 0.014890
6 0.488710 0.563480 0.025806 0.015674
6 0.544355 0.563088 0.027419 0.014890
11 0.630645 0.562696 0.045161 0.014107
8 0.772581 0.563871 0.100000 0.014890
5 0.136290 0.583464 0.204839 0.018025
8 0.305645 0.582680 0.085484 0.014890
6 0.410484 0.581897 0.027419 0.016458
6 0.488710 0.582680 0.029032 0.014890
6 0.544355 0.582288 0.024194 0.014107
11 0.629839 0.582680 0.043548 0.014890
8 0.772581 0.582288 0.100000 0.015674
5 0.133871 0.600705 0.200000 0.014890
8 0.304032 0.601097 0.085484 0.015674
6 0.400806 0.599922 0.046774 0.014890
6 0.486290 0.600705 0.027419 0.014890
6 0.544355 0.600705 0.027419 0.014890
6 0.628226 0.599922 0.043548 0.014890
8 0.773387 0.600313 0.098387 0.015674
5 0.137903 0.618730 0.201613 0.016458
8 0.307258 0.618730 0.085484 0.016458
6 0.411290 0.619122 0.029032 0.014107
6 0.487903 0.618730 0.024194 0.013323
6 0.543548 0.618730 0.025806 0.014890
6 0.639516 0.618730 0.027419 0.013323
8 0.779839 0.617947 0.082258 0.014890
4 0.356452 0.651254 0.577419 0.034483
8 0.772581 0.650078 0.100000 0.028997
4 0.608065 0.686520 0.077419 0.028213
8 0.782258 0.686129 0.083871 0.025862
4 0.407258 0.727273 0.479032 0.032915
8 0.775000 0.726097 0.104839 0.027429
11 0.471774 0.766458 0.346774 0.034483
8 0.775000 0.764498 0.108065 0.030564
11 0.512097 0.806426 0.288710 0.037618
3 0.774194 0.804075 0.106452 0.028213
11 0.118548 0.848354 0.153226 0.016458
5 0.473387 0.867163 0.859677 0.018025
5 0.415323 0.885972 0.740323 0.018025
5 0.473387 0.904781 0.862903 0.018025
4 0.396774 0.922806 0.706452 0.018025
4 0.417742 0.943182 0.754839 0.018025
5 0.193548 0.961991 0.303226 0.014890
5 0.503226 0.980799 0.387097 0.018025
9 0.663710 0.133621 0.298387 0.016458
11 0.750000 0.390282 0.093548 0.017241