0 0.479577 0.216789 0.519718 0.024450
0 0.479577 0.244906 0.409859 0.026895
11 0.464085 0.272209 0.764789 0.026080
5 0.464085 0.299104 0.719718 0.026080
1 0.478873 0.326813 0.701408 0.022820
4 0.466197 0.354116 0.580282 0.028525
5 0.468310 0.381826 0.297183 0.026895
4 0.468310 0.408313 0.302817 0.021190
5 0.392958 0.463325 0.769014 0.023635
11 0.924648 0.462510 0.040845 0.022005
11 0.184507 0.491443 0.354930 0.022820
6 0.092254 0.518337 0.167606 0.021190
8 0.632394 0.517930 0.208451 0.022005
3 0.845070 0.517115 0.112676 0.022005
5 0.138732 0.574980 0.254930 0.026895
5 0.829577 0.572535 0.233803 0.026895
4 0.221831 0.627954 0.426761 0.023635
8 0.850704 0.626324 0.183099 0.020375
11 0.056338 0.657294 0.095775 0.023635
8 0.850000 0.654034 0.184507 0.022005
5 0.080282 0.684597 0.143662 0.021190
8 0.863380 0.682152 0.163380 0.021190
4 0.300704 0.737164 0.581690 0.025265
8 0.793662 0.736349 0.161972 0.023635
2 0.292254 0.792584 0.556338 0.023635
9 0.791549 0.792176 0.301408 0.022820
10 0.288732 0.820293 0.560563 0.025265
5 0.466901 0.876528 0.629577 0.022005
9 0.463380 0.903423 0.439437 0.022005
5 0.473944 0.929910 0.556338 0.024450