0 0.500000 0.106814 0.798283 0.016575
1 0.495172 0.131906 0.174893 0.017035
1 0.493026 0.152164 0.486052 0.017956
5 0.497318 0.172882 0.177039 0.019797
1 0.497854 0.196363 0.416309 0.017035
9 0.500000 0.216621 0.328326 0.019797
4 0.497318 0.244015 0.406652 0.016575
4 0.498391 0.266575 0.501073 0.022099
11 0.098712 0.301565 0.109442 0.016575
5 0.119099 0.325737 0.130901 0.018877
5 0.504828 0.979052 0.814378 0.025322
9 0.402897 0.327808 0.258584 0.020258
2 0.752146 0.328499 0.313305 0.021639
10 0.115343 0.350599 0.134120 0.018877
8 0.842275 0.936004 0.085837 0.020258
11 0.346567 0.353131 0.160944 0.020258
11 0.734442 0.346225 0.277897 0.020258
5 0.172747 0.372698 0.253219 0.020718
11 0.643240 0.370396 0.104077 0.020718
11 0.085300 0.413444 0.078326 0.016575
11 0.403970 0.413214 0.067597 0.018877
5 0.568133 0.412753 0.134120 0.017956
5 0.750000 0.412753 0.148069 0.019797
4 0.890558 0.412293 0.072961 0.018877
6 0.095494 0.435083 0.087983 0.014733
6 0.400215 0.433241 0.036481 0.014733
8 0.565987 0.434853 0.080472 0.017956
8 0.783262 0.436234 0.087983 0.018877
11 0.896459 0.435083 0.061159 0.016575
5 0.193670 0.456952 0.299356 0.017956
6 0.095494 0.480893 0.094421 0.017956
6 0.402897 0.481123 0.041845 0.016575
8 0.563305 0.481584 0.090129 0.015654
8 0.783798 0.481354 0.084764 0.018877
11 0.892704 0.482735 0.053648 0.017956
5 0.149142 0.504374 0.201717 0.018877
6 0.095494 0.527855 0.087983 0.017956
6 0.403433 0.528085 0.034335 0.016575
8 0.567060 0.527855 0.078326 0.017956
8 0.780579 0.528315 0.078326 0.018877
11 0.894313 0.528775 0.061159 0.017956
5 0.229077 0.551335 0.374464 0.018877
6 0.089056 0.576197 0.109442 0.018877
6 0.407189 0.576888 0.026824 0.015654
8 0.569742 0.575046 0.107296 0.016575
8 0.773069 0.575276 0.101931 0.018877
11 0.898605 0.578039 0.061159 0.017956
5 0.177039 0.597376 0.257511 0.019797
11 0.225858 0.622698 0.170601 0.019797
6 0.399678 0.621547 0.031116 0.015654
3 0.772532 0.620626 0.090129 0.015654
4 0.392704 0.663214 0.489270 0.019797
8 0.773605 0.663214 0.092275 0.017956
5 0.539163 0.686234 0.187768 0.019797
8 0.778433 0.687845 0.078326 0.016575
4 0.534871 0.709254 0.204936 0.017956
8 0.780579 0.710175 0.078326 0.019797
5 0.536481 0.735267 0.197425 0.022099
8 0.778970 0.735727 0.075107 0.016575
4 0.356223 0.763812 0.564378 0.015654
8 0.766094 0.763352 0.111588 0.015654
11 0.564378 0.789595 0.145923 0.015654
8 0.765558 0.789595 0.101931 0.015654
5 0.547747 0.814227 0.189914 0.018877
8 0.774678 0.813766 0.094421 0.017956
4 0.262339 0.859807 0.301502 0.018877
4 0.208155 0.887201 0.163090 0.014733
11 0.393777 0.887201 0.038627 0.016575
11 0.579399 0.887201 0.158798 0.016575
4 0.803648 0.885589 0.163090 0.017956
11 0.152361 0.907919 0.070815 0.016575
6 0.395923 0.908149 0.038627 0.018877
8 0.612124 0.908149 0.114807 0.018877
8 0.844421 0.906538 0.092275 0.015654
11 0.381974 0.934853 0.126609 0.017956
8 0.616416 0.934853 0.119099 0.019797