0 0.471780 0.223917 0.270308 0.009407
2 0.474300 0.235248 0.097561 0.008409
1 0.472788 0.247292 0.061480 0.009692
1 0.472284 0.258979 0.233018 0.008837
1 0.473191 0.271665 0.175166 0.010262
4 0.472485 0.281642 0.076194 0.008837
9 0.408486 0.292617 0.165894 0.008837
11 0.337533 0.310647 0.023987 0.006984
11 0.429954 0.310932 0.018545 0.009835
11 0.607740 0.308652 0.027011 0.010120
9 0.421689 0.323332 0.191897 0.010690
8 0.341564 0.336944 0.031647 0.009407
6 0.423201 0.336588 0.006249 0.008124
8 0.604918 0.335020 0.030639 0.008124
9 0.415944 0.354048 0.178391 0.009692
8 0.341766 0.368158 0.030034 0.008552
6 0.424310 0.367660 0.005644 0.008409
8 0.605221 0.366591 0.030034 0.009407
3 0.567426 0.387258 0.105221 0.008552
4 0.574582 0.398161 0.093731 0.008409
3 0.578109 0.410633 0.085467 0.009122
5 0.366559 0.428734 0.080830 0.009692
5 0.599476 0.427166 0.041121 0.009692
11 0.345293 0.441491 0.033864 0.007554
8 0.604515 0.441135 0.029026 0.009122
5 0.349123 0.454675 0.040718 0.010832
8 0.604616 0.453250 0.031647 0.009122
4 0.361923 0.482540 0.067930 0.007839
5 0.501814 0.481970 0.045757 0.006699
4 0.606733 0.481257 0.028220 0.008409
4 0.362225 0.495510 0.070953 0.007839
8 0.515319 0.494798 0.019149 0.007554
8 0.610462 0.494299 0.019553 0.007127
4 0.472586 0.513184 0.140093 0.008409
5 0.472889 0.525442 0.191091 0.010120
4 0.472183 0.536987 0.126789 0.010120
5 0.473090 0.549387 0.139085 0.010120
5 0.471578 0.559649 0.172747 0.008409
5 0.471377 0.572762 0.153396 0.009835