0 0.485618 0.120854 0.717428 0.014615
5 0.489002 0.136313 0.724196 0.015177
5 0.489002 0.149522 0.554992 0.015739
1 0.489848 0.162451 0.170897 0.011242
5 0.489002 0.176504 0.578680 0.014615
5 0.489002 0.191119 0.467005 0.015739
1 0.486464 0.204890 0.620981 0.015177
9 0.487310 0.218662 0.781726 0.015739
4 0.480541 0.232715 0.429780 0.014615
4 0.489848 0.267285 0.475465 0.024171
11 0.101523 0.316751 0.094755 0.014053
2 0.461083 0.343732 0.817259 0.012929
5 0.262267 0.358347 0.409475 0.014053
11 0.667513 0.357785 0.302876 0.014053
11 0.101523 0.384205 0.094755 0.014053
11 0.470389 0.385329 0.074450 0.014053
11 0.637056 0.385048 0.076142 0.011242
5 0.799492 0.385610 0.140440 0.011242
11 0.625212 0.400787 0.086294 0.013491
11 0.817259 0.401068 0.091371 0.014053
6 0.198816 0.413153 0.279188 0.014615
6 0.447547 0.413997 0.028765 0.012929
3 0.631134 0.413997 0.094755 0.010680
8 0.818951 0.415121 0.087986 0.012929
11 0.890863 0.415683 0.025381 0.012929
5 0.332487 0.429455 0.546531 0.017988
11 0.203892 0.456717 0.299492 0.015177
6 0.593909 0.456436 0.020305 0.011242
4 0.539763 0.498876 0.328257 0.012929
11 0.551607 0.512648 0.094755 0.012366
5 0.594755 0.526700 0.181049 0.013491
11 0.208968 0.539067 0.211506 0.013491
11 0.189509 0.553401 0.175973 0.014053
5 0.230964 0.568859 0.252115 0.016863
8 0.868020 0.499438 0.087986 0.011804
8 0.862944 0.512366 0.091371 0.012929
8 0.865482 0.527263 0.089679 0.015739
8 0.827411 0.540753 0.175973 0.013491
8 0.804569 0.555368 0.214890 0.014615
8 0.804569 0.567735 0.211506 0.015739
4 0.485618 0.596402 0.578680 0.017988
4 0.482234 0.624508 0.240271 0.016863
11 0.109983 0.651490 0.087986 0.015739
5 0.472927 0.652614 0.137056 0.015739
11 0.650592 0.652895 0.038917 0.014053
4 0.824027 0.653176 0.148900 0.013491
11 0.097293 0.679033 0.059222 0.014615
8 0.494078 0.679876 0.094755 0.014053
6 0.650592 0.681282 0.028765 0.011242
8 0.856176 0.679876 0.098139 0.015177
4 0.577834 0.721473 0.204738 0.015177
8 0.854484 0.721754 0.094755 0.013491
5 0.483926 0.779933 0.636210 0.014053
5 0.483080 0.794547 0.539763 0.015177
5 0.483080 0.808319 0.746193 0.012366
5 0.480541 0.820967 0.829103 0.014053
1 0.484772 0.835582 0.793570 0.012929
5 0.479695 0.846262 0.458545 0.012929