0 0.457972 0.271950 0.268091 0.013113
2 0.458577 0.282996 0.101189 0.010405
1 0.457267 0.295824 0.061883 0.010690
1 0.457065 0.306157 0.231203 0.011688
1 0.456158 0.318843 0.174965 0.011117
4 0.455755 0.330316 0.076194 0.009835
9 0.391252 0.340222 0.165692 0.010832
11 0.320097 0.355473 0.025398 0.008552
9 0.372808 0.369655 0.128805 0.009550
8 0.322919 0.382269 0.029430 0.008837
9 0.378049 0.401440 0.142512 0.012970
8 0.322112 0.412985 0.032252 0.009550
8 0.586475 0.386046 0.030437 0.009835
8 0.584963 0.417403 0.031848 0.010405
3 0.545253 0.437072 0.105624 0.010120
4 0.552106 0.449259 0.095142 0.011403
3 0.556339 0.462799 0.092320 0.012258
5 0.576194 0.478478 0.043741 0.009407
5 0.343076 0.474772 0.079016 0.011117
11 0.320701 0.487457 0.035074 0.008837
5 0.324934 0.499929 0.042330 0.012400
8 0.581637 0.491377 0.030034 0.009550
8 0.580427 0.502922 0.030841 0.009835
4 0.335719 0.529219 0.068736 0.009122
4 0.336424 0.542546 0.069341 0.010120
4 0.446281 0.561360 0.141101 0.010405
5 0.446281 0.573261 0.191091 0.011403
4 0.445273 0.585448 0.128200 0.011830
5 0.443661 0.597206 0.139488 0.013113
5 0.443560 0.608181 0.173554 0.011403
5 0.443661 0.621223 0.152792 0.012685
11 0.412114 0.358110 0.020359 0.010690
11 0.588893 0.359464 0.030437 0.008837
6 0.404354 0.384193 0.005644 0.008124
6 0.403850 0.415265 0.005442 0.009550
5 0.475912 0.531072 0.047168 0.008837
4 0.580226 0.533067 0.029631 0.009407
8 0.489115 0.544256 0.019956 0.008409
8 0.585265 0.545254 0.020359 0.007554