0 0.495468 0.090286 0.735146 0.023378
9 0.494461 0.110641 0.189325 0.010883
1 0.495468 0.124748 0.600201 0.010077
5 0.493958 0.138855 0.311178 0.010077
11 0.356999 0.152963 0.228600 0.010077
11 0.623867 0.153164 0.236657 0.008867
4 0.495972 0.167271 0.385700 0.012898
4 0.505035 0.203950 0.609265 0.015316
11 0.175730 0.244055 0.174220 0.022975
1 0.323766 0.283555 0.476334 0.016526
5 0.491440 0.956671 0.644512 0.014913
2 0.761833 0.283757 0.315206 0.013704
5 0.490433 0.974809 0.207452 0.013301
11 0.185801 0.323257 0.113797 0.014510
11 0.372608 0.325071 0.086606 0.017332
11 0.489930 0.323660 0.073515 0.013704
11 0.631420 0.324264 0.136959 0.014107
5 0.838872 0.316808 0.171198 0.012092
11 0.837865 0.332729 0.088620 0.015719
6 0.174723 0.360137 0.218530 0.012495
6 0.365559 0.361346 0.020141 0.012495
8 0.488922 0.360742 0.077543 0.013704
8 0.623867 0.360742 0.077543 0.012898
8 0.864552 0.361145 0.103726 0.012898
5 0.418429 0.383716 0.667674 0.013704
6 0.076536 0.415760 0.020141 0.013301
6 0.365055 0.416364 0.019134 0.013704
8 0.490433 0.415558 0.076536 0.012898
8 0.622860 0.415961 0.077543 0.013704
8 0.864552 0.415961 0.099698 0.014510
5 0.242195 0.439339 0.323263 0.012898
11 0.168177 0.487707 0.195368 0.016929
6 0.404834 0.486497 0.020141 0.012898
8 0.853978 0.486296 0.078550 0.013301
11 0.236657 0.526602 0.324270 0.015719
11 0.557905 0.526401 0.020141 0.012092
8 0.855488 0.525191 0.075529 0.012898
4 0.189325 0.549778 0.231621 0.014510
11 0.556898 0.549980 0.018127 0.010077
8 0.853978 0.549174 0.076536 0.013301
5 0.184290 0.573761 0.223565 0.014107
11 0.557402 0.573962 0.017120 0.011286
8 0.854481 0.572954 0.079557 0.013301
11 0.163646 0.598146 0.180262 0.017735
11 0.556898 0.599154 0.018127 0.011689
3 0.837362 0.600161 0.103726 0.017735
11 0.143505 0.622934 0.144008 0.017332
11 0.556395 0.622934 0.017120 0.012495
8 0.837362 0.623740 0.103726 0.017332
5 0.184290 0.650746 0.223565 0.016526
11 0.555388 0.652358 0.015106 0.010883
8 0.836354 0.651350 0.101712 0.016929
4 0.513092 0.738210 0.333333 0.017332
4 0.177241 0.775292 0.189325 0.012495
11 0.385700 0.776501 0.036254 0.014913
5 0.621349 0.768843 0.171198 0.013301
4 0.858006 0.769448 0.076536 0.012898
11 0.619335 0.784764 0.082578 0.015316
11 0.850453 0.785369 0.085599 0.015719
11 0.124371 0.817412 0.053374 0.012898
8 0.393756 0.818017 0.076536 0.013301
8 0.631923 0.818622 0.077543 0.012898
8 0.845418 0.819226 0.077543 0.013301
11 0.141490 0.859532 0.156093 0.014913
8 0.628399 0.859734 0.078550 0.013704
8 0.847936 0.860540 0.080564 0.014510
5 0.481873 0.899436 0.820745 0.014913
4 0.334844 0.916364 0.522659 0.016526