5 0.469822 0.100723 0.873800 0.030992
6 0.502058 0.159091 0.323731 0.070248
0 0.461591 0.262397 0.725652 0.016529
1 0.458848 0.283574 0.187929 0.017562
1 0.460905 0.303461 0.855967 0.017045
1 0.459534 0.324638 0.850480 0.017045
5 0.448560 0.345041 0.172840 0.016529
4 0.462277 0.365702 0.540466 0.018595
5 0.445816 0.385331 0.740741 0.015496
11 0.461591 0.404959 0.456790 0.015496
4 0.458848 0.425620 0.245542 0.015496
5 0.470508 0.465909 0.216735 0.014463
9 0.255144 0.506198 0.430727 0.016529
2 0.428669 0.527893 0.791495 0.016529
5 0.447188 0.893853 0.702332 0.017045
5 0.122085 0.547521 0.175583 0.015496
11 0.832647 0.547262 0.106996 0.014979
5 0.231824 0.568182 0.304527 0.016529
8 0.834019 0.567665 0.106996 0.016529
5 0.209877 0.588843 0.175583 0.015496
11 0.232510 0.609504 0.133059 0.016529
5 0.219479 0.629132 0.194787 0.015496
5 0.190672 0.649793 0.216735 0.015496
8 0.843621 0.649793 0.087791 0.015496
5 0.297668 0.670455 0.345679 0.016529
5 0.211934 0.690857 0.259259 0.014979
8 0.846365 0.690857 0.079561 0.014979
4 0.283265 0.731405 0.500686 0.016529
8 0.833333 0.730630 0.108368 0.014979
5 0.194787 0.752841 0.323731 0.017045
8 0.843621 0.752066 0.087791 0.015496
11 0.176955 0.772986 0.285322 0.017045
3 0.834019 0.772211 0.106996 0.015496
5 0.177641 0.793905 0.289438 0.016529
8 0.832647 0.791839 0.109739 0.016529
5 0.098080 0.813533 0.130316 0.015496
8 0.833333 0.813017 0.111111 0.015496
4 0.264060 0.853048 0.465021 0.017045
8 0.847051 0.853564 0.083676 0.014979
5 0.458162 0.914773 0.861454 0.016529