0 0.381392 0.096248 0.595170 0.013866
1 0.498580 0.111134 0.829545 0.012643
1 0.400568 0.127651 0.639205 0.012235
9 0.264915 0.144168 0.359375 0.011827
4 0.351562 0.160685 0.535511 0.011419
4 0.203125 0.194127 0.232955 0.011419
5 0.169744 0.243679 0.169034 0.011011
5 0.531250 0.243883 0.255682 0.010604
4 0.201705 0.850326 0.232955 0.012235
4 0.820312 0.241843 0.149148 0.010604
11 0.465909 0.261419 0.076705 0.014682
11 0.617188 0.260400 0.080966 0.011827
6 0.179688 0.292822 0.191761 0.011419
5 0.533381 0.292414 0.345170 0.010604
11 0.245739 0.309135 0.105114 0.010604
8 0.479403 0.309135 0.103693 0.009788
11 0.723011 0.308320 0.167614 0.011419
5 0.553977 0.848899 0.207386 0.012643
6 0.178977 0.324633 0.190341 0.010604
5 0.490057 0.325449 0.255682 0.010604
11 0.237216 0.341966 0.085227 0.010196
8 0.478693 0.340946 0.105114 0.010604
11 0.733665 0.340742 0.188920 0.010196
4 0.819602 0.849511 0.147727 0.013051
6 0.170455 0.356852 0.173295 0.010604
5 0.585227 0.357055 0.446023 0.010196
11 0.244318 0.373777 0.105114 0.010196
8 0.480114 0.373777 0.102273 0.010196
11 0.732244 0.373573 0.191761 0.010604
11 0.149858 0.881321 0.132102 0.010604
6 0.180398 0.389886 0.193182 0.010604
5 0.607244 0.389478 0.490057 0.010604
11 0.245739 0.407015 0.102273 0.010604
8 0.478693 0.406199 0.105114 0.010604
11 0.734375 0.405791 0.187500 0.010604
8 0.575284 0.880914 0.125000 0.011419
6 0.169744 0.423124 0.171875 0.011011
5 0.649148 0.422512 0.582386 0.011419
11 0.245739 0.439641 0.105114 0.010604
8 0.478693 0.439641 0.105114 0.010604
11 0.734375 0.439233 0.187500 0.010604
8 0.821023 0.881117 0.107955 0.011011
6 0.179688 0.455954 0.191761 0.010604
5 0.617898 0.455546 0.511364 0.009788
11 0.247869 0.472064 0.103693 0.010196
8 0.478693 0.472064 0.105114 0.010196
11 0.723722 0.471860 0.166193 0.010604
11 0.159801 0.897838 0.151989 0.011011
6 0.169744 0.487969 0.171875 0.011011
5 0.649858 0.488173 0.578125 0.010604
11 0.247159 0.505302 0.102273 0.010604
8 0.480114 0.505302 0.105114 0.011419
11 0.725852 0.505098 0.167614 0.011011
8 0.573864 0.897635 0.127841 0.010604
6 0.213778 0.521003 0.086648 0.010196
5 0.639915 0.521207 0.558239 0.010604
11 0.247159 0.537724 0.102273 0.011011
8 0.476562 0.537520 0.106534 0.009788
11 0.725142 0.537928 0.205966 0.010604
8 0.830256 0.898042 0.089489 0.010604
6 0.169744 0.553426 0.171875 0.010604
5 0.596591 0.553630 0.468750 0.010196
11 0.247869 0.569535 0.103693 0.009380
8 0.469460 0.570147 0.123580 0.010604
11 0.718040 0.569739 0.191761 0.010604
9 0.180398 0.930465 0.193182 0.011011
6 0.181108 0.585644 0.191761 0.010604
5 0.564631 0.586460 0.407670 0.011419
11 0.247159 0.602365 0.105114 0.010604
8 0.480114 0.602162 0.105114 0.011011
11 0.725852 0.602977 0.167614 0.011011
2 0.502841 0.930465 0.363636 0.011827
6 0.181108 0.618475 0.194602 0.010196
5 0.595170 0.619086 0.468750 0.010604
11 0.246449 0.635400 0.106534 0.010604
8 0.480824 0.635604 0.106534 0.010196
11 0.725142 0.634788 0.169034 0.011011
11 0.115767 0.946778 0.066761 0.011011
6 0.179688 0.651509 0.186080 0.011011
5 0.563920 0.652121 0.406250 0.010604
11 0.247869 0.668230 0.103693 0.011011
8 0.481534 0.668026 0.107955 0.010604
11 0.725852 0.668842 0.164773 0.010604
6 0.235795 0.946574 0.088068 0.010604
6 0.181108 0.683931 0.194602 0.010604
5 0.598011 0.685563 0.468750 0.011419
11 0.247869 0.701264 0.106534 0.011011
8 0.480114 0.701264 0.105114 0.011827
11 0.726562 0.701060 0.169034 0.011419
8 0.899148 0.815253 0.088068 0.010604
4 0.235795 0.733687 0.298295 0.010604
11 0.477983 0.734502 0.058239 0.010604
3 0.874290 0.734095 0.126420 0.010604
5 0.295455 0.751427 0.423295 0.012643
8 0.894886 0.750816 0.090909 0.010604
11 0.202415 0.766925 0.237216 0.011827
11 0.502841 0.768148 0.017045 0.008564
8 0.877841 0.767129 0.125000 0.011419
11 0.127841 0.799347 0.088068 0.010604
11 0.502841 0.801591 0.014205 0.008564
8 0.876420 0.799755 0.125000 0.011419
5 0.149148 0.817496 0.130682 0.012643
11 0.502131 0.817088 0.012784 0.008564