0 0.446886 0.214866 0.271719 0.012115
9 0.447188 0.230616 0.083249 0.011403
1 0.444668 0.243657 0.210441 0.012115
5 0.445575 0.257554 0.162669 0.011688
1 0.444769 0.271308 0.108244 0.010405
11 0.446583 0.283994 0.054223 0.010120
4 0.444971 0.296251 0.148962 0.009835
4 0.445172 0.316562 0.097763 0.009692
9 0.308506 0.334877 0.061883 0.011260
9 0.400121 0.333381 0.081435 0.009122
5 0.293993 0.346422 0.033259 0.009550
10 0.301955 0.358751 0.052409 0.009977
10 0.402338 0.358751 0.085467 0.009977
5 0.495868 0.334450 0.037089 0.009550
6 0.545858 0.334236 0.015319 0.008267
11 0.494457 0.347705 0.034267 0.009550
2 0.571457 0.347420 0.068938 0.009550
11 0.493953 0.359108 0.035275 0.011260
11 0.563495 0.359820 0.053014 0.010405
5 0.314050 0.377352 0.077807 0.012115
11 0.462407 0.377993 0.024189 0.011688
11 0.503931 0.377779 0.034267 0.008694
11 0.560572 0.377352 0.028220 0.009550
4 0.597158 0.378207 0.024793 0.009550
5 0.340959 0.388612 0.126789 0.008694
6 0.459988 0.388826 0.006450 0.008267
3 0.505442 0.388897 0.032453 0.007554
8 0.559968 0.388683 0.029430 0.007982
11 0.600081 0.389467 0.018948 0.008694
5 0.335013 0.401155 0.118524 0.009550
6 0.460290 0.401155 0.005846 0.008694
8 0.508365 0.401226 0.025398 0.007982
8 0.562588 0.401653 0.024189 0.008267
11 0.600383 0.401368 0.017134 0.009122
11 0.386011 0.413341 0.034267 0.009977
6 0.458778 0.414196 0.010079 0.009122
8 0.563898 0.413982 0.034872 0.008694
4 0.423806 0.435362 0.163878 0.011260
8 0.562991 0.435219 0.034267 0.009550
5 0.482665 0.449686 0.055432 0.010832
8 0.566418 0.449259 0.028220 0.009122
5 0.468656 0.464652 0.108446 0.011688
8 0.566116 0.464866 0.028825 0.009550
4 0.485285 0.478264 0.077202 0.010405
8 0.566116 0.478335 0.027615 0.008267
5 0.486293 0.494085 0.073171 0.011260
8 0.564604 0.493230 0.028220 0.009550
4 0.411812 0.509692 0.197541 0.011688
8 0.561379 0.509478 0.035880 0.008694
11 0.487200 0.524230 0.041927 0.010832
8 0.560169 0.524159 0.035880 0.010405
5 0.477625 0.536559 0.061883 0.009550
8 0.564705 0.536559 0.027212 0.009550
4 0.375529 0.559934 0.112074 0.009550
4 0.352651 0.580744 0.061883 0.009550
11 0.352953 0.592004 0.028220 0.008694
11 0.409393 0.581599 0.011288 0.009550
6 0.409393 0.592218 0.008869 0.009122
11 0.457367 0.581172 0.061278 0.010405
8 0.470167 0.592645 0.034872 0.009122
4 0.528724 0.581599 0.060069 0.009550
8 0.545253 0.593358 0.029430 0.007982
11 0.394678 0.609963 0.041927 0.011260
8 0.469764 0.610177 0.036485 0.010832
8 0.543136 0.610604 0.028825 0.009977
4 0.427736 0.626568 0.223342 0.010262
5 0.340456 0.635761 0.045555 0.009835
5 0.436706 0.667332 0.211046 0.010262