0 0.508929 0.099779 0.900974 0.016937
1 0.504870 0.117084 0.451299 0.016200
1 0.503247 0.133652 0.487013 0.018409
9 0.348214 0.149116 0.297078 0.016937
4 0.509740 0.167526 0.399351 0.016937
4 0.506494 0.203608 0.561688 0.027246
11 0.619318 0.248159 0.433442 0.027982
2 0.678571 0.273196 0.318182 0.016200
5 0.322240 0.298233 0.563312 0.027982
5 0.275974 0.323638 0.457792 0.018409
5 0.190747 0.340574 0.290584 0.015464
1 0.306006 0.357511 0.527597 0.015464
1 0.243506 0.373343 0.392857 0.016200
2 0.538961 0.389912 0.259740 0.016937
5 0.146104 0.413108 0.217532 0.016200
11 0.409903 0.412739 0.063312 0.013991
11 0.487825 0.412739 0.060065 0.013991
11 0.564123 0.413108 0.066558 0.014728
11 0.640422 0.412739 0.024351 0.013991
11 0.709416 0.413476 0.081169 0.015464
11 0.849838 0.414948 0.144481 0.015464
5 0.133117 0.441458 0.198052 0.016937
8 0.400974 0.441826 0.084416 0.016200
6 0.506494 0.441826 0.022727 0.014728
6 0.638799 0.441826 0.027597 0.014728
6 0.736201 0.441458 0.024351 0.013991
8 0.879058 0.442194 0.086039 0.015464
5 0.125000 0.458395 0.181818 0.015464
8 0.400974 0.459499 0.084416 0.014728
6 0.507305 0.459131 0.024351 0.015464
6 0.637987 0.459131 0.029221 0.013991
6 0.732955 0.458763 0.024351 0.013255
8 0.878247 0.459499 0.084416 0.014728
5 0.123377 0.476068 0.178571 0.015464
8 0.400162 0.476436 0.082792 0.013255
6 0.507305 0.476436 0.024351 0.014728
6 0.638799 0.476436 0.027597 0.013255
6 0.733766 0.476068 0.025974 0.013991
8 0.870130 0.477172 0.100649 0.014728
11 0.474838 0.505523 0.352273 0.025773
8 0.773539 0.505155 0.105519 0.026510
5 0.193182 0.537923 0.314935 0.015464
8 0.399351 0.536451 0.081169 0.015464
6 0.506494 0.537187 0.029221 0.013991
6 0.582792 0.537187 0.029221 0.013991
6 0.638799 0.537187 0.024351 0.012518
6 0.733766 0.536451 0.025974 0.015464
8 0.875812 0.536819 0.082792 0.016200
5 0.125000 0.554492 0.178571 0.016200
8 0.399351 0.554860 0.084416 0.015464
6 0.496753 0.555228 0.045455 0.014728
6 0.582792 0.553387 0.025974 0.013991
6 0.637987 0.554492 0.029221 0.014728
6 0.724838 0.553756 0.043831 0.014728
8 0.871753 0.554492 0.097403 0.014728
5 0.146104 0.572533 0.214286 0.016937
8 0.400162 0.572901 0.086039 0.014728
6 0.497565 0.572165 0.043831 0.014728
6 0.581169 0.572901 0.025974 0.014728
6 0.639610 0.572533 0.025974 0.013991
6 0.727273 0.572533 0.038961 0.015464
8 0.870942 0.572533 0.105519 0.015464
5 0.133929 0.591311 0.199675 0.016200
8 0.400162 0.590574 0.082792 0.013255
6 0.497565 0.589470 0.040584 0.015464
6 0.581981 0.589838 0.027597 0.016200
6 0.639610 0.590206 0.029221 0.015464
6 0.724838 0.589102 0.037338 0.014728
8 0.871753 0.589470 0.100649 0.015464
5 0.133117 0.608247 0.194805 0.014728
8 0.400162 0.608247 0.086039 0.014728
6 0.506494 0.607511 0.029221 0.014728
6 0.581981 0.607143 0.030844 0.015464
6 0.639610 0.607511 0.025974 0.013255
11 0.726461 0.607143 0.047078 0.015464
8 0.867695 0.606038 0.095779 0.017673
5 0.135552 0.625920 0.199675 0.016200
8 0.401786 0.624816 0.086039 0.013991
6 0.506494 0.625184 0.029221 0.014728
6 0.582792 0.624448 0.025974 0.014728
6 0.639610 0.625184 0.025974 0.014728
11 0.724838 0.623711 0.040584 0.013255
8 0.870942 0.624448 0.102273 0.014728
4 0.360390 0.656848 0.571429 0.030928
8 0.772727 0.653166 0.110390 0.026510
4 0.609578 0.689249 0.086039 0.026510
8 0.782468 0.688881 0.084416 0.028719
4 0.373377 0.729750 0.558442 0.032401
8 0.777597 0.726804 0.100649 0.027982
11 0.477273 0.764728 0.353896 0.030191
8 0.775162 0.761046 0.102273 0.025773
11 0.517857 0.801915 0.275974 0.032401
3 0.776786 0.799705 0.105519 0.025037
11 0.122565 0.844993 0.157468 0.015464
5 0.476461 0.860457 0.858766 0.019882
5 0.422078 0.878866 0.746753 0.018409
5 0.480519 0.896539 0.860390 0.021355
4 0.409091 0.915685 0.707792 0.021355
4 0.427760 0.934094 0.748377 0.022828
5 0.201299 0.955449 0.292208 0.018409
5 0.518669 0.969809 0.381494 0.020619
9 0.670455 0.150957 0.298701 0.016200
11 0.750000 0.391384 0.094156 0.016937