0 0.486425 0.029126 0.427602 0.018339
5 0.248869 0.057443 0.380090 0.021036
5 0.689480 0.057443 0.401584 0.017799
5 0.476810 0.083603 0.360860 0.018339
1 0.475679 0.110302 0.745475 0.018878
4 0.489253 0.166667 0.557692 0.024811
4 0.481335 0.191478 0.231900 0.018339
1 0.161199 0.247843 0.193439 0.017799
11 0.707014 0.244337 0.423077 0.019417
5 0.182127 0.273463 0.235294 0.017260
2 0.558258 0.271845 0.216063 0.017260
11 0.814480 0.270766 0.212670 0.017260
5 0.164593 0.300162 0.188914 0.017799
5 0.591629 0.301241 0.235294 0.021036
11 0.889140 0.298274 0.065611 0.017260
5 0.293552 0.353830 0.451357 0.018339
9 0.239253 0.379450 0.342760 0.017799
6 0.485860 0.379450 0.019231 0.016721
8 0.664593 0.378371 0.087104 0.018878
8 0.877262 0.376753 0.082579 0.017799
5 0.175339 0.405340 0.212670 0.018878
9 0.239819 0.432848 0.341629 0.017799
6 0.485860 0.432578 0.019231 0.017260
8 0.666290 0.431230 0.085973 0.017799
8 0.879525 0.431230 0.089367 0.017799
11 0.559389 0.485437 0.299774 0.017260
8 0.880090 0.485437 0.083710 0.017260
5 0.528846 0.514563 0.358597 0.022654
8 0.878959 0.512406 0.083710 0.016181
4 0.389706 0.565264 0.636878 0.017260
3 0.880090 0.565534 0.085973 0.017799
5 0.614819 0.592233 0.188914 0.017260
8 0.878394 0.591154 0.089367 0.016181
5 0.592760 0.646440 0.233032 0.022114
8 0.880090 0.644552 0.085973 0.018339
4 0.186652 0.698490 0.235294 0.020496
5 0.476244 0.696872 0.128959 0.016181
4 0.761878 0.697141 0.152715 0.017799
11 0.153281 0.723031 0.173077 0.017799
8 0.497172 0.724380 0.082579 0.017260
8 0.794683 0.724649 0.089367 0.015642
11 0.154412 0.750539 0.173077 0.018878
8 0.497172 0.751348 0.084842 0.017260
8 0.794683 0.751079 0.078054 0.016721
5 0.226244 0.802859 0.323529 0.018878
11 0.603507 0.805016 0.295249 0.022114
1 0.260181 0.831176 0.386878 0.021575
5 0.482466 0.882956 0.618778 0.018339
5 0.494344 0.909924 0.595023 0.021575