0 0.496791 0.125805 0.798930 0.026288
1 0.495722 0.155311 0.180749 0.024142
1 0.493583 0.178380 0.484492 0.023069
5 0.496791 0.201985 0.178610 0.024142
1 0.494652 0.228809 0.426738 0.023069
9 0.498396 0.252414 0.322995 0.018777
4 0.496791 0.285676 0.403209 0.021996
4 0.497861 0.313036 0.493048 0.020923
11 0.106417 0.350590 0.116578 0.020923
11 0.117112 0.380633 0.133690 0.019850
9 0.409091 0.380633 0.268449 0.021996
5 0.493048 0.965397 0.785027 0.016631
2 0.749198 0.382242 0.304813 0.024142
10 0.116043 0.406384 0.131551 0.021996
11 0.353476 0.409067 0.148663 0.025215
8 0.843316 0.913358 0.075936 0.018777
11 0.739037 0.406652 0.269519 0.020386
5 0.175401 0.434281 0.245989 0.023069
11 0.643850 0.431599 0.094118 0.019850
11 0.088770 0.482028 0.077005 0.020923
11 0.403209 0.483637 0.062032 0.019850
5 0.568449 0.482028 0.125134 0.023069
5 0.749733 0.480955 0.151872 0.020923
4 0.893048 0.479882 0.074866 0.020923
6 0.096257 0.507242 0.077005 0.018777
6 0.400535 0.506706 0.039572 0.017704
8 0.571658 0.505633 0.095187 0.017704
3 0.769519 0.506170 0.099465 0.018777
11 0.890374 0.507242 0.056684 0.018777
5 0.312299 0.532994 0.532620 0.024142
11 0.226738 0.558745 0.171123 0.019850
6 0.397326 0.558208 0.037433 0.018777
8 0.773797 0.558745 0.099465 0.017704
4 0.388770 0.596298 0.490909 0.024142
8 0.771658 0.596298 0.095187 0.017704
5 0.541711 0.624732 0.180749 0.017704
8 0.778610 0.623659 0.079144 0.017704
4 0.531016 0.652629 0.204278 0.021996
8 0.783957 0.653702 0.081283 0.017704
5 0.537433 0.683745 0.185027 0.020923
8 0.780749 0.681062 0.079144 0.021996
4 0.355615 0.717006 0.557219 0.018777
8 0.770588 0.713788 0.097326 0.020923
11 0.562567 0.748659 0.147594 0.017704
8 0.770053 0.746513 0.091979 0.020923
5 0.543850 0.774410 0.180749 0.023069
8 0.781818 0.772264 0.081283 0.018777
4 0.265241 0.825376 0.297326 0.018777
4 0.206952 0.859174 0.172193 0.018777
11 0.396257 0.858637 0.039572 0.019850
11 0.578610 0.859174 0.171123 0.020923
4 0.802139 0.858101 0.156150 0.020923
11 0.160428 0.882242 0.070588 0.020923
6 0.395187 0.882779 0.037433 0.016631
8 0.610160 0.880633 0.112299 0.019850
8 0.847059 0.882242 0.087701 0.020923
11 0.384492 0.914968 0.127273 0.019850
8 0.610160 0.914431 0.116578 0.018777