5 0.171053 0.174822 0.236842 0.026046
0 0.380031 0.234412 0.660991 0.029992
1 0.284056 0.269534 0.490712 0.026046
5 0.258514 0.301105 0.421053 0.022889
5 0.097523 0.322415 0.108359 0.018153
11 0.489164 0.325572 0.269350 0.018153
4 0.179567 0.346093 0.284830 0.018153
6 0.449690 0.349645 0.193498 0.014207
9 0.164087 0.379637 0.247678 0.018942
9 0.452012 0.381610 0.195046 0.018153
11 0.090557 0.406077 0.103715 0.018153
2 0.552632 0.410813 0.399381 0.019732
11 0.087461 0.446330 0.091331 0.018153
11 0.123065 0.473165 0.066563 0.022889
11 0.364551 0.447908 0.103715 0.019732
11 0.558050 0.449487 0.066563 0.016575
5 0.715170 0.449882 0.148607 0.015785
4 0.870743 0.449487 0.066563 0.018153
11 0.873065 0.471192 0.089783 0.018942
5 0.215944 0.513812 0.354489 0.018942
11 0.214396 0.538674 0.168731 0.018153
8 0.458978 0.539858 0.094427 0.017364
8 0.744582 0.542620 0.111455 0.018153
11 0.856811 0.543410 0.044892 0.018153
5 0.205108 0.573796 0.339009 0.018942
5 0.222910 0.601421 0.151703 0.017364
8 0.458978 0.601421 0.091331 0.018942
8 0.752322 0.602210 0.099071 0.018942
11 0.855263 0.601421 0.051084 0.018942
11 0.182663 0.632202 0.287926 0.017364
11 0.221362 0.659826 0.164087 0.017364
8 0.457430 0.659826 0.100619 0.017364
8 0.760062 0.659037 0.095975 0.018942
11 0.861455 0.659826 0.051084 0.015785
4 0.365325 0.747435 0.393189 0.020521
3 0.814241 0.748619 0.111455 0.018153
5 0.437307 0.778216 0.243034 0.020521
8 0.835139 0.775848 0.072755 0.017364
11 0.341331 0.813339 0.434985 0.026046
8 0.801084 0.811365 0.143963 0.022099
4 0.191176 0.867403 0.224458 0.020521
11 0.157895 0.895817 0.151703 0.017364
5 0.524768 0.865825 0.130031 0.017364
8 0.533282 0.893449 0.109907 0.018942
4 0.818111 0.864641 0.063467 0.016575
8 0.811920 0.894238 0.078947 0.015785
5 0.190402 0.928571 0.238390 0.019732
2 0.132353 0.963694 0.193498 0.018942
11 0.302632 0.963299 0.078947 0.016575
8 0.772446 0.963299 0.120743 0.018153