0 0.435021 0.031722 0.621067 0.024169
0 0.437756 0.058535 0.435021 0.020393
11 0.424761 0.084592 0.641587 0.022659
1 0.425445 0.111405 0.722298 0.026435
5 0.430917 0.140106 0.410397 0.023414
9 0.430233 0.166163 0.685363 0.025680
5 0.443912 0.194109 0.545828 0.022659
5 0.435705 0.221299 0.611491 0.021148
8 0.324897 0.488293 0.179207 0.021903
4 0.435705 0.273414 0.414501 0.022659
4 0.462380 0.347432 0.426813 0.024169
11 0.123119 0.370091 0.134063 0.024169
11 0.684679 0.368958 0.135431 0.021903
4 0.804378 0.367825 0.062927 0.021148
5 0.340629 0.417296 0.566347 0.021903
11 0.127907 0.440332 0.140903 0.022659
8 0.711354 0.438444 0.103967 0.023414
11 0.814637 0.436934 0.042408 0.021903
5 0.341997 0.466012 0.569083 0.021148
11 0.129275 0.488671 0.143639 0.022659
8 0.710670 0.485650 0.102599 0.021148
11 0.816689 0.485650 0.041040 0.021148
5 0.353625 0.513595 0.589603 0.022659
11 0.132011 0.536631 0.149111 0.020393
8 0.712722 0.533233 0.098495 0.022659
11 0.818057 0.533988 0.043776 0.019637
4 0.264706 0.599698 0.406293 0.022659
3 0.781806 0.596677 0.121751 0.019637
11 0.153899 0.621224 0.190150 0.021903
8 0.725034 0.617825 0.229822 0.022659
11 0.138167 0.648036 0.158687 0.021148
8 0.725034 0.643882 0.227086 0.021903
5 0.179207 0.675604 0.232558 0.023414
8 0.744870 0.670695 0.190150 0.021148
11 0.168263 0.706949 0.213406 0.024169
6 0.830369 0.703550 0.024624 0.021903
11 0.231874 0.749245 0.140903 0.021148
11 0.517100 0.746601 0.136799 0.021903
4 0.692202 0.745846 0.134063 0.023414
11 0.158003 0.771148 0.151847 0.022659
8 0.531464 0.767749 0.119015 0.020393
8 0.725034 0.767372 0.084815 0.021148
5 0.441176 0.830060 0.564979 0.025680
5 0.450752 0.856873 0.581395 0.023414
2 0.444596 0.915408 0.569083 0.022659
10 0.454172 0.936556 0.621067 0.024169
11 0.643639 0.958082 0.335157 0.021903