0 0.495722 0.119289 0.803209 0.027411
1 0.493583 0.146447 0.174332 0.021827
1 0.491979 0.168782 0.481283 0.020812
5 0.491979 0.192132 0.186096 0.023858
1 0.491979 0.217005 0.423529 0.022843
9 0.495722 0.238832 0.319786 0.022843
4 0.494118 0.270305 0.408556 0.023858
4 0.494118 0.296701 0.500535 0.023858
11 0.102139 0.332487 0.116578 0.017259
5 0.113904 0.359898 0.140107 0.019289
5 0.500535 0.964721 0.789305 0.016751
9 0.410695 0.359391 0.248128 0.023350
2 0.747594 0.357868 0.297326 0.020305
10 0.110160 0.385025 0.132620 0.021827
8 0.835829 0.915736 0.078075 0.023350
11 0.355615 0.383756 0.180749 0.018274
11 0.727807 0.381218 0.272727 0.023350
5 0.168984 0.410914 0.256684 0.022843
11 0.645455 0.410406 0.101604 0.023858
11 0.081818 0.455838 0.082353 0.016244
11 0.400000 0.457614 0.074866 0.021827
5 0.565775 0.455076 0.126203 0.021827
5 0.743316 0.456853 0.151872 0.018274
4 0.890374 0.454569 0.067380 0.020812
6 0.094652 0.480203 0.101604 0.019289
6 0.398930 0.481218 0.034225 0.018274
8 0.563636 0.479188 0.096257 0.019289
8 0.781818 0.480203 0.091979 0.016244
11 0.891979 0.478680 0.070588 0.018274
5 0.374332 0.504822 0.667380 0.021827
6 0.096791 0.531726 0.086631 0.020812
6 0.398930 0.528934 0.034225 0.017259
8 0.562032 0.530964 0.099465 0.017259
8 0.769519 0.529949 0.086631 0.019289
11 0.886096 0.528426 0.065241 0.019289
5 0.297861 0.554061 0.508021 0.021827
11 0.222460 0.582487 0.164706 0.021827
6 0.399465 0.579695 0.043850 0.016244
3 0.770588 0.579188 0.103743 0.019289
4 0.382888 0.616497 0.481283 0.022843
8 0.767914 0.616244 0.109091 0.018274
5 0.540642 0.642893 0.191444 0.020812
8 0.770053 0.642640 0.094118 0.018274
4 0.532086 0.668274 0.208556 0.020812
8 0.779679 0.668528 0.074866 0.019289
5 0.531016 0.697970 0.195722 0.025381
8 0.774866 0.697462 0.084492 0.017259
4 0.348663 0.729695 0.571123 0.023858
8 0.767914 0.728426 0.094118 0.017259
11 0.558289 0.756345 0.149733 0.018274
8 0.765775 0.755584 0.089840 0.020812
5 0.541176 0.781980 0.181818 0.022843
8 0.778075 0.783756 0.099465 0.017259
4 0.264706 0.832487 0.302674 0.018274
4 0.206952 0.862437 0.172193 0.019289
11 0.392513 0.863198 0.034225 0.020812
11 0.575401 0.862690 0.168984 0.021827
4 0.794652 0.861168 0.162567 0.022843
11 0.155615 0.886548 0.065241 0.022843
6 0.394118 0.885279 0.048128 0.016244
8 0.608556 0.885787 0.109091 0.019289
8 0.841711 0.884010 0.091979 0.020812
11 0.383422 0.916497 0.118717 0.023858
8 0.606952 0.916497 0.101604 0.020812