0 0.458316 0.066901 0.244738 0.008820
5 0.456872 0.078487 0.104003 0.009867
1 0.375671 0.088877 0.132687 0.010016
5 0.456562 0.099267 0.150021 0.009867
1 0.456665 0.108910 0.243087 0.009119
9 0.456872 0.119674 0.107305 0.008521
9 0.361638 0.140305 0.134750 0.009418
10 0.319645 0.154507 0.052002 0.009418
2 0.547978 0.141127 0.145894 0.011063
2 0.547152 0.155031 0.145894 0.011063
5 0.416220 0.177680 0.245151 0.008820
6 0.353281 0.187397 0.102352 0.008521
5 0.337185 0.203468 0.088733 0.010764
6 0.353281 0.213410 0.103178 0.009119
11 0.529818 0.187846 0.043541 0.008820
11 0.530231 0.213933 0.044366 0.010166
11 0.310565 0.238526 0.036319 0.009119
11 0.307573 0.251607 0.030334 0.010166
11 0.340797 0.263492 0.095955 0.008820
4 0.467705 0.237928 0.130623 0.009119
5 0.498968 0.250635 0.068923 0.008820
11 0.512691 0.264016 0.041478 0.010465
3 0.601940 0.237629 0.035493 0.008521
8 0.603900 0.250934 0.030334 0.008820
8 0.600908 0.263418 0.035493 0.009867
5 0.507842 0.284198 0.051176 0.009867
11 0.518056 0.297130 0.030334 0.008820
8 0.602146 0.297877 0.035080 0.008521
5 0.507016 0.311332 0.054478 0.009119
8 0.601733 0.311332 0.037144 0.008521
4 0.346574 0.323666 0.080272 0.010465
11 0.344511 0.338018 0.047255 0.009867
11 0.344305 0.353416 0.047668 0.009867
9 0.359781 0.372701 0.133925 0.009867
5 0.379901 0.383690 0.174990 0.009119
5 0.455014 0.394155 0.178291 0.010016
9 0.455221 0.404395 0.222039 0.008671
5 0.455943 0.415533 0.225547 0.010315
4 0.533326 0.088429 0.145481 0.007923
5 0.386298 0.154358 0.056541 0.009119
11 0.596884 0.188145 0.043954 0.008820
11 0.596471 0.213410 0.046017 0.008521
6 0.341209 0.237928 0.011350 0.009119
6 0.341416 0.250187 0.010111 0.007923
8 0.419418 0.263791 0.029096 0.008820
11 0.436030 0.323292 0.036731 0.009119
4 0.509802 0.323142 0.075320 0.008222
8 0.436442 0.338167 0.035906 0.010166
8 0.531985 0.338616 0.030953 0.009867
8 0.440673 0.353865 0.029096 0.010166
8 0.531469 0.354687 0.029922 0.008820
5 0.491746 0.372776 0.108543 0.009418