0 0.467130 0.214332 0.267593 0.009817
2 0.466667 0.225458 0.100000 0.009817
1 0.468056 0.238220 0.060185 0.010471
1 0.467593 0.249018 0.229630 0.011126
1 0.466667 0.261780 0.175926 0.010471
4 0.466204 0.273233 0.075000 0.009817
9 0.402778 0.283050 0.166667 0.009817
11 0.331481 0.300393 0.022222 0.007853
11 0.425000 0.301047 0.020370 0.009162
11 0.600000 0.299738 0.027778 0.009162
9 0.414815 0.313482 0.188889 0.010471
8 0.334722 0.326243 0.032407 0.008508
6 0.417130 0.326571 0.008333 0.007853
8 0.598148 0.326571 0.027778 0.009162
9 0.408796 0.344241 0.178704 0.010471
8 0.333796 0.357330 0.028704 0.009162
6 0.416204 0.357657 0.004630 0.008508
8 0.596759 0.357657 0.028704 0.009817
3 0.559722 0.378927 0.104630 0.009162
4 0.567130 0.391361 0.093519 0.010471
3 0.568981 0.402814 0.086111 0.009817
5 0.358333 0.417539 0.077778 0.010471
5 0.590278 0.419175 0.043519 0.009817
11 0.336111 0.430301 0.035185 0.008508
8 0.595370 0.431937 0.029630 0.007853
5 0.339815 0.444372 0.042593 0.010471
8 0.596759 0.443717 0.028704 0.009162
4 0.351852 0.472513 0.066667 0.007853
5 0.491204 0.473168 0.045370 0.007853
4 0.597222 0.473168 0.031481 0.009162
4 0.353241 0.485275 0.071296 0.008508
8 0.506019 0.485275 0.019444 0.007199
8 0.600926 0.485929 0.018519 0.007199
4 0.462500 0.503272 0.139815 0.009162
5 0.462963 0.515380 0.188889 0.009817
4 0.462037 0.527814 0.127778 0.011126
5 0.463426 0.538613 0.139815 0.011780
5 0.462037 0.549738 0.172222 0.009162
5 0.462037 0.563154 0.153704 0.009817