0 0.451535 0.107676 0.757674 0.026297
1 0.440226 0.137527 0.744750 0.019190
1 0.226979 0.154584 0.318255 0.016347
11 0.382876 0.175195 0.620355 0.016347
11 0.245557 0.197228 0.352181 0.016347
4 0.294023 0.216418 0.449111 0.020611
4 0.809370 0.226724 0.294023 0.018479
5 0.138934 0.238095 0.171244 0.014215
9 0.330372 0.255153 0.547658 0.017058
5 0.273829 0.293177 0.421648 0.016347
11 0.192246 0.336887 0.213247 0.014215
11 0.218094 0.359630 0.180937 0.015636
11 0.600162 0.337953 0.324717 0.016347
3 0.804523 0.360697 0.093700 0.014925
11 0.916801 0.359630 0.046850 0.015636
4 0.296446 0.384151 0.508885 0.016347
5 0.458805 0.407605 0.151858 0.017768
11 0.427302 0.437456 0.088853 0.016347
5 0.473344 0.461620 0.171244 0.017768
11 0.470921 0.488628 0.169628 0.014925
11 0.432956 0.527363 0.096931 0.015636
5 0.458805 0.549751 0.142165 0.014925
8 0.805331 0.385928 0.098546 0.014215
8 0.810985 0.410092 0.077544 0.015636
8 0.806139 0.439588 0.090468 0.016347
8 0.814216 0.462331 0.080775 0.013504
8 0.806947 0.490760 0.095315 0.013504
8 0.805331 0.530206 0.098546 0.015636
8 0.808562 0.553305 0.095315 0.014925
4 0.161551 0.581734 0.235864 0.017768
5 0.515347 0.582445 0.213247 0.016347
4 0.840872 0.582445 0.143780 0.019190
11 0.126817 0.603767 0.166397 0.016347
8 0.584814 0.604833 0.077544 0.015636
8 0.873990 0.603767 0.074313 0.013504
9 0.254443 0.659915 0.415186 0.014925
2 0.674475 0.661336 0.321486 0.017768
5 0.512116 0.752310 0.817447 0.017768
5 0.514540 0.789268 0.667205 0.017768
5 0.512924 0.812011 0.399031 0.016347
5 0.511309 0.851102 0.647819 0.017768
9 0.512116 0.888060 0.810985 0.017768
5 0.511309 0.911158 0.864297 0.018479
5 0.512116 0.932125 0.239095 0.014925
5 0.511309 0.961265 0.741519 0.017768