0 0.481481 0.090760 0.685990 0.015072
0 0.461353 0.112385 0.349436 0.012451
4 0.480676 0.129096 0.458937 0.013106
5 0.473430 0.147772 0.457327 0.015072
1 0.478261 0.164482 0.380032 0.014417
1 0.479066 0.182503 0.594203 0.016383
11 0.452496 0.216907 0.576490 0.015727
2 0.196457 0.237877 0.183575 0.013106
4 0.508857 0.239843 0.225443 0.015727
9 0.728663 0.257864 0.294686 0.015072
5 0.316425 0.283421 0.429952 0.016383
11 0.267311 0.311927 0.341385 0.015727
11 0.271337 0.330931 0.336554 0.015727
11 0.135266 0.349607 0.074074 0.013761
11 0.421095 0.351245 0.059581 0.015727
5 0.553140 0.349934 0.123994 0.015727
11 0.827697 0.349607 0.061192 0.013761
11 0.162641 0.373198 0.132045 0.013761
8 0.428341 0.373526 0.074074 0.013106
8 0.565217 0.373526 0.096618 0.014417
11 0.834138 0.373198 0.148148 0.013761
5 0.330113 0.394168 0.466989 0.015072
11 0.185185 0.409240 0.177134 0.013761
6 0.161836 0.440039 0.127214 0.013761
8 0.427536 0.440695 0.072464 0.013761
8 0.566828 0.441022 0.096618 0.013106
11 0.833333 0.440695 0.146538 0.015072
5 0.329308 0.462320 0.462158 0.015072
6 0.163446 0.492792 0.127214 0.014417
8 0.428341 0.493119 0.074074 0.013761
8 0.579710 0.492792 0.077295 0.013106
11 0.842995 0.492792 0.120773 0.013106
5 0.247987 0.513761 0.293076 0.013106
6 0.163446 0.535714 0.127214 0.013761
8 0.428341 0.535714 0.067633 0.013761
8 0.578905 0.535059 0.075684 0.015072
11 0.844605 0.535387 0.123994 0.015727
5 0.257649 0.557339 0.318841 0.015072
6 0.161836 0.587484 0.123994 0.015072
8 0.430757 0.588139 0.075684 0.015072
8 0.568438 0.588139 0.099839 0.015072
11 0.836554 0.588139 0.146538 0.015072
5 0.252013 0.608781 0.304348 0.014417
4 0.363124 0.644168 0.471820 0.015727
3 0.804348 0.642857 0.114332 0.014417
5 0.427536 0.663499 0.346216 0.016383
8 0.820451 0.662516 0.072464 0.013106
11 0.433172 0.683814 0.338164 0.016383
8 0.801932 0.683159 0.112721 0.015072
11 0.456522 0.701835 0.288245 0.014417
6 0.845411 0.701507 0.025765 0.013761
4 0.233494 0.733290 0.238325 0.015727
5 0.507246 0.733617 0.219002 0.015072
4 0.764090 0.732962 0.172303 0.015072
11 0.197262 0.752621 0.162641 0.015072
8 0.560386 0.754587 0.112721 0.015072
8 0.812399 0.752294 0.072464 0.015727
11 0.359098 0.790957 0.093398 0.015727
8 0.495169 0.791284 0.072464 0.013761
5 0.377617 0.826999 0.545894 0.015727
1 0.481481 0.854849 0.466989 0.017693
5 0.482287 0.873526 0.665056 0.017038