0 0.458678 0.117161 0.145737 0.012258
5 0.454747 0.129775 0.135860 0.012115
1 0.455453 0.142246 0.122758 0.011688
5 0.455352 0.154433 0.151582 0.012685
5 0.459484 0.167189 0.130014 0.011403
1 0.455956 0.179091 0.180206 0.012400
6 0.460391 0.191633 0.088692 0.010690
4 0.451623 0.208452 0.218303 0.020667
9 0.321508 0.237671 0.065309 0.010975
6 0.400121 0.236531 0.051199 0.010975
2 0.475207 0.235889 0.071558 0.011688
11 0.546261 0.235034 0.058859 0.011403
9 0.372405 0.249786 0.165088 0.012685
11 0.523886 0.247933 0.030639 0.010975
6 0.571256 0.246579 0.008869 0.009692
10 0.314957 0.263255 0.052207 0.009977
10 0.396997 0.261759 0.055432 0.010975
11 0.311732 0.275584 0.043741 0.010975
11 0.304979 0.300385 0.030236 0.010975
11 0.393872 0.299957 0.025801 0.011830
5 0.450514 0.298532 0.053618 0.010975
5 0.525096 0.297819 0.046765 0.010690
4 0.565108 0.296608 0.026809 0.011973
9 0.323523 0.325185 0.067728 0.013255
6 0.402036 0.324259 0.015118 0.012828
8 0.464221 0.323047 0.031848 0.011260
8 0.532050 0.321978 0.031244 0.010262
11 0.567527 0.322192 0.017537 0.010690
5 0.323020 0.337728 0.066317 0.010690
9 0.323624 0.349843 0.066317 0.011830
6 0.401532 0.348489 0.012497 0.009692
8 0.462104 0.347705 0.031647 0.010690
8 0.531848 0.347206 0.032050 0.011688
11 0.568333 0.346565 0.018746 0.012400
5 0.344689 0.362315 0.109655 0.011688
9 0.324027 0.375000 0.066317 0.011688
6 0.401532 0.373575 0.009272 0.009977
8 0.461600 0.372862 0.030639 0.011403
8 0.533259 0.371508 0.032050 0.010690
11 0.568131 0.371793 0.017940 0.010690
5 0.317174 0.388113 0.052207 0.010832
9 0.324128 0.399729 0.067728 0.010690
6 0.401734 0.398375 0.009675 0.009977
8 0.459383 0.397805 0.037089 0.010262
8 0.530538 0.397092 0.037089 0.010262
11 0.568736 0.396308 0.015521 0.010120
5 0.381677 0.411488 0.180004 0.012828
9 0.324431 0.424886 0.067124 0.011403
6 0.401734 0.423461 0.009675 0.009977
8 0.459585 0.422605 0.035477 0.010262
8 0.530941 0.422178 0.037896 0.011403
11 0.568938 0.421608 0.015521 0.010262
5 0.395384 0.435861 0.209030 0.013398
9 0.324229 0.449401 0.066720 0.010262
6 0.402036 0.448404 0.008264 0.009692
8 0.460089 0.447620 0.036485 0.010690
8 0.530740 0.446765 0.037492 0.010975
11 0.569442 0.445981 0.016529 0.010262
5 0.356279 0.461445 0.130014 0.012115
9 0.339246 0.473917 0.065713 0.010262
6 0.403245 0.473062 0.008668 0.009977
8 0.463515 0.472491 0.034469 0.009692
8 0.533360 0.471636 0.029430 0.011973
11 0.569744 0.471137 0.016327 0.010120
5 0.347410 0.486246 0.082040 0.012400
9 0.339246 0.498503 0.067728 0.010690
6 0.403245 0.497862 0.008668 0.009977
8 0.462911 0.497007 0.031647 0.010262
8 0.534166 0.496223 0.030639 0.010690
11 0.569946 0.495795 0.017537 0.010690
5 0.338238 0.511331 0.067728 0.012115
9 0.325136 0.524017 0.065713 0.010690
6 0.403346 0.523019 0.009675 0.010690
8 0.460391 0.522092 0.037089 0.010262
8 0.531143 0.521308 0.037492 0.010690
11 0.569542 0.520810 0.017940 0.010262
5 0.357992 0.535775 0.129813 0.011973
9 0.340556 0.548318 0.066317 0.012258
6 0.403447 0.547677 0.007861 0.010975
8 0.463515 0.546536 0.033663 0.010975
8 0.534771 0.546109 0.030236 0.010690
11 0.570349 0.545468 0.017537 0.011403
5 0.361520 0.561146 0.111469 0.011117
9 0.340556 0.573404 0.067527 0.011973
6 0.403145 0.572477 0.009272 0.010975
8 0.463314 0.572050 0.031244 0.010975
8 0.534670 0.570482 0.031647 0.010690
11 0.570450 0.570696 0.016529 0.010262
5 0.346604 0.586018 0.083249 0.012400
11 0.322112 0.610747 0.058456 0.011403
11 0.467748 0.610533 0.007861 0.009265
3 0.560472 0.608039 0.038500 0.009977
11 0.310925 0.635334 0.036485 0.012115
11 0.468857 0.634977 0.011288 0.011973
8 0.561177 0.632910 0.037896 0.010690
11 0.359000 0.664410 0.133844 0.019527
8 0.542532 0.662129 0.075590 0.018957
4 0.359202 0.680160 0.131828 0.012543
11 0.468051 0.679732 0.006853 0.008552
8 0.560774 0.677665 0.037089 0.010690
11 0.468252 0.692489 0.010079 0.009265
8 0.564503 0.690066 0.034066 0.010690
5 0.348922 0.717574 0.114493 0.013255
11 0.310824 0.730473 0.033058 0.011688
8 0.560169 0.727124 0.039911 0.010975
5 0.335416 0.742945 0.081435 0.010975
8 0.564402 0.740023 0.032655 0.011403
4 0.334912 0.767246 0.080427 0.011403
4 0.324834 0.779433 0.059464 0.010975
5 0.440133 0.778578 0.080427 0.012115
4 0.552106 0.777580 0.058859 0.011830
11 0.302862 0.804518 0.015521 0.010975
6 0.370792 0.803948 0.013102 0.012400
8 0.462004 0.802879 0.037492 0.011688
8 0.565511 0.801953 0.032050 0.010690
5 0.462508 0.828036 0.138883 0.010975
5 0.464221 0.840436 0.130619 0.012400
11 0.369583 0.778934 0.010280 0.009977