0 0.504085 0.068709 0.916667 0.019868
1 0.498366 0.087748 0.444444 0.018212
1 0.495915 0.106374 0.485294 0.020695
9 0.337418 0.124172 0.302288 0.018212
4 0.501634 0.143626 0.392157 0.017384
4 0.500000 0.185430 0.571895 0.029801
11 0.607843 0.233444 0.434641 0.029801
9 0.103758 0.259106 0.135621 0.018212
2 0.671569 0.261175 0.313725 0.019040
5 0.315359 0.290149 0.568627 0.027318
5 0.267974 0.319123 0.473856 0.017384
5 0.179739 0.338576 0.284314 0.018212
1 0.295752 0.358030 0.526144 0.017384
1 0.232843 0.375414 0.403595 0.017384
2 0.535131 0.394454 0.259804 0.019040
5 0.135621 0.418460 0.218954 0.015728
11 0.309641 0.418046 0.060458 0.014901
11 0.385621 0.418046 0.058824 0.014901
11 0.464869 0.418046 0.060458 0.014901
11 0.541667 0.417632 0.024510 0.015728
11 0.610294 0.418046 0.083333 0.016556
11 0.750817 0.419288 0.142157 0.017384
5 0.126634 0.447848 0.197712 0.016556
8 0.299020 0.448675 0.081699 0.016556
6 0.407680 0.448675 0.021242 0.016556
6 0.482843 0.448262 0.024510 0.014073
6 0.541667 0.448675 0.024510 0.014901
6 0.636438 0.448675 0.021242 0.014901
8 0.781863 0.448675 0.083333 0.014901
5 0.116013 0.468129 0.179739 0.017384
8 0.299837 0.467715 0.080065 0.016556
6 0.406863 0.468543 0.026144 0.014901
6 0.483660 0.468129 0.026144 0.015728
6 0.540850 0.468129 0.022876 0.014073
6 0.638889 0.468543 0.026144 0.016556
8 0.780229 0.468543 0.080065 0.016556
5 0.115196 0.487169 0.178105 0.017384
8 0.299020 0.487583 0.081699 0.016556
6 0.405229 0.487169 0.026144 0.015728
6 0.483660 0.487169 0.022876 0.015728
6 0.540850 0.487583 0.022876 0.014901
6 0.634804 0.487997 0.024510 0.014073
8 0.781046 0.488411 0.081699 0.016556
11 0.470588 0.522765 0.352941 0.033940
8 0.772059 0.520695 0.109477 0.028146
5 0.118464 0.555050 0.184641 0.017384
8 0.298203 0.555877 0.083333 0.015728
6 0.397059 0.555464 0.042484 0.014901
6 0.481209 0.555877 0.027778 0.014073
6 0.540033 0.555877 0.024510 0.015728
6 0.627451 0.555877 0.042484 0.015728
8 0.770425 0.555050 0.102941 0.015728
5 0.097222 0.574917 0.142157 0.015728
8 0.298203 0.574917 0.083333 0.015728
6 0.403595 0.574503 0.026144 0.014901
6 0.481209 0.575331 0.024510 0.016556
6 0.540033 0.575331 0.024510 0.014901
11 0.625817 0.574917 0.039216 0.015728
8 0.770425 0.575745 0.102941 0.015728
4 0.352124 0.609272 0.580065 0.036424
8 0.772876 0.609272 0.101307 0.028146
4 0.604575 0.647765 0.084967 0.030629
8 0.780229 0.648179 0.083333 0.029801
4 0.364379 0.691639 0.555556 0.035596
8 0.772059 0.689570 0.096405 0.028146
11 0.470588 0.729305 0.362745 0.034768
8 0.772059 0.729719 0.093137 0.030629
11 0.504085 0.772765 0.279412 0.035596
3 0.770425 0.772351 0.102941 0.029801
11 0.111928 0.814570 0.155229 0.018212
5 0.468954 0.836507 0.866013 0.020695
5 0.408497 0.856374 0.754902 0.020695
5 0.470588 0.875828 0.872549 0.019868
4 0.394608 0.894868 0.717320 0.019868
4 0.409314 0.913907 0.753268 0.018212
5 0.178922 0.932947 0.292484 0.018212
5 0.498366 0.956126 0.385621 0.018212
9 0.664216 0.125000 0.299020 0.016556
11 0.749183 0.394868 0.093137 0.016556