0 0.436869 0.164133 0.348485 0.022806
9 0.428662 0.191431 0.220960 0.023497
5 0.434975 0.217346 0.539141 0.021424
1 0.442551 0.244644 0.625000 0.023497
1 0.435606 0.269523 0.424242 0.020733
4 0.436869 0.295439 0.464646 0.022806
4 0.417929 0.347616 0.419192 0.023497
9 0.208965 0.397028 0.301768 0.021424
10 0.549242 0.398065 0.305556 0.020733
11 0.093434 0.422944 0.080808 0.019350
2 0.390783 0.422598 0.400253 0.018659
5 0.159091 0.473739 0.212121 0.020041
11 0.368056 0.474084 0.059343 0.023497
5 0.539141 0.474775 0.141414 0.022115
11 0.690025 0.474084 0.097222 0.026261
4 0.785985 0.473393 0.061869 0.023497
11 0.130051 0.524534 0.151515 0.022115
11 0.350379 0.548376 0.056818 0.021424
8 0.527778 0.548376 0.078283 0.020041
8 0.700126 0.548721 0.077020 0.019350
11 0.794823 0.548376 0.039141 0.021424
5 0.142045 0.573255 0.172980 0.022806
11 0.351641 0.597097 0.056818 0.019350
8 0.528409 0.596061 0.082071 0.018659
8 0.699495 0.596752 0.078283 0.020041
11 0.794823 0.597097 0.041667 0.019350
6 0.170455 0.646164 0.232323 0.022115
4 0.264520 0.671044 0.412879 0.023497
8 0.774621 0.671735 0.074495 0.019350
4 0.215278 0.696614 0.321970 0.022115
8 0.775884 0.696268 0.077020 0.021424
4 0.294192 0.721147 0.474747 0.022806
3 0.775253 0.719765 0.075758 0.022806
11 0.177399 0.746026 0.233586 0.029717
8 0.737374 0.745681 0.148990 0.022115
8 0.773990 0.795439 0.078283 0.017968
4 0.162879 0.868694 0.209596 0.023497
5 0.528409 0.869039 0.193182 0.020041
4 0.748106 0.869385 0.132576 0.022115
11 0.078283 0.893227 0.040404 0.020041
11 0.304293 0.893573 0.108586 0.023497
8 0.585227 0.892882 0.082071 0.020733
8 0.772727 0.893227 0.083333 0.020041