0 0.475225 0.184028 0.558559 0.021759
1 0.485923 0.206250 0.541667 0.020833
5 0.477477 0.227778 0.286036 0.019444
1 0.494369 0.251852 0.425676 0.023148
11 0.491554 0.275463 0.273649 0.018519
4 0.494369 0.297222 0.504505 0.021296
1 0.500000 0.344676 0.563063 0.020833
11 0.177365 0.389815 0.145270 0.019444
6 0.504505 0.391204 0.126126 0.018519
2 0.822072 0.390972 0.162162 0.020833
5 0.375563 0.436574 0.543919 0.019444
5 0.372748 0.460417 0.542793 0.017130
5 0.365428 0.483333 0.519144 0.019444
8 0.263514 0.506019 0.247748 0.018519
5 0.371622 0.529861 0.540541 0.019907
8 0.264640 0.552315 0.243243 0.018519
5 0.342905 0.576389 0.483108 0.019444
11 0.819820 0.577778 0.164414 0.018519
11 0.237050 0.598843 0.264640 0.018981
11 0.824324 0.601157 0.164414 0.018056
8 0.260698 0.622454 0.246622 0.018056
5 0.369932 0.645833 0.546171 0.019444
11 0.807995 0.646759 0.185811 0.017593
4 0.400901 0.691667 0.603604 0.019444
5 0.613739 0.715278 0.184685 0.018519
5 0.607545 0.737963 0.190315 0.017593
3 0.806869 0.693750 0.113739 0.017130
8 0.810811 0.715046 0.114865 0.016204
11 0.828829 0.738889 0.065315 0.015741
4 0.210586 0.784028 0.227477 0.021759
5 0.515203 0.783796 0.203829 0.017593
4 0.805180 0.784722 0.144144 0.017593
11 0.165541 0.806713 0.130631 0.015278
11 0.161036 0.829167 0.137387 0.016667
8 0.572072 0.807407 0.105856 0.019444
8 0.568694 0.830093 0.110360 0.017593
8 0.840090 0.807639 0.087838 0.018056
11 0.846847 0.831481 0.060811 0.017593
5 0.481419 0.900463 0.561937 0.023148
9 0.487050 0.923380 0.780405 0.022685
11 0.822072 0.437963 0.166667 0.017593
11 0.819820 0.461574 0.164414 0.017593
11 0.822072 0.485185 0.166667 0.017593
11 0.810811 0.531019 0.186937 0.017593