0 0.473228 0.116402 0.744882 0.025699
1 0.471654 0.149660 0.725984 0.018141
1 0.262992 0.167423 0.308661 0.015873
11 0.409449 0.187453 0.607874 0.019652
11 0.277165 0.209373 0.349606 0.016629
4 0.324409 0.229403 0.440945 0.017385
4 0.827559 0.240741 0.291339 0.018896
5 0.175591 0.250945 0.162205 0.016629
9 0.359055 0.270219 0.535433 0.018896
5 0.305512 0.311791 0.415748 0.020408
11 0.227559 0.359788 0.218898 0.019652
11 0.251969 0.403628 0.179528 0.015117
5 0.718898 0.360166 0.508661 0.015873
11 0.518110 0.379819 0.116535 0.018896
3 0.829134 0.405140 0.074016 0.016629
11 0.934646 0.405518 0.048819 0.015873
4 0.325984 0.430083 0.497638 0.016629
5 0.487402 0.453137 0.146457 0.017385
11 0.454331 0.483749 0.089764 0.015117
5 0.500000 0.509448 0.174803 0.019652
11 0.496850 0.538549 0.168504 0.017385
11 0.459055 0.582389 0.089764 0.014361
5 0.485039 0.606576 0.141732 0.017385
8 0.825984 0.432729 0.070866 0.012850
8 0.828346 0.456160 0.075591 0.015873
8 0.831496 0.487150 0.075591 0.014361
8 0.830709 0.509448 0.077165 0.015117
8 0.832283 0.541572 0.077165 0.014361
8 0.822835 0.585412 0.089764 0.015873
8 0.833071 0.609221 0.069291 0.016629
4 0.194488 0.640212 0.228346 0.019652
5 0.540157 0.641345 0.211024 0.020408
4 0.860630 0.641345 0.146457 0.018896
11 0.158268 0.661754 0.155906 0.017385
8 0.602362 0.662887 0.070866 0.016629
8 0.892913 0.663643 0.078740 0.016629
9 0.287402 0.721844 0.411024 0.018141
2 0.693701 0.722222 0.319685 0.017385
5 0.537008 0.828042 0.793701 0.018896
5 0.537008 0.868859 0.645669 0.017385
5 0.536220 0.890779 0.392126 0.017385
5 0.537008 0.930461 0.636220 0.018141
9 0.539370 0.969010 0.795276 0.019652