1 0.420370 0.238874 0.218519 0.009162
0 0.402315 0.251963 0.178704 0.007853
1 0.456481 0.264725 0.287037 0.008508
5 0.469444 0.277814 0.314815 0.008508
1 0.374074 0.290249 0.122222 0.009817
1 0.402778 0.303665 0.179630 0.009162
5 0.412037 0.316427 0.198148 0.009817
9 0.460185 0.328861 0.294444 0.009817
4 0.399074 0.340969 0.174074 0.007853
11 0.375463 0.366165 0.023148 0.008508
11 0.433333 0.366165 0.031481 0.007199
11 0.485185 0.365838 0.025926 0.007853
11 0.538426 0.366165 0.026852 0.007199
5 0.347222 0.379254 0.072222 0.008508
6 0.318056 0.391688 0.013889 0.007199
6 0.368056 0.392016 0.006481 0.006545
3 0.433333 0.391361 0.031481 0.007853
8 0.482870 0.391688 0.023148 0.007199
11 0.553241 0.391688 0.056481 0.007199
11 0.341667 0.417539 0.061111 0.007853
8 0.592130 0.416558 0.030556 0.007199
11 0.350926 0.429974 0.077778 0.007853
8 0.591667 0.429647 0.031481 0.007199
11 0.357870 0.456152 0.093519 0.007853
8 0.591204 0.454843 0.032407 0.007853
5 0.348148 0.481675 0.075926 0.007853
8 0.591204 0.480694 0.032407 0.007199
11 0.340741 0.506872 0.061111 0.007199
6 0.473611 0.506545 0.006481 0.007853
8 0.378241 0.532068 0.136111 0.007853
4 0.497685 0.532068 0.054630 0.007853
2 0.377778 0.558573 0.135185 0.008508
1 0.415741 0.570681 0.211111 0.009162
4 0.375000 0.596531 0.129630 0.008508