0 0.442955 0.137471 0.296513 0.014111
9 0.443257 0.152936 0.109655 0.012543
1 0.441443 0.166120 0.213263 0.012970
5 0.441443 0.180231 0.220520 0.012970
1 0.440839 0.192987 0.096755 0.012543
11 0.440738 0.206742 0.056642 0.010975
4 0.440335 0.218144 0.054223 0.009550
4 0.440435 0.233110 0.097158 0.010405
9 0.303870 0.249786 0.063092 0.011260
5 0.288551 0.262329 0.033663 0.010405
10 0.296916 0.274587 0.050796 0.008694
9 0.396190 0.249359 0.078815 0.009265
11 0.373816 0.274302 0.039307 0.009265
5 0.492542 0.249786 0.036081 0.009265
11 0.489921 0.263184 0.033663 0.010405
11 0.489216 0.275086 0.034267 0.009977
6 0.541927 0.250641 0.015924 0.009550
2 0.567527 0.264253 0.068333 0.009122
11 0.559867 0.275513 0.054223 0.009122
5 0.310623 0.292189 0.076597 0.009122
11 0.457569 0.293330 0.022979 0.009977
11 0.497783 0.292261 0.032856 0.010405
11 0.556642 0.293543 0.027615 0.009550
4 0.593227 0.293116 0.024189 0.009550
11 0.403648 0.404647 0.053014 0.010832
11 0.401330 0.480616 0.051602 0.009977
11 0.275247 0.506343 0.022375 0.008979
6 0.455251 0.304447 0.008264 0.008267
6 0.454445 0.316918 0.005846 0.007554
6 0.454243 0.329818 0.006249 0.007982
6 0.453235 0.343429 0.005442 0.008979
6 0.452933 0.355473 0.004838 0.008267
6 0.452731 0.367873 0.007257 0.008267
6 0.452530 0.380345 0.004838 0.009265
6 0.452227 0.393030 0.005442 0.008979
6 0.451824 0.406571 0.005442 0.009265
6 0.451824 0.418757 0.005442 0.008267
6 0.450917 0.431585 0.004435 0.008267
6 0.450312 0.444270 0.004435 0.008267
6 0.449506 0.457027 0.004838 0.007554
6 0.449506 0.470211 0.004838 0.008267
6 0.449204 0.482540 0.005846 0.008979
6 0.449506 0.494726 0.004838 0.008552
6 0.448599 0.507910 0.008668 0.007269
6 0.447390 0.519954 0.006249 0.007982
6 0.446986 0.532640 0.005442 0.009977
6 0.446986 0.544826 0.005442 0.007554
8 0.503225 0.304590 0.024390 0.008552
8 0.503830 0.317417 0.024390 0.008552
8 0.503124 0.330103 0.023382 0.008552
8 0.502721 0.343643 0.025398 0.007982
8 0.502217 0.355188 0.024390 0.008552
8 0.499395 0.367731 0.029631 0.007982
8 0.498287 0.380915 0.030236 0.007554
8 0.497783 0.393672 0.032050 0.008267
8 0.498085 0.406642 0.030639 0.007982
8 0.493751 0.419470 0.036485 0.008267
8 0.496372 0.431941 0.031244 0.008979
8 0.497178 0.444627 0.031647 0.008979
8 0.495565 0.457098 0.029631 0.008267
8 0.498488 0.469570 0.023786 0.009265
8 0.495565 0.482540 0.029631 0.008979
8 0.496976 0.495439 0.024793 0.007982
8 0.494356 0.507839 0.031244 0.008552
8 0.496775 0.520453 0.024390 0.007554
8 0.496271 0.533210 0.023382 0.008267
8 0.496775 0.546180 0.024390 0.007982
8 0.554727 0.305017 0.030236 0.008552
8 0.557851 0.317916 0.024793 0.007554
8 0.557347 0.330958 0.023786 0.008267
8 0.557045 0.343714 0.024793 0.007554
8 0.556642 0.355758 0.024390 0.007982
8 0.553618 0.368942 0.031647 0.007554
8 0.552812 0.381129 0.032050 0.006556
8 0.552106 0.394028 0.030639 0.007554
8 0.553014 0.407141 0.029631 0.007554
8 0.548680 0.419185 0.037492 0.008267
8 0.550595 0.431727 0.031647 0.007982
8 0.551199 0.444983 0.029631 0.008267
8 0.550695 0.457098 0.030639 0.008267
8 0.552711 0.470639 0.026204 0.008552
8 0.549385 0.483253 0.031244 0.007554
8 0.552106 0.495439 0.025801 0.007982
8 0.548277 0.508124 0.030639 0.008552
8 0.550897 0.520382 0.025398 0.008267
8 0.551602 0.533210 0.024793 0.008267
8 0.550695 0.546180 0.022979 0.007982
11 0.593227 0.304875 0.021367 0.008267
11 0.592320 0.317845 0.020359 0.008267
11 0.592622 0.330388 0.020964 0.008552
11 0.591514 0.343358 0.021971 0.008267
11 0.591816 0.356186 0.021367 0.008267
11 0.590808 0.369299 0.021367 0.008267
11 0.590304 0.381770 0.020359 0.007269
11 0.590708 0.393957 0.021971 0.008267
11 0.589800 0.406499 0.021367 0.008552
11 0.590204 0.419327 0.020964 0.008552
11 0.588893 0.431870 0.020359 0.006842
11 0.588289 0.445268 0.020359 0.007982
11 0.588289 0.457241 0.020359 0.007982
11 0.587986 0.470425 0.021367 0.007554
11 0.587482 0.482825 0.020359 0.007554
11 0.586777 0.496365 0.020964 0.007554
11 0.586273 0.509051 0.021971 0.007554
11 0.586374 0.520525 0.021367 0.008552
11 0.585971 0.533566 0.021367 0.007554
11 0.585467 0.546323 0.020359 0.008267
11 0.373513 0.557155 0.035074 0.009977
6 0.447188 0.557868 0.015521 0.010262
3 0.546966 0.558652 0.043741 0.008979
4 0.419170 0.573760 0.181617 0.012400
8 0.546966 0.573831 0.042935 0.010262
5 0.477525 0.587942 0.067728 0.010262
8 0.554021 0.588797 0.026809 0.008552
5 0.456360 0.603264 0.108043 0.010690
8 0.553719 0.602623 0.028220 0.009977
4 0.471276 0.616804 0.077404 0.010975
8 0.552711 0.618016 0.028220 0.008552
5 0.473493 0.632625 0.070147 0.010975
8 0.552913 0.632483 0.028220 0.009265
4 0.398408 0.646950 0.194920 0.013398
11 0.474501 0.661345 0.039911 0.009692
5 0.465733 0.674672 0.062286 0.009835
8 0.543741 0.647306 0.043338 0.009265
8 0.544245 0.661844 0.042330 0.009265
8 0.547873 0.675242 0.034670 0.009265
4 0.361318 0.703392 0.110663 0.009692
4 0.339045 0.723845 0.063294 0.009265
11 0.338238 0.735533 0.034670 0.009265
11 0.394981 0.724059 0.012699 0.009692
6 0.394376 0.735319 0.008264 0.008267
11 0.442350 0.724558 0.062286 0.010690
8 0.451723 0.736103 0.044346 0.008979
4 0.515017 0.725057 0.060875 0.009692
8 0.530034 0.737172 0.027212 0.008552
11 0.380367 0.752352 0.041927 0.009265
8 0.451421 0.752851 0.043741 0.010262
8 0.529530 0.753563 0.028220 0.009692
4 0.414029 0.769313 0.224148 0.009265
5 0.325438 0.778150 0.045757 0.009265
5 0.422294 0.799387 0.292280 0.010975