0 0.420601 0.167849 0.364807 0.028369
9 0.412554 0.193262 0.213519 0.020095
5 0.413627 0.218676 0.543991 0.026005
1 0.422210 0.245272 0.631974 0.024823
1 0.416309 0.270095 0.427039 0.024823
4 0.423820 0.294326 0.465665 0.023641
4 0.399142 0.343381 0.407725 0.031915
9 0.187232 0.394799 0.307940 0.026005
10 0.532725 0.395981 0.305794 0.028369
11 0.079399 0.421099 0.085837 0.025414
2 0.379828 0.421099 0.412017 0.021868
5 0.147532 0.470449 0.217811 0.026005
11 0.349249 0.472222 0.078326 0.029551
5 0.520386 0.469858 0.145923 0.030733
11 0.675966 0.469858 0.105150 0.030733
4 0.775215 0.469858 0.069742 0.022459
5 0.136803 0.520686 0.200644 0.027187
11 0.346030 0.547281 0.071888 0.028369
8 0.519850 0.546099 0.080472 0.026005
8 0.684013 0.546099 0.080472 0.026005
11 0.781116 0.546690 0.036481 0.027187
5 0.125536 0.570922 0.184549 0.031915
11 0.337446 0.595745 0.059013 0.023641
8 0.511803 0.594563 0.087983 0.024823
8 0.685622 0.593381 0.083691 0.029551
11 0.784335 0.594563 0.047210 0.021277
6 0.156652 0.646572 0.236052 0.027187
4 0.247854 0.670804 0.424893 0.028369
8 0.761803 0.670213 0.087983 0.020095
4 0.195279 0.695035 0.332618 0.022459
8 0.762876 0.696809 0.094421 0.023641
4 0.273605 0.719858 0.476395 0.022459
3 0.758584 0.722222 0.090129 0.022459
11 0.155579 0.744681 0.229614 0.024823
8 0.721567 0.747045 0.159871 0.029551
11 0.099249 0.794917 0.116953 0.023641
4 0.140558 0.868203 0.223176 0.026005
5 0.515021 0.868203 0.188841 0.023641
4 0.730687 0.868794 0.133047 0.029551
11 0.065451 0.892435 0.040773 0.022459
11 0.288090 0.896572 0.112661 0.023641
8 0.571352 0.897754 0.076180 0.026005
8 0.760193 0.896572 0.076180 0.023641
8 0.761803 0.796099 0.092275 0.028369