0 0.501610 0.101661 0.887279 0.018196
1 0.501610 0.120649 0.442834 0.019778
1 0.502415 0.139241 0.479871 0.017405
9 0.347021 0.156250 0.294686 0.015032
9 0.667472 0.156646 0.294686 0.015823
4 0.505636 0.174842 0.383253 0.017405
4 0.501610 0.213212 0.558776 0.026108
11 0.610306 0.257911 0.431562 0.025316
9 0.112721 0.283228 0.132045 0.017405
2 0.673913 0.285601 0.314010 0.015823
5 0.322061 0.314478 0.560386 0.026108
5 0.274557 0.342959 0.462158 0.018196
5 0.190016 0.361155 0.283414 0.016614
1 0.303543 0.378165 0.523349 0.017405
5 0.504831 0.949367 0.384863 0.015823
1 0.242351 0.394778 0.397746 0.015823
2 0.539452 0.412579 0.254428 0.015032
11 0.750403 0.412579 0.086957 0.016614
5 0.147343 0.434335 0.220612 0.017405
11 0.410628 0.435522 0.061192 0.013449
11 0.487923 0.435522 0.057971 0.015032
11 0.563607 0.435522 0.061192 0.015032
11 0.639291 0.435127 0.032206 0.014241
11 0.707729 0.435522 0.075684 0.016614
11 0.848631 0.435918 0.135266 0.015823
5 0.135266 0.465190 0.190016 0.015823
8 0.400966 0.465585 0.080515 0.015032
6 0.507246 0.465585 0.025765 0.013449
6 0.582931 0.465190 0.025765 0.015823
6 0.640097 0.466377 0.024155 0.015032
6 0.733494 0.465981 0.020934 0.015823
8 0.877617 0.465585 0.080515 0.016614
5 0.122383 0.484177 0.177134 0.015823
8 0.402576 0.485364 0.077295 0.015032
6 0.504026 0.484968 0.019324 0.014241
6 0.581320 0.485364 0.025765 0.013449
6 0.639291 0.484968 0.022544 0.015823
6 0.730274 0.484968 0.024155 0.012658
8 0.869565 0.484177 0.099839 0.015823
5 0.124799 0.503165 0.178744 0.014241
8 0.400161 0.503560 0.078905 0.015032
6 0.508857 0.502769 0.022544 0.011867
6 0.582126 0.503165 0.017713 0.015823
6 0.637681 0.503560 0.022544 0.015032
11 0.726248 0.503165 0.032206 0.015823
8 0.869565 0.503560 0.099839 0.015032
11 0.478261 0.535997 0.344605 0.032437
8 0.775362 0.534019 0.101449 0.026899
5 0.195652 0.566851 0.310789 0.016614
8 0.402576 0.567642 0.080515 0.015032
6 0.506441 0.567247 0.020934 0.012658
6 0.584541 0.568038 0.022544 0.012658
6 0.640097 0.568434 0.024155 0.015032
6 0.734300 0.568038 0.022544 0.014241
8 0.871176 0.568434 0.096618 0.016614
5 0.128019 0.586234 0.178744 0.015823
8 0.401771 0.586234 0.082126 0.015823
6 0.498390 0.585839 0.037037 0.016614
6 0.582931 0.586630 0.025765 0.015032
6 0.640097 0.585839 0.020934 0.015032
6 0.725443 0.585839 0.040258 0.013449
8 0.870370 0.585443 0.101449 0.014241
4 0.359903 0.618275 0.571659 0.035601
8 0.773752 0.617089 0.098229 0.026899
4 0.607085 0.655063 0.077295 0.026899
8 0.783414 0.655063 0.072464 0.026899
4 0.371176 0.696598 0.549114 0.034019
8 0.775362 0.695807 0.104670 0.027690
11 0.472625 0.732595 0.346216 0.030063
8 0.771337 0.732595 0.096618 0.025316
11 0.512882 0.774130 0.268921 0.032437
3 0.772142 0.773734 0.104670 0.026899
11 0.123188 0.815665 0.152979 0.015823
5 0.474235 0.835443 0.858293 0.017405
5 0.419485 0.853244 0.748792 0.018196
5 0.474235 0.873022 0.861514 0.019778
4 0.403382 0.891614 0.706924 0.018987
4 0.421095 0.911788 0.748792 0.018196
5 0.192432 0.929984 0.291465 0.016614