0 0.465649 0.210111 0.900763 0.032468
5 0.454198 0.241651 0.645038 0.026902
5 0.440840 0.271336 0.625954 0.028757
1 0.452290 0.302412 0.652672 0.027829
9 0.481870 0.336271 0.486641 0.025046
9 0.480916 0.365492 0.538168 0.025974
4 0.479962 0.455473 0.593511 0.027829
11 0.113550 0.512987 0.192748 0.025974
5 0.784351 0.440631 0.423664 0.044527
11 0.276718 0.517625 0.030534 0.020408
9 0.629771 0.517625 0.625954 0.024119
11 0.115458 0.543599 0.188931 0.025974
3 0.811069 0.820501 0.240458 0.023191
1 0.723282 0.548701 0.435115 0.023191
5 0.154580 0.575139 0.274809 0.027829
5 0.138359 0.605751 0.250000 0.024119
5 0.181298 0.636827 0.332061 0.028757
11 0.075382 0.665584 0.112595 0.026902
2 0.642176 0.578386 0.604962 0.023191
2 0.640267 0.608071 0.593511 0.023191
11 0.810115 0.851113 0.238550 0.021336
11 0.812023 0.882653 0.238550 0.023191
5 0.521947 0.912338 0.246183 0.025046
4 0.533397 0.942022 0.425573 0.021336
11 0.889313 0.639610 0.103053 0.021336
11 0.856870 0.668831 0.167939 0.022263
11 0.532443 0.670223 0.164122 0.023191
5 0.167939 0.728200 0.305344 0.029685
4 0.195611 0.758813 0.356870 0.027829
8 0.534351 0.761132 0.167939 0.023191
11 0.854962 0.730056 0.164122 0.022263
11 0.856870 0.761132 0.167939 0.021336
11 0.146947 0.817718 0.251908 0.026902
11 0.130725 0.848330 0.223282 0.025046
5 0.182252 0.880798 0.330153 0.026902