0 0.506974 0.101409 0.679185 0.020634
5 0.514485 0.128334 0.516094 0.017111
9 0.513948 0.150226 0.214592 0.016608
4 0.516094 0.171364 0.480687 0.018621
11 0.515021 0.190237 0.321888 0.016105
1 0.517704 0.208354 0.320815 0.018118
1 0.511803 0.226472 0.489270 0.017111
11 0.513412 0.246603 0.473176 0.019124
5 0.231760 0.286613 0.231760 0.024660
10 0.212446 0.313035 0.186695 0.014092
11 0.159335 0.331907 0.080472 0.015601
2 0.379828 0.332914 0.173820 0.015601
11 0.595494 0.333669 0.199571 0.018118
11 0.152897 0.364368 0.074034 0.016105
11 0.362124 0.365375 0.063305 0.017111
11 0.521996 0.363362 0.082618 0.017111
5 0.756974 0.365123 0.125536 0.016608
11 0.142167 0.388777 0.052575 0.018621
8 0.394850 0.391293 0.128755 0.019628
5 0.298283 0.413186 0.364807 0.018118
6 0.149678 0.439104 0.067597 0.016608
6 0.379828 0.439607 0.021459 0.013588
8 0.518240 0.440866 0.090129 0.016105
8 0.772532 0.440866 0.090129 0.014092
11 0.885193 0.441369 0.055794 0.014092
11 0.142704 0.462506 0.049356 0.017111
8 0.394850 0.463010 0.130901 0.019124
6 0.146996 0.512330 0.064378 0.017111
6 0.377146 0.512330 0.022532 0.016105
8 0.518777 0.512833 0.091202 0.016105
8 0.770923 0.513588 0.089056 0.015601
11 0.886266 0.514092 0.049356 0.016608
6 0.192060 0.537745 0.156652 0.019628
8 0.495172 0.536236 0.129828 0.019628
5 0.333691 0.561147 0.433476 0.019124
6 0.149142 0.586059 0.064378 0.013588
6 0.377682 0.587066 0.015021 0.015601
8 0.517704 0.587066 0.089056 0.015601
8 0.772532 0.587569 0.090129 0.015601
11 0.884120 0.588576 0.049356 0.015601
11 0.167382 0.610971 0.105150 0.020131
8 0.399678 0.610971 0.114807 0.017111
5 0.267704 0.634625 0.299356 0.018118
6 0.149678 0.659034 0.067597 0.015601
6 0.378219 0.659034 0.020386 0.013588
8 0.526288 0.660040 0.067597 0.015601
8 0.779506 0.661047 0.074034 0.016608
11 0.884120 0.660544 0.053648 0.015601
11 0.141094 0.683442 0.050429 0.016105
8 0.315451 0.683442 0.113734 0.019124
5 0.218348 0.708606 0.204936 0.017111
6 0.149142 0.732008 0.064378 0.013588
6 0.377146 0.732763 0.026824 0.015098
8 0.528970 0.733770 0.068670 0.015098
8 0.782189 0.733518 0.068670 0.013588
11 0.885193 0.734776 0.047210 0.015098
5 0.528433 0.762456 0.196352 0.016105
8 0.862124 0.762708 0.095494 0.016608
4 0.550429 0.780825 0.139485 0.016608
8 0.875536 0.781077 0.070815 0.014092
4 0.531116 0.799698 0.184549 0.017111
8 0.873391 0.800201 0.075107 0.015098
5 0.482296 0.829643 0.252146 0.021641
3 0.842811 0.830146 0.138412 0.020634
4 0.229614 0.873931 0.225322 0.016608
5 0.499464 0.875189 0.200644 0.015098
4 0.741953 0.874937 0.136266 0.014595
11 0.175966 0.899849 0.094421 0.018118
8 0.502146 0.899849 0.062232 0.013085
8 0.741953 0.899849 0.059013 0.013085
11 0.193133 0.924258 0.148069 0.017614
8 0.501609 0.923251 0.078326 0.013588
8 0.741416 0.924509 0.062232 0.014092
5 0.513948 0.954706 0.210300 0.014092
5 0.513948 0.974333 0.381974 0.016105