0 0.467648 0.185077 0.264866 0.012970
4 0.467547 0.197548 0.185245 0.013398
1 0.464221 0.210661 0.341867 0.015108
1 0.396896 0.223133 0.177384 0.012970
5 0.467849 0.234820 0.151985 0.011260
11 0.313546 0.285918 0.036485 0.010832
5 0.399415 0.284635 0.065511 0.009977
2 0.423806 0.296964 0.258214 0.012970
11 0.310018 0.310148 0.030639 0.011688
2 0.448801 0.308153 0.137271 0.013683
5 0.359504 0.321907 0.129611 0.013826
9 0.405463 0.333595 0.222737 0.013826
5 0.467345 0.357397 0.128402 0.012115
5 0.382282 0.383196 0.171538 0.012115
5 0.324431 0.397021 0.058254 0.010405
5 0.367769 0.409208 0.144930 0.012543
5 0.325035 0.421536 0.059464 0.011260
5 0.358093 0.434079 0.121951 0.012115
5 0.325438 0.445767 0.056642 0.010405
5 0.350433 0.458310 0.109051 0.012115
5 0.326043 0.470710 0.057851 0.009550
6 0.527414 0.381485 0.007055 0.010405
6 0.527111 0.405929 0.006450 0.009977
6 0.527716 0.430445 0.008869 0.010832
6 0.527918 0.454889 0.010079 0.011260
11 0.590204 0.380773 0.066519 0.011260
8 0.560774 0.393173 0.051199 0.009550
11 0.590002 0.405288 0.064906 0.010405
8 0.562286 0.417831 0.051804 0.010405
11 0.590304 0.430373 0.065511 0.011260
8 0.562891 0.442774 0.053014 0.011260
11 0.590304 0.454889 0.065511 0.011260
8 0.562588 0.467432 0.053618 0.011260
4 0.460290 0.493657 0.143721 0.011260
11 0.598670 0.491021 0.051199 0.010547
5 0.503024 0.505345 0.058254 0.011260
11 0.535376 0.520952 0.176174 0.018244
11 0.484580 0.525727 0.079016 0.011260
3 0.573675 0.521237 0.099577 0.018814
11 0.496976 0.550171 0.071961 0.010832
11 0.598166 0.548888 0.053014 0.009977
5 0.510381 0.562785 0.045958 0.011260
11 0.601693 0.560790 0.043540 0.010405
11 0.355775 0.588726 0.114896 0.012115
5 0.358395 0.613241 0.120137 0.011260
11 0.489518 0.612172 0.042935 0.010832
4 0.338137 0.638113 0.080830 0.012543
4 0.338541 0.663056 0.079621 0.011688
11 0.405765 0.661987 0.029026 0.011830
5 0.468555 0.660633 0.070752 0.010832
4 0.542431 0.660847 0.051199 0.012970
11 0.324330 0.675812 0.051199 0.012115
11 0.324934 0.687714 0.052409 0.010832
6 0.394376 0.674530 0.009474 0.009550
6 0.394678 0.687500 0.008869 0.009550
8 0.451421 0.673461 0.036485 0.009977
8 0.448498 0.686003 0.030639 0.009122
8 0.533058 0.672819 0.030034 0.009550
8 0.533360 0.684934 0.028220 0.011260
2 0.367970 0.712015 0.136061 0.012115