0 0.472581 0.064201 0.896774 0.021259
1 0.469355 0.083759 0.432258 0.021259
1 0.466129 0.105017 0.480645 0.021259
9 0.313710 0.122024 0.298387 0.019558
4 0.470968 0.142432 0.390323 0.019558
4 0.470968 0.183248 0.558065 0.031463
11 0.576613 0.233844 0.430645 0.030612
9 0.078226 0.260629 0.140323 0.019558
2 0.641935 0.262330 0.312903 0.019558
5 0.290323 0.292942 0.567742 0.029762
5 0.240323 0.322704 0.458065 0.019558
5 0.161290 0.341837 0.296774 0.018707
1 0.273387 0.361820 0.524194 0.017857
1 0.210484 0.379677 0.398387 0.019558
2 0.505645 0.398384 0.256452 0.019558
5 0.114516 0.425595 0.216129 0.016156
11 0.284677 0.423469 0.062903 0.015306
11 0.363710 0.423895 0.059677 0.016156
11 0.437903 0.423895 0.059677 0.016156
11 0.513710 0.423469 0.024194 0.015306
11 0.581452 0.423469 0.079032 0.017007
11 0.721774 0.423469 0.137097 0.017007
5 0.105645 0.456633 0.191935 0.017007
8 0.275806 0.457058 0.080645 0.016156
6 0.380645 0.455782 0.022581 0.017007
6 0.456452 0.455357 0.025806 0.016156
6 0.514516 0.455782 0.025806 0.015306
6 0.609677 0.455782 0.022581 0.017007
8 0.751613 0.455357 0.080645 0.016156
5 0.091935 0.475765 0.174194 0.017857
8 0.275806 0.476190 0.080645 0.015306
6 0.379032 0.476190 0.022581 0.017007
6 0.458065 0.474915 0.025806 0.016156
6 0.514516 0.475340 0.025806 0.015306
6 0.609677 0.475340 0.022581 0.017007
8 0.751613 0.474490 0.083871 0.015306
5 0.095968 0.495748 0.182258 0.018707
8 0.275806 0.495323 0.083871 0.017857
6 0.380645 0.495748 0.025806 0.013605
6 0.456452 0.494898 0.025806 0.015306
6 0.514516 0.495323 0.025806 0.016156
6 0.609677 0.494473 0.022581 0.014456
8 0.744355 0.494473 0.098387 0.014456
11 0.448387 0.530612 0.354839 0.035714
8 0.743548 0.528061 0.106452 0.028912
5 0.100000 0.564626 0.180645 0.017007
8 0.279032 0.563776 0.090323 0.017007
6 0.374194 0.564626 0.045161 0.015306
6 0.459677 0.563776 0.025806 0.015306
6 0.516129 0.563776 0.025806 0.015306
6 0.604032 0.563776 0.040323 0.015306
8 0.751613 0.562925 0.080645 0.017007
4 0.332258 0.600765 0.577419 0.036565
8 0.755645 0.597364 0.082258 0.031463
4 0.582258 0.638180 0.077419 0.028061
8 0.753226 0.637330 0.083871 0.028061
4 0.341935 0.684099 0.554839 0.034864
8 0.755645 0.681548 0.085484 0.028061
11 0.446774 0.724065 0.351613 0.034864
8 0.746774 0.719813 0.103226 0.031463
11 0.487097 0.766582 0.267742 0.036565
3 0.747581 0.763180 0.104839 0.028061
11 0.097581 0.813350 0.150000 0.017857
5 0.451613 0.832908 0.858065 0.019558
5 0.396774 0.853741 0.751613 0.020408
5 0.454032 0.874150 0.862903 0.018707
4 0.376613 0.894558 0.704839 0.020408
4 0.394355 0.914966 0.746774 0.020408
5 0.170161 0.935374 0.304839 0.018707
5 0.481452 0.955782 0.398387 0.022109
9 0.633065 0.124150 0.295161 0.018707
11 0.717742 0.398810 0.090323 0.017007