0 0.481349 0.081026 0.569584 0.025658
1 0.469154 0.105672 0.591105 0.023633
5 0.498565 0.132681 0.480631 0.023633
1 0.497131 0.159689 0.532281 0.024983
4 0.425395 0.183660 0.428981 0.021607
1 0.475610 0.210331 0.279770 0.019581
11 0.484935 0.237677 0.585366 0.022957
11 0.485653 0.264686 0.589670 0.024308
9 0.303443 0.315665 0.302726 0.020932
3 0.841463 0.319041 0.121951 0.019581
5 0.360115 0.342336 0.304161 0.020257
11 0.174319 0.395679 0.182209 0.020257
8 0.857963 0.399730 0.077475 0.018906
4 0.287661 0.420999 0.403156 0.020932
8 0.856528 0.426739 0.077475 0.018906
4 0.324964 0.447670 0.480631 0.020257
8 0.853659 0.450709 0.080344 0.020932
11 0.126255 0.471303 0.083214 0.018906
8 0.843615 0.477380 0.100430 0.017556
5 0.203013 0.497974 0.239598 0.019581
5 0.548063 0.503038 0.203730 0.024308
8 0.842181 0.503714 0.103300 0.016205
9 0.270445 0.525996 0.216643 0.020257
9 0.598996 0.527346 0.388809 0.021607
4 0.191535 0.554018 0.225251 0.022282
5 0.545911 0.556043 0.121951 0.020932
4 0.864419 0.556043 0.058824 0.019581
11 0.149928 0.579676 0.142037 0.022282
8 0.566714 0.581364 0.086083 0.020257
8 0.850072 0.583390 0.081779 0.020257
11 0.127690 0.606009 0.100430 0.018231
8 0.563845 0.608373 0.077475 0.018906
8 0.848637 0.610398 0.081779 0.017556
2 0.239598 0.632681 0.324247 0.021607
9 0.728121 0.635719 0.325681 0.020932
9 0.340746 0.659352 0.526542 0.022282
5 0.479197 0.712357 0.484935 0.021607
11 0.468436 0.738352 0.466284 0.020932
5 0.461980 0.764011 0.571019 0.023633
5 0.446198 0.790682 0.352941 0.020257