0 0.452342 0.091786 0.762520 0.023024
1 0.445073 0.117610 0.744750 0.016179
1 0.234249 0.131923 0.323102 0.013690
11 0.381260 0.149658 0.626817 0.016801
11 0.251212 0.168948 0.360258 0.014312
4 0.294023 0.185128 0.452342 0.015557
4 0.811793 0.195706 0.305331 0.020535
5 0.139742 0.205040 0.172859 0.013068
9 0.331179 0.219042 0.555735 0.013690
5 0.277868 0.252956 0.423263 0.015557
11 0.196284 0.290604 0.227787 0.013690
5 0.700323 0.291848 0.531502 0.014935
5 0.670436 0.309272 0.462036 0.014935
11 0.220517 0.327318 0.189015 0.013690
8 0.806139 0.328563 0.096931 0.016179
11 0.918417 0.329496 0.053312 0.015557
11 0.195477 0.347853 0.232633 0.013690
5 0.701939 0.348787 0.525040 0.014312
11 0.462843 0.366210 0.053312 0.013068
11 0.232633 0.384879 0.206785 0.013068
8 0.815832 0.386123 0.084006 0.015557
11 0.919225 0.386123 0.051696 0.011823
4 0.299677 0.407281 0.508885 0.013068
3 0.805331 0.409147 0.098546 0.015557
5 0.462036 0.426260 0.142165 0.014935
8 0.815024 0.427816 0.079160 0.011823
11 0.430533 0.450840 0.085622 0.013068
8 0.808562 0.452396 0.095315 0.012446
5 0.472536 0.471375 0.172859 0.016801
8 0.816640 0.473242 0.082391 0.010579
11 0.470921 0.496266 0.172859 0.016801
8 0.807754 0.498755 0.100162 0.013068
11 0.437803 0.532047 0.096931 0.012446
8 0.809370 0.534225 0.100162 0.013068
5 0.459612 0.551649 0.140549 0.014312
8 0.809370 0.555383 0.096931 0.013068
4 0.163166 0.579029 0.239095 0.015557
5 0.515347 0.578718 0.216478 0.016179
4 0.840872 0.580585 0.143780 0.016179
11 0.125202 0.598009 0.156704 0.013690
8 0.572698 0.598320 0.108239 0.015557
8 0.881260 0.598942 0.072698 0.013068
9 0.259289 0.646546 0.424879 0.014935
11 0.096931 0.665215 0.100162 0.013690
2 0.373990 0.663659 0.201939 0.011823
11 0.126817 0.684194 0.169628 0.016801
6 0.304523 0.684194 0.056543 0.015557
5 0.495153 0.716241 0.909532 0.013690
5 0.515347 0.767268 0.817447 0.016179
5 0.509693 0.798071 0.667205 0.015557
5 0.517771 0.817673 0.399031 0.014935
5 0.516155 0.849409 0.651050 0.014935
9 0.521002 0.882701 0.819063 0.019291
5 0.514540 0.901991 0.867528 0.014312
5 0.513732 0.921904 0.235864 0.014312
5 0.520194 0.957063 0.746365 0.017424