0 0.451846 0.109097 0.765650 0.024876
1 0.449438 0.137171 0.735152 0.017058
1 0.237560 0.154940 0.321027 0.014215
11 0.390048 0.175195 0.626003 0.016347
11 0.252006 0.196162 0.356340 0.015636
4 0.304173 0.214996 0.451043 0.020611
4 0.812199 0.224591 0.288925 0.018479
5 0.146870 0.237029 0.162119 0.016347
9 0.336276 0.255864 0.544141 0.014215
5 0.280096 0.293177 0.422151 0.017768
11 0.202247 0.336176 0.221509 0.017058
11 0.226324 0.358564 0.186196 0.016347
5 0.604334 0.336532 0.322632 0.016347
3 0.813804 0.358564 0.077047 0.016347
11 0.920546 0.358920 0.049759 0.015636
4 0.304976 0.382729 0.513644 0.014925
5 0.468700 0.406894 0.150883 0.017768
11 0.434189 0.436034 0.085072 0.017768
5 0.479936 0.459488 0.170144 0.022033
11 0.479936 0.488628 0.182986 0.019190
11 0.443018 0.527363 0.099518 0.015636
5 0.464687 0.549751 0.146067 0.014925
8 0.816212 0.385928 0.078652 0.015636
8 0.815409 0.407960 0.086677 0.015636
8 0.821027 0.438522 0.078652 0.018479
8 0.820225 0.460910 0.083467 0.016347
8 0.817817 0.491471 0.075441 0.014925
8 0.821027 0.530206 0.078652 0.014215
8 0.819422 0.551173 0.085072 0.014925
4 0.174960 0.581023 0.234350 0.016347
5 0.527287 0.581023 0.216693 0.016347
4 0.845907 0.581734 0.147673 0.019190
11 0.135634 0.603056 0.162119 0.017768
8 0.592295 0.602345 0.089888 0.017768
8 0.881220 0.603412 0.083467 0.017058
9 0.264045 0.659559 0.422151 0.018479
2 0.678170 0.659204 0.322632 0.019190
5 0.524880 0.753376 0.812199 0.019900
5 0.527287 0.787491 0.666132 0.021322
5 0.524880 0.812367 0.407705 0.019900
5 0.522472 0.849680 0.646870 0.017768
9 0.523274 0.885928 0.808989 0.019190
5 0.524880 0.910092 0.860353 0.016347
5 0.524077 0.932836 0.232745 0.019190
5 0.524880 0.960554 0.738363 0.017768