5 0.483405 0.152269 0.367238 0.015373
0 0.484475 0.169107 0.656317 0.016837
9 0.483405 0.184480 0.215203 0.016837
1 0.489293 0.201684 0.749465 0.014641
1 0.491435 0.217789 0.391863 0.013909
5 0.501071 0.233529 0.406852 0.013909
4 0.493576 0.249634 0.543897 0.016837
4 0.474839 0.281845 0.431478 0.017570
5 0.268201 0.318997 0.313704 0.025988
1 0.246788 0.341142 0.283726 0.016105
1 0.291756 0.359444 0.377944 0.014641
5 0.711456 0.358712 0.183084 0.014641
11 0.151499 0.374817 0.080300 0.013177
2 0.357602 0.375366 0.239829 0.012811
11 0.567452 0.374451 0.158458 0.013909
10 0.255889 0.390190 0.306210 0.015373
5 0.188972 0.406662 0.163812 0.013177
11 0.438972 0.424963 0.653105 0.015373
5 0.218951 0.456076 0.223769 0.015373
11 0.424518 0.457540 0.065310 0.015373
5 0.592077 0.456808 0.149893 0.015373
4 0.790685 0.456808 0.176660 0.015373
5 0.285332 0.488653 0.365096 0.016105
11 0.408458 0.502928 0.069593 0.016837
8 0.579764 0.504392 0.116702 0.015373
8 0.746788 0.503660 0.118844 0.016837
11 0.856531 0.503294 0.062099 0.017570
5 0.260707 0.519400 0.311563 0.018302
11 0.412741 0.535871 0.069593 0.013909
8 0.593148 0.535871 0.098501 0.017570
8 0.755889 0.536237 0.092077 0.014641
11 0.854390 0.537701 0.055675 0.016105
5 0.220021 0.552343 0.221627 0.014641
11 0.409529 0.568082 0.067452 0.017570
8 0.580300 0.568448 0.109208 0.014641
8 0.751606 0.567716 0.107066 0.015373
11 0.851178 0.568814 0.055675 0.019034
4 0.316381 0.602123 0.422912 0.015373
8 0.822805 0.599927 0.114561 0.015373
5 0.289615 0.617862 0.369379 0.014641
8 0.834047 0.617862 0.087794 0.017570
4 0.223769 0.632870 0.237687 0.018302
8 0.831370 0.633236 0.082441 0.017570
4 0.349036 0.649341 0.483940 0.016105
8 0.826552 0.650439 0.100642 0.016837
5 0.229657 0.665081 0.262313 0.016837
8 0.821199 0.665813 0.102784 0.016837
11 0.215203 0.702782 0.237687 0.030747
3 0.775161 0.705527 0.194861 0.024524
11 0.214668 0.743045 0.210921 0.015373
2 0.567452 0.741764 0.194861 0.014275
11 0.796039 0.742679 0.163812 0.016105
5 0.283726 0.758785 0.353319 0.014641
11 0.166488 0.789898 0.127409 0.015373
8 0.828694 0.789531 0.098501 0.016105
5 0.187366 0.806369 0.156317 0.016105
8 0.833512 0.806369 0.078158 0.014641
4 0.214668 0.854319 0.228051 0.016105
5 0.582441 0.855051 0.203426 0.015373
4 0.802998 0.854685 0.137045 0.016837
11 0.131692 0.870425 0.062099 0.014641
11 0.359208 0.870791 0.114561 0.016837
8 0.634904 0.870425 0.111349 0.014641
8 0.835118 0.869327 0.089936 0.015373
5 0.481263 0.949122 0.183084 0.013909
5 0.503747 0.965959 0.330835 0.016837
5 0.493041 0.981332 0.467880 0.013909