0 0.403195 0.184088 0.780075 0.019308
5 0.221805 0.205726 0.417293 0.019973
1 0.333647 0.229028 0.648496 0.018642
5 0.222744 0.250666 0.426692 0.019308
9 0.186090 0.272636 0.349624 0.017976
0 0.265977 0.293941 0.516917 0.019308
4 0.254699 0.315912 0.486842 0.020639
9 0.312970 0.382490 0.595865 0.019308
11 0.719925 0.360186 0.056391 0.018642
11 0.196429 0.404128 0.186090 0.019973
5 0.244361 0.427097 0.281955 0.020639
5 0.163534 0.450399 0.308271 0.019308
5 0.117481 0.472037 0.163534 0.019973
11 0.196429 0.493675 0.189850 0.019308
5 0.244361 0.538948 0.466165 0.019308
4 0.201128 0.560586 0.372180 0.021305
11 0.067669 0.583888 0.112782 0.019973
11 0.844925 0.382157 0.171053 0.017310
8 0.810150 0.404461 0.101504 0.019308
8 0.562970 0.426431 0.099624 0.019308
11 0.818609 0.449734 0.122180 0.020639
8 0.808271 0.494008 0.097744 0.018642
11 0.821429 0.538282 0.120301 0.020639
3 0.811090 0.560586 0.103383 0.017310
8 0.810150 0.583555 0.105263 0.019308
8 0.810150 0.627497 0.097744 0.020639
5 0.265038 0.628495 0.503759 0.019973
4 0.050752 0.649467 0.082707 0.019308
11 0.029135 0.672437 0.039474 0.019973
6 0.200188 0.673103 0.054511 0.019973
8 0.495301 0.672770 0.099624 0.020639
8 0.693609 0.672437 0.105263 0.019973
1 0.467105 0.716378 0.509398 0.019973
5 0.458647 0.739015 0.259398 0.018642
5 0.458647 0.761984 0.488722 0.017976
5 0.467105 0.783622 0.682331 0.021305
5 0.471805 0.806258 0.646617 0.018642
5 0.461466 0.828895 0.366541 0.019973
0 0.458647 0.851531 0.804511 0.018642
5 0.468985 0.873169 0.825188 0.020639
9 0.458647 0.896471 0.894737 0.017976
5 0.466165 0.919108 0.684211 0.019308
4 0.452068 0.940746 0.753759 0.019973
11 0.325188 0.963715 0.120301 0.017976
6 0.323308 0.472037 0.030075 0.019973
11 0.197368 0.650133 0.101504 0.019308
4 0.472744 0.649800 0.186090 0.019973
4 0.732143 0.649134 0.167293 0.019973
2 0.585526 0.963049 0.193609 0.017976