0 0.494382 0.282470 0.786517 0.023108
6 0.474318 0.311155 0.158909 0.018327
1 0.493579 0.333865 0.749599 0.020717
11 0.491974 0.356175 0.354735 0.019124
4 0.493579 0.386853 0.399679 0.018327
5 0.132424 0.423506 0.168539 0.018327
9 0.369181 0.424701 0.234350 0.017530
11 0.646870 0.427092 0.131621 0.017530
11 0.794543 0.429084 0.073836 0.018327
10 0.116372 0.450598 0.139647 0.018327
11 0.308186 0.451394 0.112360 0.016733
11 0.631621 0.453785 0.094703 0.018327
2 0.840289 0.455378 0.203852 0.016733
5 0.164526 0.477689 0.232745 0.021514
11 0.631621 0.478486 0.097913 0.018327
11 0.818620 0.480080 0.157303 0.018327
5 0.149278 0.519522 0.205457 0.020717
11 0.569823 0.521912 0.060995 0.019124
11 0.716693 0.521912 0.091493 0.017530
5 0.861156 0.523108 0.142857 0.019920
5 0.229535 0.542629 0.372392 0.019124
11 0.568218 0.545418 0.054575 0.016733
8 0.724719 0.545418 0.075441 0.016733
8 0.885233 0.547012 0.091493 0.016733
5 0.220706 0.562550 0.348315 0.019124
5 0.327448 0.590040 0.160514 0.018327
11 0.568218 0.591633 0.054575 0.016733
8 0.717496 0.592829 0.093098 0.015936
8 0.886838 0.594024 0.088283 0.016733
11 0.105136 0.609163 0.117175 0.016733
5 0.221509 0.637052 0.356340 0.018327
11 0.570626 0.639442 0.052970 0.016733
8 0.714286 0.639442 0.093098 0.016733
8 0.884430 0.641036 0.093098 0.015139
5 0.137239 0.656175 0.184591 0.016733
5 0.243981 0.683267 0.401284 0.018327
11 0.566613 0.684462 0.051364 0.017530
8 0.722311 0.685259 0.077047 0.015936
8 0.894061 0.685657 0.073836 0.016733
5 0.133226 0.703586 0.176565 0.020717
5 0.231140 0.729482 0.375602 0.016733
11 0.569021 0.730677 0.052970 0.015936
8 0.715088 0.731873 0.091493 0.015139
8 0.886035 0.732271 0.089888 0.015936
5 0.242376 0.747809 0.398074 0.016733
11 0.349920 0.779681 0.173355 0.021514
6 0.567416 0.779283 0.027287 0.015936
8 0.878010 0.775299 0.099518 0.017530
4 0.506421 0.830279 0.483146 0.020717
8 0.886035 0.831076 0.093098 0.015936
5 0.646870 0.861753 0.195827 0.018327
8 0.889246 0.863347 0.080257 0.018327
4 0.648475 0.891633 0.199037 0.019124
8 0.894061 0.893227 0.070626 0.017530
5 0.641252 0.924701 0.213483 0.021514
8 0.889246 0.925498 0.083467 0.016733
4 0.463082 0.955777 0.553772 0.024701
3 0.870787 0.957371 0.120385 0.019920
11 0.051364 0.590837 0.016051 0.019920