0 0.496669 0.162377 0.192207 0.014729
1 0.498688 0.176748 0.207147 0.014300
5 0.494650 0.190905 0.174440 0.013728
1 0.495962 0.204991 0.188371 0.013871
4 0.498789 0.219005 0.152029 0.014157
1 0.503331 0.232804 0.100545 0.013156
11 0.500000 0.247247 0.193620 0.014586
11 0.500202 0.261762 0.193216 0.013585
11 0.369473 0.291506 0.014940 0.011011
11 0.600141 0.287502 0.051080 0.012727
5 0.436604 0.304304 0.109227 0.012870
8 0.441349 0.318819 0.114678 0.014157
8 0.593479 0.315673 0.038562 0.011297
11 0.370684 0.334120 0.016556 0.011297
11 0.600949 0.330044 0.051888 0.012298
5 0.423582 0.346704 0.080759 0.012727
11 0.370785 0.362076 0.015546 0.010296
11 0.602665 0.357858 0.050071 0.012441
5 0.434181 0.375089 0.102362 0.012298
8 0.445992 0.389318 0.121946 0.014157
8 0.594387 0.386243 0.037553 0.011726
11 0.372098 0.404476 0.015344 0.010153
11 0.602665 0.400043 0.050878 0.011583
5 0.435998 0.417203 0.101958 0.012441
8 0.446598 0.431217 0.121946 0.013585
8 0.595195 0.427999 0.039168 0.012298
11 0.372199 0.446089 0.015546 0.011297
11 0.602968 0.442442 0.051888 0.012012
5 0.425702 0.459388 0.079750 0.012727
11 0.373107 0.474832 0.015344 0.011583
11 0.607107 0.470470 0.045225 0.012298
5 0.440036 0.487559 0.110034 0.012441
11 0.375631 0.515945 0.064405 0.012870
8 0.610943 0.512012 0.037957 0.012441
4 0.415910 0.529673 0.143751 0.013442
8 0.611347 0.526527 0.037553 0.011726
5 0.387240 0.544545 0.087624 0.013156
8 0.611549 0.540970 0.037957 0.012012
4 0.430143 0.557987 0.171411 0.014586
3 0.611145 0.554555 0.037957 0.012012
11 0.359681 0.572859 0.030487 0.011726
8 0.608924 0.568998 0.043206 0.011726
5 0.388350 0.586158 0.087018 0.012012
5 0.508581 0.584442 0.072683 0.013442
8 0.616192 0.582654 0.029881 0.011583
9 0.484454 0.598742 0.220271 0.014300
4 0.384716 0.615258 0.079750 0.012441
5 0.509085 0.612899 0.045831 0.012012
4 0.619725 0.611183 0.023622 0.010868
11 0.371593 0.628986 0.051484 0.011583
8 0.513325 0.626555 0.038159 0.011297
8 0.616394 0.624839 0.030285 0.011297
11 0.363315 0.642786 0.036544 0.012870
8 0.513729 0.640712 0.038159 0.011011
8 0.617000 0.639282 0.029477 0.011583
2 0.403190 0.656943 0.116293 0.012870
9 0.575207 0.654083 0.114678 0.012870
9 0.403695 0.670885 0.117303 0.014157
5 0.503735 0.697412 0.117505 0.013442
11 0.503634 0.711211 0.173026 0.014157
5 0.505249 0.725726 0.200888 0.014586
5 0.501009 0.739811 0.124571 0.012727
6 0.425903 0.290362 0.087018 0.012441
6 0.426711 0.332690 0.087018 0.012441
6 0.427317 0.360932 0.086614 0.012298
6 0.427519 0.403260 0.086614 0.012298
6 0.429235 0.445016 0.086412 0.012012
6 0.428730 0.473402 0.087018 0.012441