0 0.466738 0.086498 0.188841 0.023508
1 0.460837 0.113623 0.595494 0.025919
5 0.452253 0.142556 0.417382 0.025919
1 0.452790 0.168776 0.349785 0.025316
11 0.456009 0.196203 0.384120 0.025919
4 0.465665 0.222725 0.366953 0.024714
9 0.257511 0.336046 0.474249 0.048825
2 0.259120 0.373418 0.490343 0.023508
5 0.843884 0.349910 0.138412 0.028330
5 0.255901 0.426462 0.477468 0.023508
11 0.060622 0.453285 0.031116 0.020494
11 0.087983 0.480711 0.096567 0.023508
6 0.714592 0.426763 0.019313 0.020494
11 0.854077 0.427366 0.118026 0.022905
11 0.578863 0.532851 0.179185 0.021700
4 0.607296 0.560880 0.124464 0.025919
5 0.587983 0.587402 0.156652 0.024714
11 0.852468 0.534659 0.116953 0.022905
11 0.853004 0.560277 0.118026 0.022303
11 0.844957 0.586498 0.138412 0.021700
11 0.562232 0.657324 0.227468 0.022303
3 0.815451 0.650090 0.190987 0.042797
11 0.631438 0.734479 0.084764 0.022303
5 0.607296 0.762809 0.118026 0.025919
11 0.843884 0.733273 0.136266 0.023508
11 0.854614 0.762508 0.123391 0.024111
5 0.454936 0.814346 0.186695 0.022905
5 0.455472 0.841169 0.385193 0.023508
5 0.466738 0.868596 0.364807 0.022905
2 0.181330 0.918626 0.328326 0.019289
11 0.412017 0.918626 0.075107 0.018083
11 0.633047 0.919530 0.175966 0.019892