0 0.472076 0.162713 0.522655 0.034841
1 0.481033 0.200890 0.500527 0.041512
5 0.469968 0.234618 0.263435 0.028910
1 0.482613 0.273536 0.398314 0.035582
11 0.476291 0.308006 0.170706 0.027428
4 0.477345 0.345812 0.469968 0.036323
1 0.483140 0.382876 0.521602 0.037806
11 0.176502 0.449963 0.131718 0.028169
6 0.482086 0.458488 0.116965 0.027428
2 0.780295 0.464418 0.150685 0.028910
5 0.359326 0.529281 0.505796 0.037064
11 0.777134 0.539659 0.152792 0.029652
5 0.435722 0.941438 0.525817 0.044477
5 0.351949 0.565604 0.503688 0.038547
11 0.769758 0.576353 0.150685 0.028910
9 0.446259 0.976279 0.732350 0.042995
4 0.378820 0.639733 0.561644 0.040030
3 0.767123 0.649741 0.077977 0.025945
5 0.592202 0.683099 0.134879 0.028910
8 0.770285 0.687546 0.080084 0.025945
5 0.569547 0.720163 0.171760 0.028910
8 0.763962 0.725352 0.073762 0.025945
4 0.192308 0.786879 0.209694 0.034841
5 0.478398 0.792809 0.187566 0.028910
4 0.748156 0.799852 0.128556 0.028169
11 0.145943 0.820979 0.116965 0.022980
8 0.537935 0.831357 0.076923 0.025945
11 0.789779 0.839140 0.055848 0.025204