0 0.507415 0.169332 0.224576 0.016400
9 0.505297 0.189422 0.758475 0.016400
5 0.500530 0.209512 0.437500 0.017220
1 0.506356 0.228782 0.529661 0.018860
5 0.507945 0.248052 0.342161 0.015580
4 0.506356 0.266708 0.521186 0.016810
5 0.485169 0.285363 0.413136 0.015580
5 0.264301 0.305248 0.261653 0.016810
1 0.270657 0.323493 0.287076 0.014760
5 0.703390 0.324723 0.173729 0.015580
11 0.170551 0.343993 0.086864 0.013940
10 0.299258 0.362444 0.340042 0.016400
11 0.155191 0.401394 0.056144 0.018040
5 0.345869 0.402214 0.217161 0.016400
4 0.800318 0.401599 0.170551 0.015170
6 0.138771 0.439934 0.016949 0.013940
5 0.411017 0.439729 0.425847 0.015990
8 0.769068 0.441164 0.074153 0.015580
11 0.863347 0.440344 0.040254 0.014760
5 0.437500 0.459205 0.476695 0.015580
6 0.140890 0.478475 0.023305 0.015580
5 0.420021 0.478680 0.443856 0.014350
8 0.769597 0.478885 0.075212 0.013120
11 0.862818 0.479090 0.043432 0.013530
5 0.403072 0.498360 0.399364 0.015170
6 0.140360 0.517425 0.022246 0.014760
5 0.297669 0.517425 0.190678 0.013940
8 0.771716 0.517425 0.070975 0.013940
11 0.862818 0.518450 0.043432 0.013530
5 0.423199 0.537105 0.437500 0.015580
4 0.335275 0.575236 0.412076 0.016400
8 0.834746 0.575441 0.099576 0.015170
5 0.296610 0.595326 0.343220 0.016400
8 0.842691 0.595121 0.077331 0.015170
4 0.287606 0.614186 0.320975 0.016400
8 0.845869 0.614801 0.070975 0.013530
4 0.362288 0.633866 0.472458 0.017220
8 0.833686 0.633456 0.095339 0.013940
5 0.250530 0.653137 0.251059 0.016400
8 0.835805 0.652317 0.086864 0.013940
11 0.237818 0.678762 0.217161 0.028290
3 0.786547 0.679172 0.185381 0.029110
5 0.193326 0.719557 0.134534 0.016400
2 0.577860 0.719762 0.189619 0.015170
10 0.292373 0.739237 0.324153 0.016400
4 0.229873 0.815498 0.213983 0.016400
5 0.596928 0.815908 0.185381 0.016400
4 0.814089 0.815498 0.130297 0.015580
9 0.513771 0.911234 0.396186 0.015170
5 0.501589 0.930709 0.528602 0.016400
5 0.512182 0.950390 0.547669 0.016400
2 0.461864 0.344403 0.402542 0.013940