0 0.453451 0.099035 0.752809 0.024437
1 0.448636 0.124116 0.739968 0.016720
1 0.234350 0.139550 0.317817 0.014148
11 0.387640 0.157556 0.621188 0.015434
11 0.250401 0.175563 0.353130 0.014148
4 0.297753 0.194212 0.444623 0.016720
4 0.809791 0.203537 0.296950 0.017363
5 0.142857 0.212219 0.166934 0.014148
9 0.332263 0.228617 0.542536 0.014791
5 0.276083 0.263666 0.420546 0.015434
11 0.199037 0.304502 0.218299 0.013505
11 0.219904 0.340836 0.179775 0.015434
11 0.196629 0.361415 0.223114 0.014148
11 0.222311 0.398392 0.178170 0.013505
5 0.700642 0.305466 0.521669 0.014148
11 0.572231 0.322186 0.264848 0.015434
8 0.813002 0.342765 0.075441 0.012862
11 0.917335 0.342444 0.046549 0.012219
5 0.701445 0.363023 0.523274 0.016077
11 0.499197 0.378778 0.121990 0.015434
8 0.809791 0.399678 0.078652 0.013505
11 0.916533 0.400000 0.048154 0.012862
4 0.300161 0.422508 0.507223 0.015434
5 0.463082 0.443087 0.149278 0.014148
11 0.430979 0.470096 0.085072 0.015434
5 0.475120 0.490997 0.170144 0.016077
11 0.476726 0.515434 0.176565 0.016077
11 0.437400 0.551768 0.097913 0.012862
5 0.460674 0.572347 0.138042 0.014148
3 0.810594 0.424116 0.073836 0.013505
8 0.812199 0.445338 0.073836 0.012219
8 0.814607 0.472347 0.075441 0.013505
8 0.815409 0.492926 0.077047 0.013505
8 0.813804 0.518006 0.077047 0.012219
8 0.804976 0.553376 0.094703 0.013505
8 0.807384 0.573955 0.096308 0.012219
4 0.168539 0.601286 0.234350 0.016720
5 0.518459 0.600965 0.208668 0.016077
4 0.843499 0.601286 0.152488 0.016720
11 0.130016 0.621222 0.160514 0.015434
8 0.585875 0.621543 0.077047 0.014791
8 0.876404 0.622186 0.077047 0.013505
9 0.258427 0.671704 0.417335 0.014791
2 0.678170 0.671383 0.322632 0.015434
5 0.516854 0.756913 0.808989 0.015434
5 0.514446 0.789389 0.656501 0.013505
5 0.515249 0.809968 0.394864 0.014791
5 0.516051 0.843730 0.646870 0.015434
9 0.519262 0.876206 0.807384 0.017363
5 0.516854 0.898071 0.863563 0.016077
5 0.516051 0.917363 0.232745 0.012219
5 0.517657 0.952412 0.739968 0.019293