0 0.486486 0.125273 0.327169 0.018937
9 0.475107 0.151493 0.261735 0.021850
5 0.474395 0.178806 0.422475 0.024035
5 0.482930 0.206118 0.402560 0.023307
1 0.475818 0.233795 0.467994 0.023307
9 0.483642 0.260379 0.324324 0.021122
9 0.485775 0.288420 0.322902 0.020393
5 0.485064 0.316824 0.651494 0.023307
5 0.475818 0.343044 0.633001 0.023307
5 0.172119 0.397669 0.184922 0.020393
9 0.637980 0.397669 0.382646 0.018937
2 0.315078 0.425346 0.467994 0.020393
9 0.477240 0.478514 0.137980 0.020393
5 0.203414 0.533867 0.244666 0.023307
11 0.396159 0.534960 0.061166 0.022578
5 0.600284 0.533503 0.227596 0.019665
5 0.830014 0.533867 0.123755 0.020393
5 0.214083 0.587764 0.263158 0.020393
6 0.133001 0.614712 0.103841 0.020393
6 0.417496 0.615076 0.029872 0.021122
8 0.546230 0.615076 0.088193 0.021122
8 0.669275 0.615076 0.083926 0.021122
8 0.843528 0.614712 0.102418 0.021850
5 0.262447 0.642753 0.365576 0.021122
6 0.130156 0.668973 0.100996 0.019665
6 0.416074 0.670066 0.015647 0.020393
8 0.546230 0.670066 0.082504 0.021850
8 0.667852 0.669337 0.081081 0.018937
8 0.851351 0.669701 0.081081 0.021122
6 0.213371 0.752003 0.264580 0.022578
11 0.574680 0.751275 0.221906 0.022578
3 0.840683 0.751639 0.102418 0.020393
5 0.583926 0.779315 0.200569 0.021850
8 0.850640 0.779315 0.079659 0.018937
11 0.575391 0.805171 0.220484 0.021122
8 0.839972 0.806264 0.103841 0.020393
5 0.534851 0.834304 0.304410 0.021122
8 0.843528 0.833940 0.102418 0.018937
5 0.605263 0.862709 0.160740 0.024035
8 0.839260 0.861253 0.102418 0.021122
5 0.484353 0.916606 0.817923 0.024035