0 0.431034 0.157276 0.349138 0.020241
9 0.429957 0.180799 0.219828 0.020241
5 0.430496 0.206236 0.542026 0.022976
1 0.440194 0.229212 0.628233 0.022976
1 0.434267 0.251368 0.418103 0.023523
4 0.433190 0.274070 0.471983 0.021882
4 0.413254 0.323304 0.417026 0.022976
9 0.199892 0.368982 0.315733 0.023523
10 0.543642 0.369530 0.294181 0.018053
11 0.089978 0.394147 0.082974 0.021335
2 0.387392 0.393600 0.406250 0.020241
5 0.158944 0.440372 0.214440 0.022976
11 0.365841 0.440919 0.059267 0.022976
5 0.535560 0.439551 0.142241 0.021335
11 0.689116 0.437910 0.100216 0.021335
4 0.788254 0.439551 0.065733 0.021335
11 0.121767 0.486597 0.137931 0.021335
11 0.350754 0.509847 0.065733 0.021882
8 0.530711 0.507385 0.091595 0.022429
8 0.697737 0.507932 0.089440 0.019147
11 0.785022 0.507932 0.059267 0.021335
11 0.126616 0.532549 0.156250 0.026805
11 0.349677 0.556072 0.057112 0.020241
8 0.529634 0.554431 0.089440 0.024617
8 0.700431 0.555525 0.084052 0.021335
11 0.786099 0.555525 0.059267 0.021335
5 0.140625 0.578501 0.177802 0.022429
11 0.345905 0.599836 0.073276 0.022429
8 0.530172 0.602571 0.081897 0.021335
8 0.701509 0.602571 0.081897 0.021335
11 0.785560 0.601477 0.062500 0.019147
5 0.140625 0.625821 0.177802 0.021882
11 0.349677 0.648249 0.065733 0.019694
8 0.528017 0.647429 0.086207 0.018053
8 0.699353 0.646882 0.079741 0.023523
11 0.786099 0.647429 0.059267 0.020241
6 0.168642 0.693928 0.233836 0.021335
4 0.260776 0.717724 0.422414 0.021882
3 0.775323 0.716357 0.091595 0.020241
4 0.290948 0.740153 0.478448 0.021882
8 0.776940 0.740700 0.081897 0.019694
11 0.164871 0.762582 0.224138 0.022976
8 0.737608 0.763950 0.162716 0.024617
11 0.107220 0.808807 0.121767 0.021335
8 0.775862 0.809081 0.086207 0.022976
4 0.161638 0.879923 0.217672 0.020241
5 0.530711 0.879650 0.197198 0.019694
4 0.750539 0.880197 0.134698 0.021882
11 0.082974 0.901532 0.062500 0.019694
11 0.299569 0.902352 0.116379 0.021335
8 0.586746 0.902626 0.078664 0.019694
8 0.777478 0.903173 0.082974 0.019694