0 0.473148 0.238376 0.270370 0.010478
2 0.472222 0.248527 0.103704 0.008513
1 0.472222 0.261952 0.061111 0.009168
5 0.472685 0.272430 0.232407 0.010478
1 0.471759 0.285200 0.176852 0.009823
4 0.472222 0.295350 0.075926 0.007859
9 0.408333 0.306811 0.164815 0.008513
11 0.337500 0.322855 0.023148 0.007859
11 0.428704 0.323838 0.018519 0.009823
11 0.605556 0.323183 0.027778 0.008513
9 0.420833 0.337917 0.189815 0.009168
3 0.339815 0.349705 0.029630 0.009168
6 0.421759 0.350360 0.004630 0.007859
8 0.603241 0.350360 0.030556 0.007859
3 0.564352 0.371316 0.104630 0.007859
4 0.572222 0.383432 0.092593 0.009823
3 0.575000 0.393582 0.087037 0.007859
5 0.364352 0.410936 0.078704 0.009823
5 0.597685 0.411264 0.041667 0.007859
11 0.341204 0.423707 0.034259 0.007859
8 0.601852 0.424361 0.029630 0.009168
5 0.345370 0.436149 0.040741 0.010478
8 0.602778 0.435494 0.029630 0.007859
4 0.357407 0.464964 0.066667 0.009168
5 0.499537 0.464964 0.045370 0.007859
4 0.603241 0.464964 0.028704 0.007859
5 0.358333 0.478389 0.070370 0.007204
8 0.512500 0.477734 0.019444 0.007204
8 0.607870 0.477734 0.019444 0.005894
4 0.469444 0.495743 0.140741 0.009168
5 0.469907 0.508186 0.189815 0.010478
4 0.469907 0.519974 0.126852 0.010478
5 0.469444 0.532089 0.138889 0.009823
5 0.470833 0.542895 0.175000 0.009168
5 0.468519 0.555010 0.151852 0.009823