5 0.509615 0.134508 0.769231 0.034014
0 0.517628 0.168831 0.597222 0.025974
9 0.515491 0.193568 0.210470 0.027211
5 0.494658 0.221398 0.833333 0.029685
1 0.487714 0.246444 0.603632 0.022882
11 0.493590 0.269326 0.386752 0.022882
9 0.517094 0.312307 0.202991 0.029685
9 0.190705 0.384045 0.310897 0.027211
10 0.633547 0.386518 0.299145 0.027211
5 0.128205 0.412492 0.181624 0.024737
5 0.610577 0.413420 0.263889 0.022882
2 0.217949 0.437229 0.356838 0.029685
11 0.504808 0.436611 0.169872 0.023500
11 0.098825 0.462585 0.118590 0.028448
11 0.125534 0.509586 0.103632 0.029685
11 0.338675 0.510823 0.064103 0.024737
11 0.494124 0.508658 0.163462 0.034014
11 0.680021 0.511441 0.150641 0.028448
11 0.872329 0.511441 0.148504 0.028448
5 0.298077 0.558442 0.427350 0.029685
11 0.144765 0.585343 0.129274 0.022882
6 0.344017 0.585652 0.021368 0.023500
8 0.493056 0.585652 0.127137 0.027211
8 0.696581 0.585652 0.094017 0.027211
8 0.862714 0.587508 0.125000 0.029685
5 0.353098 0.611626 0.550214 0.023500
11 0.137821 0.634818 0.134615 0.021645
6 0.340812 0.632962 0.021368 0.022882
8 0.508013 0.637910 0.101496 0.021645
8 0.705128 0.638528 0.094017 0.017934
8 0.880876 0.637291 0.118590 0.022882
5 0.291667 0.662338 0.431624 0.029685
5 0.162927 0.687693 0.197650 0.028448
6 0.339744 0.686147 0.027778 0.019171
8 0.503205 0.686147 0.089744 0.019171
8 0.702991 0.688312 0.113248 0.027211
8 0.876068 0.686147 0.096154 0.030303
11 0.405449 0.726036 0.556624 0.028448
3 0.832265 0.727273 0.205128 0.023500
5 0.290598 0.753247 0.339744 0.025974
8 0.844017 0.754484 0.177350 0.025974
11 0.256410 0.774273 0.267094 0.025974
8 0.837607 0.779221 0.207265 0.023500
5 0.363248 0.802103 0.495726 0.027211
8 0.849359 0.803340 0.179487 0.024737
11 0.236645 0.849103 0.231838 0.039579
8 0.777244 0.851577 0.370726 0.042053
11 0.198184 0.897032 0.240385 0.042672
8 0.772970 0.895485 0.355769 0.042053
5 0.239850 0.941558 0.276709 0.047619
8 0.793269 0.948980 0.330128 0.035250