5 0.510193 0.085169 0.327253 0.020225
0 0.525215 0.107640 0.522532 0.018427
0 0.615880 0.130337 0.360515 0.019775
1 0.518777 0.175281 0.784335 0.019775
1 0.506438 0.197303 0.832618 0.020674
4 0.612661 0.221573 0.448498 0.019775
9 0.522532 0.243596 0.347639 0.019775
9 0.511803 0.288539 0.375536 0.019775
11 0.756974 0.333258 0.134120 0.019326
2 0.523605 0.355506 0.860515 0.017978
5 0.232833 0.426517 0.283262 0.035955
11 0.722103 0.425843 0.081545 0.031910
5 0.425966 0.480225 0.409871 0.020225
11 0.832082 0.480000 0.239270 0.019775
5 0.318670 0.503820 0.201717 0.019775
11 0.833155 0.503820 0.245708 0.018876
5 0.325107 0.525843 0.206009 0.025169
11 0.846567 0.526292 0.223176 0.017978
5 0.422210 0.547865 0.400215 0.020674
11 0.836910 0.548989 0.244635 0.018427
5 0.407189 0.571685 0.365880 0.019775
11 0.828326 0.571011 0.246781 0.019326
5 0.367489 0.593708 0.312232 0.020674
11 0.843884 0.593708 0.224249 0.019775
5 0.289700 0.616180 0.135193 0.018876
11 0.844421 0.616404 0.223176 0.019326
11 0.270386 0.637978 0.051502 0.018427
11 0.620708 0.638202 0.035408 0.016180
8 0.737661 0.637753 0.104077 0.017079
5 0.399142 0.660225 0.351931 0.017978
11 0.843884 0.660225 0.224249 0.020674
11 0.629828 0.682247 0.090129 0.017079
5 0.355150 0.704719 0.261803 0.019775
4 0.332618 0.727416 0.218884 0.019326
4 0.292382 0.748539 0.138412 0.018427
11 0.322425 0.772360 0.198498 0.019326
11 0.267704 0.793258 0.093348 0.018876
5 0.366416 0.814157 0.299356 0.022921
4 0.380901 0.837753 0.315451 0.019775
11 0.803112 0.705843 0.136266 0.018427
11 0.790773 0.727416 0.154506 0.017528
11 0.802039 0.749213 0.134120 0.019775
3 0.723712 0.772584 0.322961 0.020674
11 0.783798 0.793933 0.179185 0.018427
11 0.804721 0.816854 0.139485 0.019326
6 0.802039 0.837079 0.134120 0.020225
4 0.514485 0.882022 0.451717 0.027416
5 0.515558 0.927191 0.584764 0.019775