1 0.528912 0.083470 0.472789 0.018914
1 0.526361 0.103618 0.522109 0.019737
9 0.363946 0.120477 0.316327 0.017270
4 0.532313 0.139391 0.411565 0.017270
4 0.531463 0.179688 0.603741 0.030428
11 0.646259 0.226974 0.455782 0.026316
2 0.710884 0.254112 0.329932 0.018092
11 0.071429 0.252878 0.047619 0.017270
5 0.341837 0.284539 0.595238 0.031250
5 0.285714 0.311678 0.486395 0.019737
5 0.195578 0.332237 0.306122 0.019737
1 0.317177 0.350740 0.552721 0.017270
1 0.252551 0.368010 0.409864 0.018914
2 0.568027 0.386513 0.272109 0.019737
5 0.154762 0.410773 0.227891 0.017270
11 0.331633 0.409951 0.074830 0.015625
11 0.414116 0.410362 0.069728 0.016447
11 0.494048 0.409951 0.073129 0.015625
11 0.572279 0.409951 0.028912 0.013980
11 0.645408 0.409951 0.083333 0.015625
11 0.791667 0.410362 0.147959 0.016447
5 0.138605 0.439556 0.212585 0.020559
8 0.321429 0.440789 0.085034 0.016447
6 0.432823 0.440378 0.028912 0.015625
6 0.511054 0.439967 0.032313 0.016447
6 0.571429 0.439967 0.027211 0.014803
6 0.671769 0.439967 0.030612 0.016447
8 0.820578 0.440789 0.093537 0.016447
5 0.130102 0.459704 0.195578 0.018092
8 0.320578 0.460115 0.086735 0.018914
6 0.430272 0.459293 0.030612 0.017270
6 0.511905 0.458882 0.030612 0.016447
6 0.571429 0.459293 0.030612 0.017270
11 0.661565 0.459293 0.047619 0.015625
8 0.814626 0.459704 0.108844 0.018092
5 0.131803 0.478618 0.192177 0.018092
8 0.322279 0.478618 0.093537 0.016447
6 0.431973 0.478207 0.027211 0.015625
6 0.512755 0.478207 0.025510 0.015625
6 0.571429 0.478618 0.030612 0.016447
11 0.663265 0.477796 0.044218 0.016447
8 0.811224 0.477796 0.105442 0.014803
11 0.496599 0.511513 0.374150 0.032895
8 0.811224 0.510280 0.105442 0.027138
5 0.138605 0.545641 0.209184 0.018914
8 0.321429 0.545641 0.091837 0.015625
6 0.420068 0.544819 0.044218 0.015625
6 0.510204 0.544408 0.030612 0.013158
6 0.571429 0.543997 0.027211 0.015625
6 0.662415 0.544408 0.042517 0.016447
8 0.822279 0.544408 0.086735 0.016447
5 0.112245 0.564145 0.149660 0.016447
8 0.320578 0.564967 0.093537 0.016447
6 0.420918 0.563734 0.049320 0.015625
6 0.509354 0.564145 0.028912 0.016447
6 0.571429 0.562089 0.027211 0.015625
6 0.661565 0.562911 0.047619 0.015625
8 0.812075 0.563322 0.103741 0.016447
5 0.141156 0.584704 0.204082 0.019737
8 0.320578 0.583882 0.093537 0.018092
6 0.431973 0.583470 0.027211 0.017270
6 0.511054 0.582237 0.028912 0.016447
6 0.569728 0.581826 0.027211 0.018914
6 0.671769 0.582237 0.027211 0.016447
8 0.821429 0.581826 0.088435 0.015625
4 0.381803 0.618010 0.613946 0.035362
8 0.810374 0.614309 0.107143 0.029605
4 0.641156 0.653783 0.088435 0.029605
8 0.822279 0.653372 0.096939 0.027138
4 0.387755 0.696135 0.602041 0.032072
8 0.807823 0.693668 0.108844 0.032072
11 0.499150 0.734375 0.362245 0.031250
8 0.806122 0.733964 0.112245 0.032072
11 0.538265 0.777961 0.290816 0.034539
3 0.811224 0.774260 0.108844 0.028783
11 0.122449 0.821135 0.159864 0.017270
5 0.495748 0.840461 0.903061 0.019737
5 0.434524 0.858964 0.794218 0.018914
5 0.495748 0.878289 0.906463 0.019737
4 0.420068 0.898849 0.741497 0.019737
4 0.439626 0.917763 0.801020 0.019737
5 0.194728 0.937911 0.307823 0.018914
5 0.522959 0.957237 0.416667 0.018092
0 0.433673 0.064145 0.744898 0.018092
9 0.701531 0.120888 0.311224 0.016447
11 0.787415 0.386924 0.102041 0.017270
6 0.180272 0.252878 0.023810 0.013980