0 0.436695 0.172092 0.351931 0.023508
9 0.429185 0.198312 0.218884 0.021700
5 0.437768 0.224533 0.538627 0.024714
1 0.447961 0.252863 0.629828 0.024714
1 0.434549 0.278180 0.418455 0.021097
4 0.437768 0.303496 0.461373 0.025919
4 0.417382 0.354129 0.418455 0.022303
9 0.210300 0.406269 0.306867 0.021700
10 0.540236 0.407173 0.290773 0.024714
11 0.094421 0.432489 0.083691 0.022303
2 0.391631 0.433996 0.401288 0.021700
5 0.160408 0.485533 0.211373 0.023508
11 0.374464 0.484328 0.068670 0.023508
5 0.541309 0.485232 0.134120 0.022905
11 0.692597 0.482821 0.093348 0.022905
4 0.789700 0.483725 0.070815 0.022303
11 0.132511 0.533153 0.149142 0.024714
11 0.350858 0.559675 0.064378 0.019892
8 0.532189 0.561483 0.094421 0.022303
8 0.703326 0.560277 0.080472 0.019892
11 0.788627 0.560880 0.060086 0.021097
5 0.145386 0.586799 0.172747 0.023508
11 0.350858 0.610307 0.066524 0.022303
8 0.532725 0.609705 0.080472 0.021097
8 0.702253 0.612417 0.080472 0.021700
11 0.786481 0.611513 0.055794 0.023508
6 0.173820 0.662146 0.229614 0.022303
4 0.265021 0.686257 0.409871 0.025919
3 0.777361 0.688065 0.080472 0.021097
4 0.292918 0.713984 0.474249 0.024714
8 0.780579 0.714286 0.080472 0.022905
11 0.164163 0.737492 0.221030 0.023508
8 0.741416 0.738999 0.150215 0.021700
11 0.112124 0.790235 0.116953 0.022905
8 0.778433 0.790235 0.076180 0.021700
4 0.164163 0.865883 0.210300 0.023508
5 0.530579 0.867691 0.189914 0.023508
4 0.750000 0.866184 0.139485 0.024111
11 0.089056 0.891501 0.060086 0.021700
11 0.307940 0.892104 0.113734 0.024111
8 0.588519 0.893008 0.080472 0.019892
8 0.778433 0.892405 0.082618 0.021097