0 0.414163 0.132986 0.439914 0.018930
9 0.412554 0.155939 0.204936 0.022243
1 0.417918 0.175580 0.526824 0.019877
5 0.423283 0.197823 0.417382 0.019877
1 0.410408 0.218646 0.282189 0.018930
4 0.425429 0.237814 0.531116 0.023190
4 0.404506 0.279460 0.412017 0.024136
5 0.173820 0.329389 0.266094 0.035968
1 0.186695 0.378609 0.287554 0.019877
5 0.621245 0.378609 0.180258 0.017984
11 0.081545 0.398486 0.081545 0.017037
2 0.376609 0.398486 0.396996 0.018930
10 0.270923 0.421439 0.456009 0.022243
5 0.145386 0.462376 0.209227 0.017984
11 0.356760 0.461903 0.056867 0.018930
5 0.527897 0.462376 0.139485 0.017984
4 0.717275 0.461429 0.172747 0.019877
5 0.411481 0.502130 0.754292 0.018930
11 0.339592 0.522953 0.063305 0.018930
3 0.513412 0.524136 0.093348 0.021297
8 0.681867 0.524373 0.093348 0.019877
11 0.783262 0.523426 0.040773 0.016091
4 0.249464 0.565310 0.417382 0.021297
8 0.756974 0.566020 0.091202 0.018930
4 0.190987 0.585660 0.291845 0.021297
8 0.762339 0.586843 0.084764 0.016091
4 0.281116 0.605774 0.476395 0.019877
8 0.754828 0.609087 0.097639 0.018930
11 0.153433 0.654993 0.221030 0.034075
8 0.709227 0.657359 0.182403 0.035968
11 0.159871 0.702792 0.229614 0.018930
2 0.505365 0.705632 0.190987 0.017984
11 0.728541 0.706105 0.150215 0.018930
10 0.265021 0.727165 0.444206 0.021297
11 0.101931 0.766446 0.113734 0.021297
8 0.756974 0.767629 0.097639 0.017984
4 0.149142 0.828443 0.221030 0.022243
5 0.518777 0.828680 0.194206 0.018930
4 0.733369 0.830099 0.136266 0.019877
11 0.066524 0.849030 0.042918 0.019877
11 0.288627 0.849030 0.111588 0.019877
8 0.568133 0.848557 0.093348 0.018930
8 0.761803 0.850450 0.079399 0.016091
5 0.416309 0.953384 0.184549 0.021297
5 0.433476 0.973261 0.328326 0.021297