4 0.507055 0.182868 0.177585 0.017389
5 0.508365 0.210234 0.178996 0.015108
1 0.506350 0.224914 0.112880 0.015108
1 0.508869 0.237529 0.146543 0.014681
1 0.509675 0.252352 0.146543 0.013255
0 0.505745 0.280145 0.168514 0.014681
0 0.509978 0.292474 0.193913 0.016534
4 0.507761 0.306371 0.202379 0.017816
2 0.420480 0.335305 0.153598 0.016106
10 0.567930 0.331457 0.098569 0.014681
1 0.424007 0.349772 0.159444 0.016534
1 0.444164 0.363241 0.199758 0.016961
11 0.362326 0.392959 0.033663 0.011973
5 0.509877 0.388826 0.060270 0.011973
11 0.584862 0.387329 0.033663 0.014681
5 0.634046 0.385975 0.051804 0.013683
5 0.381576 0.419470 0.074582 0.012828
11 0.473997 0.416975 0.017537 0.012115
11 0.518847 0.415835 0.041927 0.010690
8 0.582141 0.414125 0.041927 0.010690
3 0.637775 0.412414 0.042330 0.010690
11 0.670631 0.411559 0.011288 0.010975
11 0.504132 0.443201 0.088692 0.012115
5 0.507962 0.457169 0.096352 0.012685
11 0.594941 0.441135 0.017940 0.010262
11 0.595848 0.454675 0.018948 0.010262
11 0.541927 0.483823 0.162266 0.015536
11 0.478533 0.513327 0.032655 0.012685
11 0.596352 0.495867 0.017940 0.011403
11 0.597763 0.509621 0.017537 0.010690
5 0.518041 0.539766 0.112477 0.013113
11 0.598670 0.538056 0.018545 0.011688
5 0.515319 0.553378 0.104213 0.014111
11 0.599879 0.550884 0.018948 0.011403
4 0.397601 0.583951 0.089700 0.014823
5 0.401431 0.597919 0.082846 0.013113
5 0.572667 0.578749 0.072566 0.012685
8 0.588994 0.592717 0.041927 0.010975
4 0.648156 0.577466 0.050191 0.012115
8 0.656521 0.590935 0.033058 0.011403
4 0.522072 0.608894 0.337029 0.021380
1 0.519653 0.649943 0.297118 0.017959
11 0.522878 0.664054 0.243096 0.017959
8 0.641302 0.495225 0.040516 0.012400
8 0.641504 0.509407 0.040919 0.013113
8 0.642310 0.536488 0.040516 0.011403
8 0.646644 0.549886 0.032655 0.011403