0 0.643289 0.165028 0.183797 0.011971
1 0.643894 0.176785 0.147521 0.013254
11 0.638755 0.188970 0.273881 0.012826
5 0.639057 0.200941 0.255139 0.011971
1 0.644498 0.212484 0.249093 0.011971
4 0.639661 0.224882 0.205562 0.011971
5 0.640871 0.236212 0.206771 0.013254
4 0.641173 0.248611 0.092503 0.010688
5 0.567412 0.273194 0.175937 0.011116
11 0.803204 0.271270 0.017533 0.008978
11 0.533253 0.285806 0.108827 0.010688
6 0.534160 0.297563 0.109432 0.009406
11 0.675937 0.296067 0.026602 0.008978
5 0.646917 0.545960 0.224909 0.011971
8 0.720979 0.295853 0.034462 0.010261
8 0.774788 0.295425 0.041717 0.011116
5 0.538089 0.309106 0.118501 0.011116
11 0.803809 0.306541 0.017533 0.009406
11 0.534160 0.320436 0.108222 0.011543
6 0.508767 0.333262 0.059855 0.009833
11 0.676542 0.331124 0.026602 0.009833
5 0.613059 0.522445 0.258767 0.011116
8 0.721886 0.330483 0.032648 0.009406
8 0.779021 0.329842 0.034462 0.008978
5 0.629988 0.343523 0.298670 0.012398
11 0.804716 0.342027 0.018138 0.010261
11 0.518440 0.356135 0.075574 0.009406
6 0.535067 0.368106 0.110036 0.011971
8 0.701935 0.366396 0.074970 0.010261
5 0.649637 0.569902 0.198912 0.011116
9 0.649940 0.557503 0.165659 0.010261
8 0.775393 0.365968 0.041717 0.009406
5 0.527811 0.392262 0.090689 0.012398
5 0.772370 0.390338 0.082830 0.011116
4 0.556832 0.415562 0.151149 0.011971
3 0.780532 0.414066 0.067715 0.009833
11 0.499093 0.427961 0.034462 0.010261
8 0.781439 0.425395 0.067110 0.010261
5 0.507557 0.439718 0.050181 0.010688
8 0.781137 0.437366 0.066505 0.009406
4 0.528416 0.464087 0.091898 0.010688
11 0.661427 0.462591 0.056832 0.011116
4 0.743349 0.461736 0.058646 0.011116
4 0.515719 0.475631 0.066505 0.010688
8 0.687122 0.474134 0.042926 0.009406
8 0.773277 0.473493 0.035067 0.009833
2 0.584341 0.510688 0.200121 0.011543
9 0.761487 0.509406 0.110641 0.010688