0 0.439479 0.122294 0.707635 0.021652
4 0.445065 0.149158 0.700186 0.020850
5 0.360335 0.178027 0.556797 0.022454
5 0.322160 0.204892 0.484171 0.020048
1 0.369646 0.232558 0.571695 0.022454
11 0.482309 0.260225 0.793296 0.023256
4 0.474860 0.316359 0.219739 0.021652
4 0.402235 0.370088 0.633147 0.020048
2 0.561453 0.396151 0.277467 0.017642
1 0.330540 0.449880 0.508380 0.022454
3 0.733706 0.450682 0.141527 0.019246
2 0.391993 0.478749 0.612663 0.022454
5 0.425512 0.506415 0.702048 0.018444
9 0.464618 0.533280 0.556797 0.022454
11 0.343575 0.589014 0.240223 0.018444
11 0.729981 0.589415 0.137803 0.020850
11 0.358473 0.642342 0.281192 0.016038
11 0.728119 0.643144 0.145251 0.019246
5 0.279330 0.668404 0.126629 0.020048
11 0.725326 0.670409 0.143389 0.022454
4 0.279330 0.695269 0.126629 0.019246
11 0.727188 0.697273 0.143389 0.018444
5 0.470205 0.777065 0.180633 0.022454