0 0.459259 0.277160 0.270370 0.012435
2 0.460185 0.288285 0.100000 0.009817
1 0.459722 0.301702 0.062037 0.010471
1 0.461111 0.311846 0.231481 0.011126
1 0.460648 0.324935 0.173148 0.011126
4 0.460648 0.334751 0.076852 0.009817
9 0.397222 0.346531 0.168519 0.011126
11 0.326389 0.364529 0.023148 0.007853
11 0.418981 0.364202 0.021296 0.009817
11 0.594907 0.359620 0.028704 0.009817
9 0.409259 0.377291 0.188889 0.009817
8 0.331944 0.391361 0.028704 0.009162
6 0.412963 0.390707 0.007407 0.006545
8 0.593056 0.387435 0.028704 0.009162
9 0.380093 0.408377 0.130556 0.009162
8 0.331481 0.422775 0.027778 0.007853
6 0.413889 0.420812 0.007407 0.007853
8 0.594444 0.418194 0.029630 0.009162
9 0.395370 0.438809 0.157407 0.009817
8 0.332407 0.452880 0.029630 0.010471
6 0.414815 0.450916 0.007407 0.007853
8 0.594444 0.449280 0.029630 0.008508
3 0.556944 0.469895 0.108333 0.010471
4 0.564352 0.482657 0.093519 0.009817
3 0.568056 0.492801 0.087963 0.009162
5 0.357407 0.513743 0.077778 0.010471
5 0.591204 0.509817 0.041667 0.009162
11 0.335648 0.527160 0.034259 0.008508
8 0.595833 0.523233 0.030556 0.009817
5 0.339815 0.539594 0.040741 0.009817
8 0.596296 0.534686 0.029630 0.009162
4 0.352315 0.566754 0.069444 0.009162
5 0.493519 0.564791 0.048148 0.009162
4 0.598611 0.563482 0.028704 0.009162
4 0.355093 0.580497 0.069444 0.007853
8 0.506944 0.577552 0.019444 0.007199
8 0.603704 0.575916 0.020370 0.006545
4 0.464815 0.596204 0.140741 0.010471
5 0.465278 0.608312 0.189815 0.011126
4 0.467130 0.620746 0.128704 0.012435
5 0.467130 0.631217 0.139815 0.011126
5 0.465741 0.643979 0.174074 0.011780
5 0.466667 0.656414 0.157407 0.010471