0 0.467195 0.248947 0.556561 0.030197
5 0.475113 0.288272 0.536199 0.035815
5 0.468326 0.320927 0.280543 0.028090
1 0.478507 0.357795 0.418552 0.030197
5 0.477941 0.392556 0.374434 0.029494
4 0.476810 0.426966 0.507919 0.030899
1 0.485294 0.499649 0.556561 0.031601
11 0.151018 0.567416 0.145928 0.026685
6 0.483597 0.570576 0.121041 0.025983
2 0.803167 0.573034 0.160633 0.028090
5 0.351244 0.641152 0.539593 0.028090
11 0.790724 0.642907 0.101810 0.025983
11 0.869910 0.643961 0.020362 0.022472
5 0.332014 0.676615 0.501131 0.027388
11 0.781109 0.678371 0.123303 0.025281
11 0.871606 0.680829 0.026018 0.020365
4 0.345023 0.746138 0.536199 0.025983
11 0.578054 0.784059 0.085973 0.028792
5 0.556561 0.818820 0.124434 0.029494
11 0.658371 0.747893 0.042986 0.025281
11 0.658371 0.784410 0.038462 0.022472
11 0.657240 0.820225 0.040724 0.023876
3 0.795814 0.748596 0.082579 0.023876
8 0.790158 0.785463 0.098416 0.024579
8 0.798077 0.820927 0.078054 0.023876
4 0.188914 0.892205 0.223982 0.030197
11 0.141403 0.924860 0.126697 0.023876
5 0.497738 0.891152 0.196833 0.028090
8 0.556561 0.926264 0.085973 0.026685
4 0.785068 0.891152 0.135747 0.025281
11 0.825226 0.926615 0.059955 0.025983