0 0.465733 0.204604 0.247329 0.011545
5 0.466539 0.219498 0.133642 0.012258
1 0.467043 0.232611 0.162870 0.011117
5 0.469966 0.247648 0.084862 0.010690
1 0.467144 0.261403 0.119935 0.009977
11 0.362830 0.275869 0.029833 0.010690
4 0.468857 0.289624 0.143519 0.011117
4 0.465934 0.318059 0.077605 0.010690
11 0.345394 0.347278 0.035678 0.010690
9 0.376537 0.361602 0.099577 0.011688
5 0.510885 0.360818 0.042935 0.010405
6 0.593630 0.360319 0.036686 0.009977
11 0.344386 0.375855 0.036081 0.009977
5 0.366559 0.403791 0.080830 0.010832
5 0.566922 0.402865 0.042935 0.009265
9 0.376134 0.432369 0.099577 0.010405
5 0.372808 0.446907 0.091715 0.010405
8 0.372707 0.461089 0.092723 0.009977
3 0.577505 0.460020 0.066116 0.010690
11 0.355271 0.489239 0.056642 0.010690
8 0.566317 0.487956 0.042935 0.011830
11 0.341564 0.517816 0.030437 0.009977
8 0.562185 0.516462 0.050393 0.010405
5 0.369381 0.532711 0.086071 0.011830
8 0.569542 0.531072 0.035678 0.009977
5 0.363939 0.561288 0.075993 0.012543
6 0.582846 0.559863 0.007861 0.009692
4 0.362125 0.588227 0.030437 0.009977
5 0.427535 0.587728 0.050393 0.010690
4 0.518645 0.588441 0.022979 0.010405
5 0.586676 0.588369 0.042532 0.011117
11 0.332695 0.601839 0.016730 0.010690
6 0.371195 0.601482 0.007861 0.009977
8 0.430961 0.602836 0.043540 0.010405
8 0.511389 0.602124 0.036686 0.010405
8 0.586071 0.602052 0.042532 0.009692
5 0.423302 0.630773 0.199153 0.012970
5 0.425721 0.645097 0.204797 0.011117
5 0.355977 0.659706 0.064503 0.010690
9 0.428643 0.275014 0.072364 0.010690
11 0.497279 0.274729 0.029430 0.011545
9 0.555130 0.274017 0.071760 0.010690
9 0.476618 0.346993 0.212256 0.010690
2 0.426829 0.375641 0.098972 0.010405