0 0.466880 0.215574 0.600427 0.019844
1 0.471154 0.240830 0.410256 0.027060
11 0.468483 0.266987 0.725427 0.025256
5 0.471154 0.292243 0.681624 0.025256
1 0.484509 0.316296 0.659188 0.024053
4 0.471154 0.341852 0.544872 0.022249
5 0.483440 0.368611 0.169872 0.024053
4 0.473291 0.391461 0.239316 0.022850
5 0.218483 0.442574 0.351496 0.022850
11 0.904915 0.442574 0.044872 0.022850
11 0.187500 0.468431 0.285256 0.024053
6 0.119658 0.494588 0.160256 0.022249
11 0.560897 0.494287 0.068376 0.024053
8 0.682692 0.495490 0.089744 0.024053
3 0.833333 0.493686 0.085470 0.022850
5 0.162927 0.543596 0.244658 0.024053
5 0.811432 0.545400 0.223291 0.024053
4 0.207799 0.594708 0.334402 0.025256
8 0.848825 0.594107 0.154915 0.022850
11 0.086538 0.617258 0.087607 0.021046
8 0.835470 0.621768 0.181624 0.022850
5 0.110043 0.644618 0.130342 0.022850
8 0.836538 0.646422 0.175214 0.022850
4 0.162393 0.696332 0.239316 0.025256
11 0.515491 0.696933 0.148504 0.025256
4 0.733974 0.696332 0.153846 0.025256
4 0.146902 0.719182 0.204060 0.022850
8 0.593483 0.721287 0.090812 0.021046
8 0.813568 0.721587 0.090812 0.018040
2 0.307692 0.794348 0.534188 0.022850
9 0.779915 0.795851 0.282051 0.022249
5 0.364850 0.821106 0.637821 0.025857
5 0.471154 0.871918 0.596154 0.025256
9 0.481303 0.897174 0.430556 0.024053
5 0.480769 0.922429 0.521368 0.025256