5 0.099476 0.086231 0.088893 0.009122
5 0.142310 0.108894 0.058456 0.009692
5 0.266479 0.108253 0.130619 0.009265
0 0.452933 0.259051 0.268897 0.010975
2 0.452631 0.269099 0.099778 0.008552
1 0.453336 0.282070 0.062891 0.009692
1 0.452731 0.292973 0.231405 0.009265
1 0.451623 0.304946 0.176376 0.009265
4 0.450816 0.316633 0.075590 0.009265
9 0.330982 0.326468 0.054021 0.008979
9 0.415944 0.327252 0.109051 0.009692
11 0.316065 0.343216 0.025398 0.008552
11 0.408990 0.344498 0.020964 0.009692
11 0.585164 0.344071 0.030639 0.009692
11 0.313344 0.356756 0.017940 0.007982
11 0.312941 0.387828 0.017940 0.008267
9 0.411308 0.358751 0.169925 0.011403
11 0.325237 0.369869 0.040516 0.008267
6 0.401230 0.370582 0.005442 0.008267
9 0.393267 0.388683 0.135860 0.009977
11 0.323423 0.401083 0.040919 0.009977
6 0.401230 0.402081 0.005442 0.008552
11 0.576698 0.371722 0.041927 0.008552
11 0.575690 0.402366 0.041927 0.008552
11 0.537795 0.422819 0.118928 0.009265
4 0.544749 0.434436 0.104213 0.008267
5 0.545656 0.446693 0.104011 0.008837
3 0.546966 0.457953 0.096956 0.008267
5 0.341766 0.474059 0.078412 0.008837
5 0.575086 0.475200 0.043540 0.008552
11 0.319290 0.487315 0.035477 0.008837
5 0.322616 0.500214 0.042129 0.009835
11 0.574179 0.488740 0.040919 0.007982
11 0.573775 0.500285 0.041725 0.008552
4 0.335618 0.527794 0.068131 0.007982
4 0.335819 0.540978 0.068535 0.007554
5 0.470470 0.528934 0.055231 0.008267
8 0.489417 0.541690 0.019351 0.007269
4 0.575186 0.529504 0.037694 0.008837
8 0.584761 0.542047 0.019754 0.005986
4 0.446180 0.559578 0.140093 0.009122
5 0.445878 0.571479 0.189881 0.010120
5 0.445676 0.583737 0.139488 0.010120
5 0.444366 0.595282 0.171538 0.010120
5 0.445172 0.607184 0.153396 0.010547