5 0.504058 0.022104 0.358766 0.016768
0 0.505682 0.125381 0.900974 0.017530
1 0.499188 0.142912 0.439935 0.017530
1 0.500000 0.161204 0.483766 0.017530
9 0.344156 0.177210 0.298701 0.016006
9 0.668831 0.177210 0.305195 0.014482
4 0.507305 0.194741 0.391234 0.016006
4 0.503247 0.233232 0.558442 0.027439
11 0.613636 0.277820 0.428571 0.026677
9 0.110390 0.301829 0.139610 0.016768
2 0.677760 0.302591 0.310065 0.015244
5 0.323864 0.330030 0.566558 0.024390
5 0.198052 0.356707 0.311688 0.016768
5 0.188312 0.373857 0.285714 0.016006
1 0.304383 0.391006 0.521104 0.015244
11 0.239448 0.407393 0.391234 0.017530
2 0.542208 0.424162 0.262987 0.017530
11 0.752435 0.423780 0.089286 0.016768
5 0.145292 0.447027 0.219156 0.016006
11 0.413961 0.446646 0.061688 0.015244
11 0.491071 0.446646 0.053571 0.013720
11 0.566558 0.447027 0.058442 0.014482
11 0.644481 0.447027 0.019481 0.014482
11 0.711039 0.447027 0.074675 0.014482
11 0.853084 0.447790 0.137987 0.016006
5 0.134740 0.475610 0.194805 0.015244
8 0.403409 0.475229 0.082792 0.016006
6 0.508117 0.475610 0.025974 0.015244
6 0.584416 0.475229 0.019481 0.012957
6 0.642857 0.475610 0.025974 0.013720
6 0.737013 0.475991 0.019481 0.012957
8 0.883117 0.475991 0.081169 0.016006
5 0.122565 0.494284 0.180195 0.016006
8 0.403409 0.494284 0.082792 0.014482
6 0.509740 0.493521 0.022727 0.012957
6 0.586039 0.493902 0.022727 0.013720
6 0.643669 0.493902 0.024351 0.015244
6 0.737825 0.494284 0.021104 0.012957
8 0.875000 0.493902 0.097403 0.015244
5 0.125000 0.511814 0.175325 0.012957
8 0.403409 0.511433 0.079545 0.013720
6 0.509740 0.511814 0.019481 0.012957
6 0.585227 0.511814 0.024351 0.012957
6 0.642857 0.512195 0.025974 0.013720
6 0.738636 0.511814 0.016234 0.012957
8 0.874188 0.512195 0.092532 0.013720
11 0.481331 0.543445 0.349026 0.030488
8 0.777597 0.541540 0.103896 0.026677
5 0.193182 0.573171 0.314935 0.016768
8 0.402597 0.573933 0.081169 0.013720
6 0.509740 0.573552 0.019481 0.012957
6 0.586039 0.573933 0.019481 0.012195
6 0.643669 0.573933 0.024351 0.013720
6 0.738636 0.573933 0.025974 0.013720
8 0.882305 0.573933 0.082792 0.015244
5 0.127435 0.591463 0.176948 0.015244
8 0.403409 0.591463 0.082792 0.015244
6 0.501623 0.591463 0.038961 0.013720
6 0.587662 0.591845 0.019481 0.014482
6 0.642857 0.592607 0.019481 0.014482
6 0.728896 0.591845 0.042208 0.014482
8 0.875812 0.592607 0.099026 0.014482
5 0.145292 0.608994 0.219156 0.015244
8 0.402597 0.609375 0.081169 0.014482
6 0.500812 0.610137 0.037338 0.012957
6 0.585227 0.610518 0.024351 0.012195
6 0.642857 0.609375 0.022727 0.014482
6 0.729708 0.609756 0.043831 0.013720
8 0.873377 0.610137 0.100649 0.014482
4 0.364448 0.641768 0.573052 0.033537
8 0.778409 0.641006 0.102273 0.025915
4 0.612013 0.676067 0.077922 0.024390
8 0.785714 0.676067 0.084416 0.025915
4 0.373377 0.716463 0.555195 0.033537
8 0.779221 0.714558 0.103896 0.025152
11 0.478084 0.751905 0.345779 0.032774
8 0.776786 0.750381 0.102273 0.026677
11 0.517857 0.790396 0.269481 0.033537
3 0.776786 0.789634 0.102273 0.025915
11 0.120130 0.829268 0.152597 0.015244
5 0.475649 0.849848 0.860390 0.016768
5 0.419643 0.866997 0.751623 0.017530
5 0.481331 0.885290 0.871753 0.019055
4 0.402597 0.903201 0.714286 0.018293
4 0.421266 0.920732 0.751623 0.016768
5 0.189935 0.937881 0.292208 0.016006
5 0.505682 0.958460 0.384740 0.017530
5 0.149351 0.009527 0.133117 0.014482
11 0.332792 0.007241 0.038961 0.011433
11 0.409903 0.008384 0.076299 0.012195
11 0.514610 0.005716 0.019481 0.011433
11 0.446429 0.356707 0.120130 0.016768