0 0.453054 0.215465 0.559955 0.025061
5 0.467195 0.247861 0.536199 0.031174
5 0.454751 0.277506 0.280543 0.022005
1 0.468891 0.308068 0.424208 0.029340
5 0.458710 0.337408 0.444570 0.022005
4 0.466063 0.368888 0.511312 0.023839
1 0.475679 0.398839 0.559955 0.026284
11 0.147059 0.459963 0.144796 0.025061
6 0.472285 0.462103 0.130090 0.023227
2 0.796946 0.461186 0.161765 0.023839
5 0.347285 0.522311 0.545249 0.023839
11 0.794683 0.523839 0.164027 0.022005
8 0.234163 0.551039 0.242081 0.025061
5 0.347285 0.584046 0.542986 0.023839
11 0.784502 0.583435 0.184389 0.025061
11 0.539027 0.644560 0.288462 0.025061
3 0.786199 0.643643 0.104072 0.023227
5 0.606335 0.675122 0.144796 0.020171
8 0.784502 0.676039 0.107466 0.023227
5 0.588235 0.706296 0.187783 0.023839
8 0.796946 0.706601 0.080317 0.022005
4 0.189480 0.767115 0.227376 0.026895
5 0.496041 0.768643 0.202489 0.023839
4 0.784502 0.766504 0.143665 0.023227
11 0.136312 0.796760 0.127828 0.026284
8 0.549774 0.796760 0.101810 0.023839
11 0.823529 0.796760 0.065611 0.023839
5 0.456448 0.890587 0.559955 0.026895
9 0.467760 0.919927 0.779412 0.026895