0 0.464912 0.121498 0.725678 0.018893
11 0.449761 0.143322 0.395534 0.018241
5 0.459330 0.165472 0.331738 0.018241
1 0.457735 0.186319 0.417863 0.018241
4 0.464115 0.208469 0.583732 0.019544
4 0.442584 0.251466 0.467305 0.018241
5 0.188198 0.300326 0.299841 0.031270
5 0.110845 0.352769 0.138756 0.017590
6 0.295056 0.352443 0.130781 0.016938
5 0.686603 0.353094 0.196172 0.018241
11 0.082137 0.373616 0.087719 0.016287
2 0.413876 0.374267 0.441786 0.016287
10 0.177831 0.395440 0.279107 0.016938
5 0.157097 0.438436 0.237640 0.018241
11 0.389952 0.439414 0.068581 0.017590
5 0.580542 0.440391 0.153110 0.016938
4 0.792663 0.438762 0.194577 0.016287
5 0.204147 0.481433 0.334928 0.016938
11 0.368421 0.501629 0.070175 0.016938
8 0.559011 0.501629 0.106858 0.015635
3 0.740829 0.502280 0.129187 0.016938
11 0.866029 0.502280 0.044657 0.015635
4 0.270335 0.544951 0.464115 0.017590
4 0.163477 0.565472 0.250399 0.018241
8 0.835726 0.566450 0.105263 0.016287
4 0.303030 0.587622 0.529506 0.018241
8 0.826954 0.587622 0.129187 0.015635
11 0.160287 0.638111 0.240829 0.031922
8 0.763158 0.638762 0.250399 0.030619
5 0.145933 0.689251 0.215311 0.016938
2 0.549442 0.689577 0.212121 0.016287
11 0.803030 0.689577 0.170654 0.016287
5 0.167464 0.710098 0.258373 0.016938
11 0.101276 0.753094 0.125997 0.015635
8 0.824561 0.753420 0.130781 0.016287
5 0.122010 0.774267 0.167464 0.016287
8 0.836523 0.774919 0.106858 0.016287
4 0.157097 0.837134 0.237640 0.016938
5 0.565391 0.837134 0.208931 0.016938
4 0.809410 0.837459 0.145136 0.017590
11 0.061404 0.857655 0.046252 0.016287
11 0.314992 0.858306 0.116427 0.016287
5 0.454545 0.962541 0.408293 0.016287