0 0.508713 0.236979 0.363271 0.036458
1 0.507373 0.282552 0.419571 0.036458
1 0.510724 0.323568 0.281501 0.037760
8 0.507373 0.367839 0.403485 0.040365
2 0.480563 0.412760 0.859249 0.041667
5 0.176273 0.457682 0.215818 0.037760
11 0.581099 0.457031 0.079088 0.039062
11 0.725871 0.458984 0.065684 0.040365
11 0.895442 0.460286 0.101877 0.037760
5 0.145442 0.501302 0.191689 0.036458
8 0.573727 0.502604 0.091153 0.036458
6 0.726542 0.502604 0.024129 0.036458
8 0.876005 0.502604 0.097855 0.039062
5 0.173592 0.544922 0.250670 0.035156
8 0.573727 0.544922 0.093834 0.037760
6 0.723190 0.546224 0.030831 0.037760
8 0.876676 0.547526 0.099196 0.037760
5 0.185657 0.588542 0.269437 0.036458
8 0.573727 0.589193 0.093834 0.037760
6 0.723861 0.587240 0.013405 0.039062
8 0.881367 0.590495 0.095174 0.037760
3 0.506702 0.634766 0.911528 0.042969
5 0.280161 0.677083 0.305630 0.039062
11 0.810992 0.678385 0.155496 0.041667
5 0.507373 0.739583 0.556300 0.062500
1 0.505362 0.811849 0.648794 0.071615
9 0.502011 0.869141 0.711796 0.045573