0 0.491453 0.207542 0.758547 0.018984
9 0.480769 0.231401 0.205128 0.019497
1 0.491453 0.253976 0.758547 0.019497
1 0.490385 0.277065 0.452991 0.018471
4 0.491453 0.300154 0.525641 0.019497
4 0.473291 0.321703 0.410256 0.018471
5 0.260684 0.343253 0.297009 0.019497
1 0.310897 0.366342 0.322650 0.019497
1 0.698718 0.367368 0.267094 0.018471
11 0.150641 0.389687 0.083333 0.016932
2 0.445513 0.389944 0.401709 0.018471
5 0.501068 0.974602 0.324786 0.020010
10 0.300748 0.411237 0.383547 0.020010
11 0.725962 0.413032 0.133547 0.018471
6 0.861111 0.412776 0.025641 0.017958
11 0.142628 0.458184 0.060897 0.021550
5 0.331197 0.458953 0.209402 0.021036
4 0.784722 0.458184 0.172009 0.022576
6 0.182158 0.502309 0.018162 0.015393
11 0.613782 0.503848 0.024573 0.018471
11 0.740919 0.502309 0.150641 0.018471
5 0.415064 0.525398 0.607906 0.021550
6 0.181090 0.546947 0.016026 0.015393
11 0.613248 0.547460 0.027778 0.019497
11 0.744658 0.547460 0.136752 0.018471
5 0.191774 0.570292 0.159188 0.020010
6 0.181090 0.593381 0.016026 0.017958
11 0.612714 0.592355 0.028846 0.017958
11 0.735577 0.593125 0.159188 0.019497
5 0.284722 0.615444 0.340812 0.022063
4 0.319444 0.659056 0.416667 0.020010
8 0.822650 0.660595 0.098291 0.016932
4 0.225427 0.681888 0.228632 0.022576
8 0.832265 0.683684 0.079060 0.017958
4 0.348291 0.705233 0.474359 0.021036
3 0.822650 0.705747 0.096154 0.017958
11 0.220620 0.726783 0.219017 0.021036
8 0.774038 0.728322 0.191239 0.020010
5 0.196047 0.770908 0.169872 0.021036
2 0.569979 0.771934 0.191239 0.020010
11 0.794872 0.772704 0.147436 0.018471
10 0.292735 0.793997 0.363248 0.020010
11 0.168269 0.816573 0.114316 0.020010
8 0.821047 0.818368 0.099359 0.019497
4 0.215812 0.861211 0.215812 0.021036
5 0.584402 0.863520 0.188034 0.019497
4 0.801816 0.862494 0.131410 0.022576
11 0.134081 0.883273 0.043803 0.017958
11 0.357906 0.884556 0.111111 0.021550
8 0.632479 0.884556 0.098291 0.018471
8 0.831197 0.884813 0.076923 0.017958
5 0.480769 0.951001 0.363248 0.020010