0 0.511290 0.066126 0.890323 0.023038
1 0.505645 0.087031 0.443548 0.020478
1 0.506452 0.107082 0.480645 0.019625
9 0.350000 0.124573 0.300000 0.020478
4 0.510484 0.145051 0.391935 0.020478
4 0.506452 0.187713 0.561290 0.032423
11 0.615323 0.235922 0.437097 0.029863
9 0.121774 0.261945 0.137097 0.022184
2 0.682258 0.264932 0.319355 0.019625
5 0.326613 0.294369 0.562903 0.030717
5 0.282258 0.324232 0.458065 0.020478
5 0.195161 0.343857 0.287097 0.018771
1 0.310484 0.363481 0.520968 0.020478
11 0.242742 0.383106 0.385484 0.020478
2 0.544355 0.402730 0.256452 0.020478
11 0.754839 0.403584 0.090323 0.018771
5 0.151613 0.425768 0.216129 0.017065
11 0.320968 0.425768 0.061290 0.017065
11 0.551613 0.426621 0.022581 0.015358
11 0.758065 0.427474 0.138710 0.017065
5 0.140323 0.456911 0.196774 0.017918
8 0.311290 0.456485 0.080645 0.017065
6 0.408065 0.457338 0.038710 0.015358
6 0.493548 0.457338 0.022581 0.017065
6 0.550806 0.457765 0.024194 0.014505
6 0.638710 0.457765 0.045161 0.016212
8 0.778226 0.458618 0.101613 0.017918
5 0.128226 0.476536 0.175806 0.019625
8 0.312903 0.476962 0.080645 0.017065
6 0.416129 0.476962 0.022581 0.015358
6 0.494355 0.476962 0.027419 0.015358
6 0.550806 0.477816 0.027419 0.015358
6 0.644355 0.478669 0.024194 0.017065
8 0.779032 0.478242 0.096774 0.017918
5 0.131452 0.496587 0.175806 0.020478
8 0.312097 0.497014 0.082258 0.016212
6 0.416935 0.497014 0.020968 0.016212
6 0.493548 0.497867 0.025806 0.016212
6 0.550000 0.497867 0.025806 0.016212
6 0.643548 0.497867 0.022581 0.016212
8 0.780645 0.498720 0.096774 0.016212
11 0.481452 0.531997 0.350000 0.036689
8 0.777419 0.531570 0.106452 0.032423
5 0.129032 0.565273 0.183871 0.019625
8 0.312097 0.566980 0.085484 0.019625
6 0.410484 0.566980 0.040323 0.016212
6 0.492742 0.567406 0.024194 0.017065
6 0.550000 0.568259 0.025806 0.017065
6 0.636290 0.566980 0.040323 0.017918
8 0.779032 0.567833 0.096774 0.017918
4 0.363710 0.602816 0.579032 0.038396
8 0.777419 0.602389 0.100000 0.032423
4 0.613710 0.642065 0.082258 0.034983
8 0.789516 0.641638 0.088710 0.030717
4 0.375000 0.686007 0.559677 0.039249
8 0.779839 0.685154 0.104839 0.030717
11 0.482258 0.724403 0.354839 0.034130
8 0.780645 0.724403 0.106452 0.029010
11 0.516935 0.769625 0.272581 0.039249
3 0.779032 0.767918 0.106452 0.029010
11 0.126613 0.813567 0.153226 0.019625
5 0.477419 0.834898 0.854839 0.019625
5 0.422581 0.855802 0.748387 0.020478
5 0.478226 0.875427 0.866129 0.018771
4 0.406452 0.895051 0.709677 0.018771
4 0.420161 0.914249 0.753226 0.019625
5 0.194355 0.933874 0.301613 0.017918
5 0.508871 0.957338 0.398387 0.020478
9 0.671774 0.125427 0.291935 0.018771
11 0.400000 0.427048 0.058065 0.014505
11 0.475000 0.426621 0.059677 0.015358
11 0.618548 0.427474 0.082258 0.015358