11 0.437780 0.104591 0.391256 0.033138
0 0.434417 0.132206 0.528027 0.019330
5 0.442265 0.147221 0.362108 0.016914
1 0.428251 0.161201 0.688341 0.019330
1 0.432175 0.175526 0.667040 0.017604
9 0.260090 0.188816 0.313901 0.013807
4 0.428812 0.204177 0.393498 0.015533
9 0.437220 0.233172 0.141256 0.017604
11 0.283072 0.260097 0.498879 0.014843
1 0.191704 0.273214 0.316143 0.013462
11 0.076794 0.287711 0.090807 0.014153
2 0.398543 0.289437 0.436099 0.013462
9 0.205157 0.301519 0.343049 0.013462
5 0.346973 0.317052 0.252242 0.015533
9 0.361547 0.344667 0.671525 0.014153
11 0.794283 0.343459 0.059417 0.011736
6 0.158632 0.358474 0.254484 0.014153
6 0.417040 0.356576 0.033632 0.011046
8 0.609305 0.358474 0.090807 0.013462
8 0.776345 0.356576 0.093049 0.013117
5 0.207399 0.371936 0.347534 0.014153
11 0.664238 0.372799 0.048206 0.013117
11 0.795404 0.371764 0.050448 0.011046
6 0.158632 0.385571 0.258969 0.011736
6 0.414238 0.383673 0.028027 0.012081
8 0.610987 0.385571 0.098655 0.010356
8 0.776345 0.385571 0.088565 0.011736
9 0.362668 0.400069 0.667040 0.013117
11 0.794283 0.397825 0.059417 0.015533
6 0.157511 0.413186 0.252242 0.012427
6 0.417040 0.412496 0.033632 0.011046
8 0.609305 0.413359 0.090807 0.014153
8 0.772422 0.411978 0.096413 0.014153
5 0.274103 0.427684 0.489910 0.013117
11 0.660874 0.425440 0.054933 0.013462
11 0.799888 0.426648 0.054933 0.011046
6 0.158072 0.440801 0.269058 0.013117
6 0.415359 0.442009 0.030269 0.012772
8 0.609305 0.440801 0.090807 0.011736
8 0.770740 0.438902 0.088565 0.013462
5 0.271300 0.455126 0.488789 0.013462
11 0.664238 0.455126 0.057175 0.013462
11 0.795404 0.454436 0.050448 0.013462
6 0.158632 0.469106 0.263453 0.012427
6 0.411435 0.469279 0.033632 0.012081
8 0.604821 0.467725 0.090807 0.012427
8 0.777466 0.467207 0.086323 0.014153
5 0.258408 0.482223 0.463004 0.013117
11 0.660874 0.480842 0.059417 0.013117
11 0.793161 0.480842 0.045964 0.010356
6 0.158632 0.495513 0.263453 0.013462
6 0.410314 0.495167 0.024664 0.012081
8 0.605381 0.494132 0.094170 0.013462
8 0.778027 0.494995 0.098655 0.012427
1 0.266816 0.509838 0.486547 0.012427
11 0.665359 0.508802 0.054933 0.013117
11 0.798767 0.508112 0.043722 0.010356
6 0.157511 0.522437 0.261211 0.014153
6 0.409753 0.522264 0.019058 0.011046
8 0.604821 0.521574 0.093049 0.012427
8 0.775224 0.522092 0.093049 0.014843
5 0.128924 0.549016 0.204036 0.014153
6 0.801009 0.546945 0.043722 0.014153
11 0.084081 0.562651 0.109865 0.013117
3 0.762892 0.560753 0.115471 0.013462
8 0.770740 0.575423 0.093049 0.013117
8 0.774103 0.590438 0.122197 0.015533
5 0.206278 0.576113 0.378924 0.013117
11 0.216928 0.591129 0.391256 0.014153
11 0.067265 0.618398 0.096413 0.014843
8 0.766816 0.617018 0.109865 0.014153
5 0.091928 0.646358 0.141256 0.016224
8 0.765695 0.645668 0.105381 0.016224
4 0.104821 0.674318 0.162556 0.016224
11 0.088004 0.687780 0.117713 0.013462
11 0.084641 0.701933 0.126682 0.014153
4 0.415919 0.674318 0.304933 0.014843
8 0.526906 0.689161 0.109865 0.014843
8 0.532511 0.703314 0.100897 0.014843
4 0.732623 0.675354 0.146861 0.016914
8 0.760090 0.690887 0.100897 0.016914
8 0.767937 0.704349 0.100897 0.016914
5 0.152466 0.758198 0.271300 0.016914
6 0.363229 0.758543 0.060538 0.013462
5 0.428812 0.773559 0.765695 0.018640
9 0.423767 0.808423 0.652466 0.017950
2 0.339126 0.835002 0.640135 0.018640
4 0.420964 0.850190 0.732063 0.020711
9 0.425448 0.864688 0.732063 0.022092
5 0.431614 0.879876 0.762332 0.022782
5 0.425448 0.893683 0.774664 0.023473
5 0.433857 0.909734 0.753363 0.025889
5 0.419843 0.923369 0.667040 0.022092
5 0.421525 0.941491 0.136771 0.015533
5 0.427130 0.955989 0.609865 0.025889
9 0.604821 0.190887 0.319507 0.014498
11 0.487668 0.356231 0.033632 0.010356
11 0.488789 0.385916 0.035874 0.011046
11 0.491031 0.413013 0.047085 0.012081
11 0.484865 0.439075 0.028027 0.010356
11 0.487108 0.466517 0.039238 0.008630
11 0.483184 0.494650 0.024664 0.011046
11 0.485426 0.521919 0.035874 0.010356