0 0.478541 0.113159 0.315451 0.016332
1 0.482833 0.129491 0.697425 0.017266
5 0.484442 0.147224 0.453863 0.016332
5 0.488197 0.163556 0.585837 0.017266
1 0.494635 0.181988 0.515021 0.018665
11 0.488734 0.197853 0.370172 0.015866
4 0.477468 0.215819 0.396996 0.017266
4 0.260193 0.248483 0.413090 0.017266
10 0.128219 0.266216 0.146996 0.015399
5 0.500536 0.266916 0.432403 0.016799
11 0.097103 0.283248 0.084764 0.016799
2 0.406116 0.282781 0.245708 0.017732
11 0.613734 0.283014 0.085837 0.016332
11 0.116953 0.300513 0.128755 0.016799
11 0.334227 0.300747 0.095494 0.016332
5 0.662554 0.300747 0.187768 0.017266
5 0.175966 0.318012 0.246781 0.016332
11 0.098712 0.335044 0.090129 0.015866
5 0.406116 0.334344 0.241416 0.017266
11 0.107296 0.352077 0.105150 0.016332
11 0.335837 0.352077 0.103004 0.016332
5 0.180794 0.385441 0.254292 0.015866
11 0.096567 0.403406 0.085837 0.017266
5 0.423283 0.403173 0.243562 0.019599
4 0.640558 0.402473 0.062232 0.018199
11 0.823498 0.401540 0.181330 0.017266
5 0.434013 0.437704 0.762876 0.017732
9 0.158798 0.453103 0.216738 0.014932
8 0.417918 0.453570 0.185622 0.016799
11 0.632511 0.453336 0.046137 0.016332
8 0.860515 0.453103 0.128755 0.016799
5 0.323498 0.470369 0.539700 0.015866
6 0.136266 0.487401 0.165236 0.016332
8 0.437768 0.487867 0.190987 0.015399
11 0.633047 0.487867 0.045064 0.015399
8 0.868026 0.487168 0.107296 0.014932
5 0.489270 0.504200 0.871245 0.016332
6 0.138412 0.520532 0.173820 0.017266
8 0.428112 0.521232 0.165236 0.015866
11 0.631974 0.521699 0.042918 0.015866
8 0.877682 0.521465 0.090129 0.016332
5 0.252682 0.538264 0.395923 0.015399
9 0.168455 0.556230 0.229614 0.016799
8 0.439378 0.555996 0.192060 0.016332
11 0.631974 0.555763 0.040773 0.017732
8 0.870172 0.555530 0.103004 0.016332
11 0.146459 0.588894 0.185622 0.017732
3 0.856223 0.589127 0.128755 0.016332
4 0.106760 0.606626 0.099785 0.015866
8 0.868562 0.606626 0.097639 0.015866
5 0.136266 0.625292 0.169528 0.018665
8 0.878219 0.623892 0.089056 0.017732
4 0.230687 0.656556 0.354077 0.016799
8 0.858369 0.657723 0.126609 0.016332
11 0.098176 0.673822 0.091202 0.015866
8 0.859979 0.673355 0.129828 0.014932
5 0.116416 0.691787 0.123391 0.019132
8 0.866953 0.690854 0.109442 0.017266
5 0.301502 0.724218 0.497854 0.018665
8 0.868562 0.723985 0.106223 0.017266
4 0.304721 0.757583 0.497854 0.016332
4 0.168455 0.774615 0.229614 0.018665
5 0.525751 0.775315 0.201717 0.016332
4 0.844421 0.774382 0.141631 0.016332
11 0.135730 0.791647 0.170601 0.016332
8 0.571352 0.791881 0.127682 0.017732
8 0.870172 0.792347 0.105150 0.016799
1 0.486052 0.825945 0.654506 0.018665
5 0.479077 0.843677 0.850858 0.017732
11 0.759120 0.283714 0.125536 0.016799