0 0.498770 0.140613 0.603936 0.031414
1 0.501230 0.170157 0.161132 0.020194
1 0.501230 0.198953 0.776138 0.032909
1 0.504305 0.225879 0.546125 0.028422
9 0.506765 0.250935 0.290283 0.020194
9 0.507380 0.274495 0.303813 0.022438
4 0.508610 0.303291 0.394834 0.023186
5 0.174047 0.344054 0.148831 0.019447
10 0.173432 0.374720 0.147601 0.019447
5 0.209717 0.405385 0.217712 0.023934
9 0.395449 0.341062 0.212792 0.020942
11 0.343788 0.373224 0.102091 0.020942
5 0.433579 0.400524 0.156212 0.020194
5 0.597171 0.338444 0.114391 0.018699
11 0.610086 0.369484 0.088561 0.019447
11 0.614391 0.397532 0.094711 0.021690
2 0.805658 0.364996 0.177122 0.023934
11 0.787823 0.393792 0.141451 0.026178
5 0.201722 0.453628 0.191882 0.023186
11 0.560886 0.449514 0.056581 0.023934
11 0.694342 0.444278 0.084871 0.019447
5 0.849323 0.440539 0.129151 0.017951
5 0.169742 0.479058 0.132841 0.021690
5 0.296433 0.510471 0.376384 0.021690
5 0.173432 0.545999 0.130381 0.019447
5 0.260148 0.575542 0.298893 0.023186
5 0.177737 0.609200 0.129151 0.018699
5 0.182657 0.643605 0.129151 0.018699
9 0.305658 0.673149 0.375154 0.025430
6 0.560886 0.473074 0.022140 0.021690
6 0.562116 0.504862 0.024600 0.020942
6 0.563346 0.537397 0.022140 0.021690
6 0.563961 0.570681 0.028290 0.017951
6 0.565806 0.602468 0.022140 0.018699
3 0.571956 0.635004 0.054121 0.017951
6 0.568266 0.668287 0.019680 0.020194
8 0.694342 0.470830 0.082411 0.017203
8 0.695572 0.503366 0.084871 0.019447
8 0.697417 0.535153 0.083641 0.017203
8 0.690652 0.569559 0.099631 0.021690
8 0.701107 0.600224 0.086101 0.018699
8 0.709717 0.633882 0.066421 0.018699
8 0.686347 0.666791 0.118081 0.017203
8 0.874539 0.466717 0.086101 0.017951
8 0.865929 0.499626 0.100861 0.019447
8 0.877614 0.531414 0.087331 0.020194
8 0.869619 0.563575 0.105781 0.021690
8 0.878229 0.595737 0.083641 0.021690
8 0.880689 0.630142 0.083641 0.020194
8 0.867159 0.663052 0.118081 0.021690
11 0.399754 0.712416 0.159902 0.023186
6 0.551046 0.706432 0.059041 0.018699
4 0.519065 0.754301 0.487085 0.027674
5 0.678967 0.786088 0.174662 0.017951
4 0.669742 0.821242 0.195572 0.020942
5 0.675892 0.856769 0.190652 0.021690
4 0.497540 0.894166 0.478475 0.029170
8 0.886839 0.746073 0.091021 0.020194
8 0.900369 0.780479 0.073801 0.018699
8 0.901599 0.815258 0.076261 0.019447
8 0.904059 0.850785 0.071341 0.020194
8 0.885609 0.886687 0.110701 0.021690
5 0.541820 0.946148 0.507995 0.026926