0 0.479936 0.215961 0.590690 0.020195
4 0.475923 0.237459 0.630819 0.016287
1 0.491974 0.259935 0.707865 0.018241
1 0.495987 0.278176 0.552167 0.019544
4 0.470305 0.300000 0.256822 0.024104
10 0.218299 0.341368 0.353130 0.019544
5 0.682986 0.341694 0.296950 0.021498
9 0.247191 0.364821 0.404494 0.018241
2 0.726324 0.365472 0.390048 0.020847
5 0.249599 0.407818 0.245586 0.020847
11 0.600321 0.406840 0.125201 0.021498
11 0.797753 0.407492 0.192616 0.025407
1 0.349117 0.448860 0.608347 0.020847
8 0.162119 0.471987 0.240770 0.021498
8 0.537721 0.471010 0.125201 0.020847
11 0.817817 0.471987 0.174960 0.022801
1 0.279294 0.492834 0.475120 0.021498
8 0.144462 0.513681 0.186196 0.024104
11 0.823435 0.512378 0.147673 0.024104
4 0.273676 0.554723 0.457464 0.021498
3 0.786517 0.554723 0.112360 0.025407
5 0.138844 0.599674 0.181380 0.024104
11 0.083467 0.617915 0.093098 0.022801
5 0.118780 0.639739 0.147673 0.018241
11 0.205457 0.662215 0.304976 0.025407
8 0.796950 0.599349 0.107544 0.020847
8 0.792937 0.619218 0.115570 0.021498
8 0.785714 0.640391 0.133226 0.018241
8 0.792937 0.663844 0.121990 0.020847
4 0.185393 0.705212 0.245586 0.022801
8 0.156501 0.725733 0.229535 0.020847
8 0.148475 0.747883 0.229535 0.028664
8 0.520867 0.724104 0.101124 0.022801
8 0.510433 0.746906 0.115570 0.021498
8 0.776886 0.724756 0.099518 0.025407
8 0.780899 0.746580 0.107544 0.019544
5 0.491172 0.851792 0.731942 0.022801
5 0.475120 0.873616 0.696629 0.020847
9 0.493579 0.891531 0.563403 0.021498
5 0.482343 0.916287 0.467095 0.022801
5 0.474318 0.936482 0.672552 0.024104
5 0.478331 0.958306 0.741573 0.019544
5 0.471910 0.979153 0.452648 0.018241
4 0.483146 0.704560 0.272873 0.021498
4 0.761637 0.704886 0.142857 0.016938
6 0.121188 0.030945 0.191011 0.020195