0 0.484378 0.182654 0.137875 0.011830
5 0.483370 0.194555 0.160855 0.011117
5 0.482362 0.205744 0.164080 0.010690
1 0.482564 0.218144 0.154001 0.011830
9 0.482060 0.229404 0.114291 0.010405
0 0.482060 0.241733 0.147752 0.012258
4 0.481556 0.253920 0.154001 0.011545
4 0.374622 0.276368 0.126789 0.011117
2 0.566922 0.279005 0.056642 0.010405
10 0.374420 0.288626 0.128402 0.011117
6 0.313243 0.312215 0.007257 0.009265
5 0.369885 0.312357 0.050393 0.010405
11 0.560371 0.314353 0.064503 0.011545
6 0.313243 0.323831 0.005241 0.008837
5 0.421185 0.324615 0.158234 0.011830
6 0.312235 0.336089 0.005241 0.009692
5 0.401431 0.336588 0.114291 0.010690
8 0.543036 0.338084 0.027817 0.009977
6 0.312034 0.347919 0.006853 0.009692
5 0.379157 0.348275 0.071760 0.010405
11 0.563193 0.350485 0.054425 0.009692
6 0.311127 0.359749 0.006249 0.009692
5 0.378653 0.360391 0.070752 0.011545
11 0.562286 0.362386 0.056642 0.010405
6 0.310925 0.371936 0.005846 0.010405
5 0.378049 0.372363 0.070752 0.011830
11 0.562689 0.374216 0.056642 0.010405
6 0.310522 0.383908 0.005846 0.010405
5 0.377444 0.384621 0.070752 0.010405
11 0.560875 0.386117 0.058254 0.011117
6 0.310522 0.396308 0.005846 0.009265
5 0.422697 0.396380 0.164080 0.011117
6 0.309716 0.407426 0.006249 0.009265
5 0.377041 0.408709 0.070752 0.011830
11 0.560270 0.409778 0.057045 0.011117
5 0.340355 0.431799 0.070752 0.011545
6 0.584560 0.434293 0.008869 0.009692
11 0.335719 0.443558 0.063495 0.011117
3 0.569542 0.445767 0.035678 0.010405
11 0.338440 0.470924 0.070147 0.018529
8 0.550292 0.473703 0.071357 0.018957
4 0.323120 0.486673 0.043540 0.010690
8 0.571457 0.489809 0.029833 0.010405
5 0.430760 0.524159 0.106833 0.011545
11 0.314654 0.533851 0.029833 0.010405
5 0.339045 0.546394 0.078613 0.011545
8 0.562891 0.537058 0.041322 0.009977
8 0.565108 0.549102 0.037291 0.010405
2 0.398004 0.570838 0.196533 0.012258
10 0.326648 0.582098 0.057045 0.011117
4 0.335819 0.618657 0.078613 0.011830
5 0.451421 0.619655 0.070752 0.011545
4 0.554727 0.620795 0.048780 0.011545
11 0.303064 0.629133 0.015118 0.011117
6 0.384298 0.630416 0.034066 0.012258
8 0.473493 0.631699 0.029833 0.011117
8 0.564906 0.633409 0.030437 0.009977
11 0.306390 0.641462 0.022979 0.010690
6 0.383290 0.643387 0.034066 0.012258
8 0.469159 0.643315 0.036081 0.010690
8 0.563999 0.644669 0.029833 0.009692
5 0.463616 0.691348 0.064906 0.011830
5 0.462205 0.703178 0.122556 0.011830
5 0.461802 0.726910 0.205201 0.012543
8 0.542330 0.326254 0.030437 0.009977
11 0.578412 0.327252 0.014715 0.009692
11 0.577807 0.338013 0.016327 0.009265
8 0.546765 0.397591 0.028825 0.010405
11 0.582645 0.397948 0.016730 0.011117
11 0.463314 0.715009 0.130014 0.011830