11 0.811961 0.032861 0.048491 0.023168
0 0.493534 0.131915 0.642241 0.020804
9 0.493534 0.151537 0.269397 0.017494
5 0.494612 0.173522 0.437500 0.014184
1 0.494612 0.196927 0.504310 0.015603
9 0.308728 0.231915 0.315733 0.015603
9 0.675647 0.233097 0.318966 0.014184
4 0.489763 0.255792 0.397629 0.014184
4 0.489763 0.283688 0.253233 0.017021
5 0.102909 0.303546 0.117457 0.015130
5 0.319504 0.328369 0.548491 0.015603
5 0.222522 0.349173 0.354526 0.015603
1 0.218211 0.368322 0.348060 0.015130
5 0.230603 0.392435 0.372845 0.016076
9 0.154634 0.414421 0.218750 0.015603
5 0.110991 0.435461 0.129310 0.015130
9 0.397091 0.436643 0.246767 0.015603
2 0.790948 0.436407 0.295259 0.016076
10 0.109375 0.458392 0.130388 0.014657
11 0.339978 0.460520 0.134698 0.015130
11 0.768858 0.461229 0.259698 0.015603
5 0.162177 0.483924 0.235991 0.017494
11 0.695582 0.484870 0.080819 0.016548
11 0.073815 0.531678 0.067888 0.013712
11 0.332974 0.534515 0.058190 0.016548
5 0.464440 0.534043 0.107759 0.012766
4 0.610453 0.517494 0.093750 0.015603
4 0.799030 0.518913 0.093750 0.015603
4 0.916487 0.534988 0.054957 0.014657
6 0.096983 0.551300 0.105603 0.011348
6 0.331897 0.552955 0.019397 0.011820
8 0.466056 0.552955 0.078664 0.012766
8 0.608297 0.553428 0.080819 0.013712
3 0.793642 0.554610 0.095905 0.012293
11 0.924569 0.554846 0.045259 0.012766
11 0.178341 0.574468 0.266164 0.014184
11 0.162716 0.599054 0.159483 0.017967
6 0.330819 0.598109 0.019397 0.014184
8 0.791487 0.599764 0.110991 0.015603
4 0.415409 0.638061 0.485991 0.019385
8 0.792565 0.638298 0.108836 0.014184
5 0.571659 0.663593 0.179957 0.014657
8 0.809806 0.665012 0.074353 0.013712
4 0.558728 0.691489 0.199353 0.015603
8 0.810884 0.692199 0.074353 0.015130
5 0.567349 0.719149 0.186422 0.017967
8 0.808190 0.718440 0.073276 0.014657
4 0.382004 0.747754 0.557112 0.019385
8 0.790948 0.747045 0.112069 0.014184
11 0.588901 0.774232 0.139009 0.015603
8 0.788793 0.775650 0.116379 0.014657
5 0.571659 0.795981 0.175647 0.017494
8 0.800108 0.795508 0.091595 0.014657
4 0.244073 0.842553 0.281250 0.014184
4 0.195043 0.868558 0.168103 0.014184
11 0.392780 0.869740 0.033405 0.017494
11 0.587284 0.871631 0.163793 0.017494
4 0.825970 0.872104 0.156250 0.017494
11 0.139547 0.888889 0.048491 0.014184
6 0.393858 0.890307 0.024784 0.013239
8 0.613685 0.891253 0.110991 0.015130
8 0.869612 0.892199 0.071121 0.014184
11 0.376078 0.913712 0.112069 0.015603
8 0.608836 0.914421 0.118534 0.015130
8 0.868534 0.914421 0.071121 0.014184
5 0.489763 0.954846 0.781250 0.018440