0 0.487742 0.062947 0.286980 0.012664
9 0.488463 0.079633 0.067161 0.010578
5 0.486300 0.094085 0.221467 0.011174
1 0.487536 0.108015 0.198393 0.010131
1 0.485373 0.124106 0.252575 0.012217
4 0.403276 0.164482 0.135352 0.011621
6 0.354759 0.183403 0.039143 0.011919
6 0.557787 0.165599 0.019571 0.018027
2 0.429028 0.202697 0.191801 0.011174
10 0.384322 0.218266 0.101154 0.011919
5 0.380305 0.233388 0.095179 0.011174
5 0.388133 0.250149 0.100124 0.011919
6 0.349712 0.269964 0.010095 0.008641
5 0.416358 0.285608 0.095179 0.011323
6 0.350227 0.298048 0.007005 0.010578
5 0.449320 0.312947 0.158220 0.010876
11 0.382674 0.332539 0.098269 0.011323
5 0.383189 0.355706 0.100124 0.012366
11 0.379584 0.375894 0.094149 0.010429
11 0.364648 0.412843 0.063041 0.012217
11 0.355583 0.436234 0.049032 0.012217
0 0.483416 0.466701 0.217347 0.012366
5 0.520602 0.248510 0.060569 0.010131
11 0.600227 0.247467 0.054182 0.010131
8 0.536877 0.269592 0.028018 0.009684
8 0.614854 0.268921 0.038525 0.010429
8 0.533993 0.297825 0.035023 0.010131
8 0.614339 0.296856 0.039143 0.011174
11 0.383498 0.270560 0.026576 0.010131
11 0.386794 0.298272 0.033993 0.010429
3 0.613206 0.331794 0.038937 0.010131
8 0.617944 0.354142 0.030696 0.009833
8 0.613206 0.375372 0.038937 0.011174
8 0.587454 0.412768 0.086733 0.013856
6 0.437680 0.436606 0.045529 0.012962
2 0.592398 0.432956 0.068603 0.010131