0 0.492021 0.148148 0.686170 0.027100
5 0.493351 0.161698 0.683511 0.026197
5 0.490691 0.176378 0.526596 0.022132
1 0.490691 0.191057 0.167553 0.014453
5 0.488032 0.202800 0.550532 0.021680
5 0.490691 0.218609 0.441489 0.022584
1 0.487367 0.231256 0.583777 0.024390
9 0.486702 0.243677 0.744681 0.024842
4 0.485372 0.258582 0.406915 0.017615
4 0.484707 0.290876 0.448138 0.029810
11 0.117686 0.336043 0.091755 0.014453
2 0.457447 0.366757 0.765957 0.019874
5 0.654255 0.450090 0.404255 0.015808
5 0.265957 0.378952 0.388298 0.017164
11 0.657580 0.383017 0.285904 0.014453
11 0.117021 0.404923 0.087766 0.014002
11 0.465426 0.408537 0.063830 0.012195
11 0.626330 0.409440 0.069149 0.013098
11 0.615691 0.423216 0.079787 0.015357
5 0.774601 0.410569 0.131649 0.013550
11 0.796543 0.425248 0.077128 0.014905
6 0.204787 0.432249 0.271277 0.015357
6 0.447473 0.434959 0.027926 0.013550
3 0.605053 0.436540 0.101064 0.013098
11 0.807846 0.437218 0.147606 0.013550
11 0.244016 0.447154 0.349734 0.016260
5 0.234707 0.474255 0.246011 0.014453
6 0.584441 0.477191 0.025266 0.012195
4 0.527261 0.517841 0.301862 0.016712
8 0.828457 0.518519 0.103723 0.012647
11 0.537899 0.530488 0.086436 0.013098
8 0.837101 0.531843 0.086436 0.013098
5 0.577128 0.544490 0.164894 0.014002
8 0.837101 0.545619 0.086436 0.012647
11 0.216090 0.556459 0.203457 0.014453
8 0.777926 0.558266 0.196809 0.013550
11 0.199468 0.570235 0.164894 0.014002
8 0.779255 0.572719 0.199468 0.013550
5 0.238697 0.584237 0.251330 0.014002
8 0.795878 0.585366 0.160904 0.013550
4 0.471410 0.612240 0.543883 0.014905
4 0.472739 0.638663 0.222074 0.012647
11 0.119016 0.665989 0.091755 0.014002
5 0.462101 0.665763 0.126330 0.013550
11 0.629654 0.665763 0.027926 0.013550
4 0.791223 0.666441 0.143617 0.013098
11 0.098404 0.693767 0.047872 0.013550
8 0.472739 0.692864 0.107713 0.013550
6 0.628324 0.693089 0.027926 0.013098
8 0.818484 0.693315 0.086436 0.013550
4 0.557181 0.733288 0.204787 0.014002
8 0.817819 0.733966 0.087766 0.012647
5 0.467420 0.790425 0.599734 0.013550
5 0.467420 0.804201 0.511968 0.014002
5 0.504654 0.817525 0.626330 0.012647
5 0.464096 0.832430 0.789894 0.013550
1 0.470080 0.843496 0.751330 0.012195
5 0.464096 0.857498 0.436170 0.013098