0 0.438130 0.167474 0.293430 0.017389
9 0.439339 0.181585 0.076582 0.007982
1 0.439137 0.191277 0.242241 0.007982
5 0.439137 0.201967 0.123740 0.006556
11 0.383716 0.211944 0.091092 0.007127
4 0.439137 0.221779 0.154373 0.009122
4 0.442563 0.247434 0.245062 0.010832
11 0.311165 0.276796 0.070133 0.015964
1 0.371020 0.304875 0.191455 0.011688
2 0.546957 0.303164 0.125756 0.009977
11 0.317412 0.333096 0.046352 0.009977
11 0.392382 0.333666 0.035873 0.013398
11 0.438936 0.333238 0.029827 0.010832
11 0.495365 0.332668 0.055623 0.010832
5 0.576985 0.327109 0.068118 0.009407
11 0.286376 0.360177 0.036679 0.010547
6 0.389762 0.358894 0.011286 0.009692
8 0.438936 0.358894 0.033051 0.009692
8 0.492745 0.358181 0.031842 0.009407
8 0.588271 0.357754 0.040709 0.009692
5 0.412132 0.375713 0.274486 0.011403
6 0.312576 0.398518 0.086659 0.009692
6 0.388956 0.398090 0.008061 0.009977
8 0.439541 0.397948 0.031842 0.009692
8 0.492745 0.397520 0.031036 0.009407
8 0.584643 0.397520 0.047965 0.009407
5 0.440145 0.414909 0.328900 0.012258
11 0.311769 0.449401 0.079403 0.012828
6 0.402862 0.447834 0.014913 0.009692
8 0.581822 0.446836 0.039097 0.011117
11 0.338775 0.477195 0.127771 0.010832
4 0.320234 0.493444 0.091495 0.009692
5 0.318823 0.510262 0.088674 0.009692
11 0.310157 0.528221 0.074567 0.012543
11 0.302701 0.546323 0.058847 0.012258
5 0.318622 0.565422 0.089883 0.012828
8 0.582023 0.474772 0.038694 0.010547
8 0.586054 0.491733 0.030633 0.010262
8 0.585852 0.508267 0.031842 0.010262
3 0.574164 0.527651 0.051189 0.012543
8 0.574768 0.544755 0.052398 0.012543
8 0.580210 0.564139 0.041516 0.012543
4 0.450826 0.625428 0.134220 0.011403
4 0.317614 0.653791 0.074970 0.010547
11 0.400846 0.653221 0.014913 0.009977
5 0.496171 0.647948 0.069327 0.009692
4 0.589682 0.648090 0.032245 0.008837
11 0.297058 0.684293 0.022572 0.009407
8 0.403668 0.682868 0.031036 0.008837
8 0.496372 0.682583 0.039903 0.008837
8 0.585852 0.682583 0.031842 0.010547
11 0.304313 0.713655 0.060459 0.009407
8 0.496775 0.712372 0.039097 0.009692
8 0.587465 0.712087 0.031036 0.009692
5 0.440548 0.741306 0.328900 0.012258
4 0.382306 0.753278 0.210802 0.011117
5 0.444377 0.780644 0.257557 0.010547
5 0.444377 0.793900 0.083434 0.009692
11 0.580210 0.338084 0.046352 0.009692
11 0.492745 0.657925 0.035873 0.013113
11 0.587868 0.658067 0.035067 0.011688
11 0.493753 0.659065 0.034663 0.011403
11 0.586054 0.658637 0.034663 0.010547
11 0.490931 0.211659 0.094317 0.006556
11 0.577993 0.338797 0.034663 0.010547
11 0.467755 0.475485 0.006852 0.007982
11 0.468158 0.492588 0.008464 0.007982
11 0.467553 0.509835 0.007255 0.007697
11 0.467956 0.528079 0.008061 0.009407
11 0.467755 0.544897 0.006852 0.008837
11 0.468158 0.564852 0.007658 0.007697