0 0.475401 0.141888 0.726203 0.028909
5 0.430481 0.173746 0.512299 0.021829
1 0.427807 0.197935 0.631016 0.021829
5 0.431551 0.221534 0.189305 0.023009
11 0.433155 0.243363 0.474866 0.020649
11 0.431016 0.268142 0.237433 0.024189
0 0.430481 0.301770 0.565775 0.025369
4 0.430481 0.333628 0.490909 0.021829
4 0.434225 0.364307 0.243850 0.021829
9 0.127807 0.403835 0.197861 0.020649
1 0.377540 0.403835 0.173262 0.021829
11 0.069519 0.433923 0.085561 0.020649
2 0.443316 0.433923 0.287701 0.023009
10 0.120321 0.464602 0.182888 0.021829
11 0.328342 0.465782 0.074866 0.019469
5 0.118717 0.528319 0.171123 0.023009
11 0.637433 0.503540 0.072727 0.019469
11 0.786631 0.505900 0.099465 0.019469
8 0.105882 0.558997 0.070588 0.020649
11 0.331016 0.560177 0.028877 0.013569
8 0.433155 0.558997 0.079144 0.020649
3 0.636364 0.559587 0.077005 0.017109
11 0.812834 0.559587 0.059893 0.021829
11 0.288770 0.590265 0.156150 0.023009
8 0.633155 0.589086 0.087701 0.020649
4 0.229412 0.639823 0.283422 0.021829
8 0.635294 0.640413 0.083422 0.020649
5 0.285561 0.671681 0.166845 0.020649
8 0.635294 0.671091 0.074866 0.019469
5 0.251337 0.700000 0.220321 0.021829
8 0.637433 0.700590 0.077005 0.017109
11 0.168449 0.734218 0.262032 0.021829
4 0.161497 0.770796 0.235294 0.024189
5 0.442781 0.769617 0.216043 0.021829
4 0.711230 0.770206 0.151872 0.023009
11 0.071658 0.800885 0.064171 0.024189
11 0.227273 0.802655 0.105882 0.023009
8 0.513369 0.803245 0.077005 0.021829
8 0.743316 0.803245 0.079144 0.019469
5 0.429947 0.889086 0.213904 0.018879
5 0.430481 0.915634 0.383957 0.020059
5 0.427807 0.942478 0.697326 0.023009