0 0.469764 0.234892 0.271115 0.009977
2 0.470067 0.246223 0.095142 0.008979
1 0.470167 0.258409 0.059464 0.010547
1 0.470167 0.270311 0.231203 0.010120
1 0.470671 0.281713 0.175368 0.009265
4 0.469563 0.292546 0.074380 0.008124
9 0.405160 0.303877 0.166096 0.008552
11 0.335416 0.320767 0.025398 0.008124
11 0.427636 0.321408 0.020762 0.009407
11 0.604112 0.319484 0.026608 0.008124
9 0.418666 0.334735 0.191897 0.010120
8 0.338641 0.347278 0.030639 0.008979
6 0.421992 0.347349 0.005846 0.007697
8 0.602096 0.346209 0.029430 0.009407
9 0.401935 0.364952 0.156420 0.010120
8 0.339246 0.378207 0.030639 0.008979
6 0.420984 0.377993 0.006249 0.007697
8 0.601189 0.377566 0.030034 0.008552
3 0.563495 0.397948 0.106632 0.008552
4 0.571659 0.409991 0.092723 0.010690
3 0.573574 0.421822 0.086475 0.008979
5 0.362729 0.439495 0.080024 0.010120
5 0.596049 0.438070 0.042733 0.008124
11 0.340657 0.452038 0.034670 0.008979
8 0.601088 0.451397 0.031042 0.008552
5 0.344991 0.464937 0.042129 0.010547
8 0.602096 0.463655 0.030639 0.009407
4 0.356682 0.492802 0.067930 0.008979
5 0.497984 0.492588 0.044951 0.008552
4 0.602399 0.492375 0.030034 0.008124
4 0.357589 0.505986 0.068535 0.008552
8 0.511590 0.505345 0.018948 0.007269
8 0.606531 0.505345 0.020157 0.007269
4 0.468958 0.523304 0.141302 0.008124
5 0.468656 0.535918 0.190284 0.010547
4 0.468555 0.547107 0.127192 0.009835
5 0.469260 0.559364 0.140697 0.010120
5 0.468656 0.570197 0.172949 0.009835
5 0.468252 0.582597 0.152792 0.010975