0 0.490880 0.118097 0.640558 0.016143
9 0.491416 0.135302 0.270386 0.014019
5 0.491953 0.155268 0.440987 0.014019
1 0.497318 0.175658 0.505365 0.014868
9 0.312232 0.207094 0.315451 0.014868
9 0.674356 0.207519 0.320815 0.014019
4 0.490343 0.228547 0.401288 0.013594
4 0.491953 0.254036 0.254292 0.013594
5 0.104614 0.271665 0.116953 0.013169
5 0.322961 0.293118 0.551502 0.014444
5 0.225322 0.312234 0.360515 0.013594
1 0.221030 0.329439 0.351931 0.014868
5 0.232296 0.351105 0.370172 0.014019
9 0.157189 0.370858 0.219957 0.013594
5 0.112661 0.389337 0.133047 0.012319
11 0.276824 0.390824 0.010730 0.010195
9 0.412554 0.390187 0.217811 0.011470
2 0.791845 0.390399 0.293991 0.014444
10 0.109979 0.410153 0.129828 0.014019
11 0.277361 0.412277 0.011803 0.011470
11 0.360515 0.411427 0.107296 0.013169
11 0.770386 0.412489 0.257511 0.014444
5 0.148069 0.432668 0.206009 0.016568
11 0.278970 0.434792 0.015021 0.009771
11 0.691524 0.433730 0.080472 0.012744
11 0.078863 0.476848 0.065451 0.013169
11 0.335300 0.478335 0.054721 0.015293
5 0.469957 0.477698 0.107296 0.013169
4 0.611052 0.463254 0.091202 0.013169
4 0.793455 0.463679 0.093348 0.013169
5 0.610515 0.477485 0.109442 0.012744
5 0.782725 0.477485 0.121245 0.011895
4 0.917382 0.478547 0.055794 0.011470
6 0.101395 0.494053 0.106223 0.012744
5 0.177039 0.514868 0.255365 0.015293
6 0.335300 0.494690 0.013948 0.010620
8 0.467811 0.495115 0.081545 0.011470
8 0.610515 0.495115 0.081545 0.011470
8 0.803648 0.495327 0.081545 0.011895
11 0.924893 0.496389 0.040773 0.012319
6 0.101395 0.536746 0.101931 0.011470
11 0.100858 0.556924 0.098712 0.012744
6 0.335300 0.537383 0.020386 0.011045
8 0.469421 0.538020 0.078326 0.012319
8 0.611588 0.538020 0.083691 0.013169
8 0.805794 0.538870 0.083691 0.012319
11 0.925429 0.538870 0.043991 0.011470
6 0.101931 0.579439 0.103004 0.011895
6 0.335837 0.579652 0.017167 0.011470
8 0.468348 0.580926 0.063305 0.011470
8 0.611588 0.580501 0.066524 0.012319
8 0.812232 0.580926 0.066524 0.011470
11 0.925429 0.582201 0.043991 0.013169
5 0.170064 0.600892 0.241416 0.014868
11 0.167382 0.622133 0.150215 0.016568
6 0.332082 0.621071 0.024678 0.013594
3 0.791309 0.622133 0.106223 0.013169
4 0.401824 0.655480 0.445279 0.016992
11 0.656116 0.656754 0.011803 0.010195
8 0.792918 0.655268 0.111588 0.012319
5 0.556330 0.679482 0.144850 0.013169
11 0.656116 0.680331 0.011803 0.011470
8 0.811159 0.680756 0.075107 0.014019
4 0.544528 0.703271 0.164163 0.014019
11 0.655043 0.704970 0.011803 0.011470
8 0.810086 0.704333 0.068670 0.013594
5 0.548820 0.729184 0.149142 0.017417
11 0.655043 0.728972 0.013948 0.011045
8 0.809549 0.728760 0.076180 0.012319
4 0.365880 0.753611 0.523605 0.018692
11 0.656652 0.754885 0.017167 0.011895
8 0.789163 0.754036 0.108369 0.013594
11 0.574034 0.779099 0.107296 0.014444
11 0.655043 0.780161 0.013948 0.009771
8 0.791309 0.778887 0.108369 0.014019
5 0.556867 0.798216 0.139485 0.016992
11 0.656116 0.798853 0.013948 0.011470
8 0.811695 0.798216 0.076180 0.014444
4 0.248927 0.839422 0.276824 0.014444
4 0.200107 0.862150 0.164163 0.013169
11 0.143777 0.881266 0.049356 0.012319
11 0.396996 0.863636 0.030043 0.014444
6 0.396459 0.882116 0.022532 0.012319
11 0.587983 0.864486 0.163090 0.014444
8 0.615880 0.882753 0.109442 0.015293
4 0.828326 0.865760 0.154506 0.014444
8 0.865343 0.883815 0.071888 0.013169
11 0.375000 0.902931 0.110515 0.014019
8 0.610515 0.903781 0.113734 0.014019
8 0.865880 0.905055 0.070815 0.013169
5 0.493562 0.939252 0.783262 0.014444
5 0.494635 0.962829 0.304721 0.015718