0 0.506787 0.121013 0.585973 0.016655
1 0.506222 0.139086 0.349548 0.015946
11 0.501697 0.157335 0.707014 0.017009
5 0.503959 0.175408 0.664027 0.015592
1 0.515837 0.192594 0.642534 0.015946
4 0.506787 0.210843 0.531674 0.017009
5 0.513575 0.229270 0.174208 0.015592
4 0.507353 0.246279 0.292986 0.013466
5 0.325226 0.281892 0.469457 0.013820
11 0.258484 0.299079 0.347285 0.014174
6 0.165158 0.316797 0.156109 0.013466
11 0.195701 0.333983 0.221719 0.014529
11 0.291290 0.352410 0.412896 0.013820
6 0.162896 0.370128 0.167421 0.015237
5 0.232466 0.387314 0.302036 0.016300
11 0.223982 0.405741 0.285068 0.016300
6 0.168552 0.423459 0.167421 0.013466
5 0.365385 0.441708 0.558824 0.015237
11 0.281674 0.459249 0.393665 0.018427
6 0.164593 0.477853 0.157240 0.014529
5 0.292421 0.495748 0.412896 0.014883
11 0.221154 0.512934 0.265837 0.013111
6 0.235860 0.530475 0.295249 0.013466
5 0.292421 0.548193 0.412896 0.014174
11 0.220023 0.566797 0.265837 0.014529
6 0.171946 0.583451 0.167421 0.014529
5 0.296380 0.601524 0.423077 0.017364
11 0.190045 0.621545 0.203620 0.016300
6 0.162896 0.638023 0.167421 0.013820
5 0.342760 0.655741 0.511312 0.013820
6 0.139706 0.672395 0.121041 0.015237
5 0.206448 0.709249 0.243213 0.021616
11 0.591629 0.317151 0.072398 0.014883
11 0.590498 0.370836 0.074661 0.014529
11 0.589932 0.424876 0.075792 0.013466
11 0.588801 0.478030 0.066742 0.014174
11 0.589932 0.531361 0.075792 0.013111
8 0.651584 0.584337 0.194570 0.018427
11 0.589932 0.638554 0.075792 0.014174
11 0.589367 0.673813 0.074661 0.014529
11 0.918552 0.282069 0.049774 0.012757
11 0.916855 0.334869 0.053167 0.014174
11 0.917986 0.388731 0.050905 0.013466
11 0.918552 0.443303 0.054299 0.014174
11 0.916855 0.495571 0.050905 0.017364
11 0.916855 0.549256 0.050905 0.014174
11 0.916855 0.602941 0.053167 0.014529
11 0.917421 0.656627 0.049774 0.013466
11 0.820136 0.710843 0.239819 0.016300
4 0.277715 0.745039 0.394796 0.013820
11 0.132919 0.762757 0.096154 0.014529
5 0.152715 0.779412 0.138009 0.014529
4 0.352941 0.814670 0.547511 0.016300
3 0.854638 0.744685 0.186652 0.012403
8 0.840498 0.762757 0.199095 0.013820
8 0.850113 0.780120 0.186652 0.012403
8 0.799208 0.815202 0.159502 0.014529
2 0.343326 0.850106 0.516968 0.016300
5 0.411765 0.867824 0.671946 0.016300
5 0.502262 0.903260 0.579186 0.014174
9 0.497738 0.921687 0.409502 0.014883
5 0.515837 0.938873 0.533937 0.015946
8 0.706448 0.316797 0.093891 0.012757
8 0.845023 0.317151 0.110860 0.013466
8 0.705882 0.370482 0.088235 0.013820
8 0.855204 0.370836 0.095023 0.013111
8 0.707014 0.424344 0.088235 0.013820
8 0.853507 0.425230 0.093891 0.013466
8 0.705317 0.477853 0.093891 0.013820
8 0.854638 0.477853 0.093891 0.013111
8 0.705882 0.531184 0.088235 0.012757
8 0.844457 0.531361 0.114253 0.013820
8 0.843326 0.584869 0.109729 0.014529
8 0.705317 0.638023 0.093891 0.013820
8 0.854072 0.638200 0.092760 0.014174
8 0.703620 0.674344 0.090498 0.014174
8 0.853507 0.673990 0.089367 0.013466
9 0.797511 0.850106 0.282805 0.014174