0 0.478090 0.193021 0.549438 0.015901
0 0.476966 0.215989 0.331461 0.017668
5 0.475281 0.239178 0.674157 0.017226
1 0.472472 0.261926 0.717978 0.019435
11 0.467416 0.281802 0.361798 0.015901
4 0.466292 0.303666 0.449438 0.016343
2 0.477528 0.326634 0.676404 0.016343
4 0.466854 0.371687 0.569663 0.017226
6 0.180899 0.416519 0.256180 0.014134
6 0.465730 0.416519 0.014607 0.014134
3 0.584270 0.415636 0.130337 0.014134
11 0.815730 0.414753 0.168539 0.014134
11 0.456180 0.438163 0.728090 0.016784
5 0.178652 0.461352 0.170787 0.015459
11 0.415169 0.460468 0.126966 0.014576
5 0.647191 0.459143 0.260674 0.015459
4 0.332022 0.505080 0.553933 0.017226
8 0.761236 0.503754 0.192135 0.013693
11 0.172472 0.549912 0.237079 0.016784
8 0.764607 0.547703 0.189888 0.015901
11 0.139888 0.595406 0.086517 0.015901
8 0.766854 0.592756 0.194382 0.013251
5 0.129213 0.618816 0.146067 0.017668
8 0.774157 0.615062 0.170787 0.015459
4 0.171348 0.684629 0.232584 0.016784
5 0.582022 0.682862 0.211236 0.015901
4 0.826966 0.681316 0.148315 0.018110
11 0.120225 0.705610 0.132584 0.015459
8 0.629213 0.703401 0.128090 0.014576
8 0.848876 0.702076 0.104494 0.014576
11 0.120225 0.727915 0.132584 0.015901
8 0.648876 0.725707 0.084270 0.014134
8 0.860112 0.724602 0.088764 0.013693
10 0.282022 0.770097 0.449438 0.015459
6 0.767978 0.769876 0.187640 0.017668
5 0.182022 0.793507 0.251685 0.014576
5 0.619101 0.791299 0.235955 0.014576
5 0.470225 0.837677 0.320225 0.016343
5 0.471910 0.860203 0.195506 0.018110
8 0.460674 0.881625 0.206742 0.018551
5 0.214607 0.925353 0.316854 0.014134
5 0.273034 0.970186 0.424719 0.018110