0 0.452342 0.102712 0.765751 0.026441
1 0.447496 0.130847 0.743134 0.016271
1 0.235057 0.147119 0.318255 0.013559
11 0.391761 0.166780 0.634895 0.016271
11 0.253635 0.187458 0.361874 0.016949
4 0.298061 0.205085 0.453958 0.015593
4 0.813409 0.214915 0.295638 0.017627
5 0.143780 0.225763 0.164782 0.013559
9 0.337641 0.241695 0.549273 0.014237
5 0.280291 0.276610 0.421648 0.016271
11 0.202746 0.320678 0.218094 0.014915
11 0.225363 0.359322 0.179321 0.014915
5 0.705977 0.319322 0.526656 0.016271
11 0.504039 0.338305 0.122779 0.013559
3 0.816640 0.361017 0.079160 0.015593
11 0.922456 0.360678 0.048465 0.014915
4 0.302100 0.385085 0.513732 0.014915
5 0.463651 0.406780 0.148627 0.016271
11 0.434572 0.433559 0.090468 0.012881
5 0.479806 0.455254 0.174475 0.016949
11 0.478191 0.481695 0.171244 0.015593
11 0.441034 0.520000 0.096931 0.014915
5 0.464459 0.541356 0.147011 0.018305
8 0.816640 0.387119 0.079160 0.013559
8 0.816640 0.408475 0.079160 0.011525
8 0.820679 0.436610 0.077544 0.013559
8 0.819871 0.456271 0.075929 0.013559
8 0.821486 0.484407 0.079160 0.012881
8 0.813409 0.523051 0.095315 0.016949
8 0.820679 0.543729 0.077544 0.016271
4 0.168821 0.572203 0.234249 0.016271
5 0.522617 0.571864 0.211632 0.016949
4 0.847334 0.572881 0.147011 0.016271
11 0.131664 0.593559 0.172859 0.015593
8 0.588853 0.593559 0.075929 0.014237
8 0.882068 0.594237 0.077544 0.014237
9 0.260905 0.645763 0.418417 0.015593
2 0.678514 0.645424 0.323102 0.016271
5 0.518578 0.742373 0.814216 0.014915
5 0.521002 0.778305 0.663974 0.014915
5 0.517771 0.799322 0.399031 0.017627
5 0.521809 0.836271 0.655897 0.015593
9 0.521809 0.870508 0.814216 0.016271
5 0.521809 0.892881 0.869144 0.017627
5 0.520194 0.912881 0.235864 0.015593
5 0.518578 0.949153 0.743134 0.018983