0 0.450241 0.087260 0.756019 0.022106
1 0.450241 0.111693 0.743178 0.015125
1 0.234350 0.126527 0.321027 0.014543
11 0.388443 0.142816 0.632424 0.014543
11 0.251204 0.160558 0.354735 0.012798
4 0.300963 0.175684 0.447833 0.012798
4 0.813804 0.182664 0.301766 0.016289
5 0.146067 0.193136 0.166934 0.013962
9 0.337079 0.207097 0.548957 0.013962
5 0.279294 0.237929 0.420546 0.013962
11 0.203852 0.274578 0.227929 0.013962
11 0.225522 0.310064 0.181380 0.012798
11 0.204655 0.328389 0.226324 0.013380
11 0.224719 0.362420 0.182986 0.013962
11 0.203050 0.380163 0.223114 0.013380
11 0.240770 0.430483 0.205457 0.013962
5 0.702247 0.275742 0.521669 0.016289
6 0.483146 0.290576 0.086677 0.012216
5 0.703050 0.328098 0.520064 0.013962
11 0.499197 0.343514 0.118780 0.012216
5 0.694222 0.380163 0.499197 0.014543
5 0.696629 0.396161 0.504013 0.016289
5 0.558587 0.413031 0.231140 0.016289
8 0.817014 0.309773 0.080257 0.012216
8 0.816212 0.362129 0.078652 0.012216
8 0.805778 0.429610 0.099518 0.012216
11 0.920546 0.310064 0.043339 0.012798
11 0.919743 0.362129 0.041734 0.013380
11 0.920546 0.429610 0.049759 0.012216
4 0.304976 0.451134 0.510433 0.013380
5 0.467897 0.468877 0.146067 0.013962
11 0.434992 0.493019 0.086677 0.013380
5 0.480738 0.513380 0.174960 0.015707
11 0.479936 0.536067 0.170144 0.013380
11 0.444623 0.568063 0.096308 0.012216
5 0.469502 0.586678 0.146067 0.012216
3 0.806581 0.451716 0.097913 0.012216
8 0.815409 0.470332 0.073836 0.012216
8 0.811396 0.495055 0.101124 0.011635
8 0.821027 0.514252 0.075441 0.012798
8 0.811396 0.537231 0.101124 0.012216
8 0.801766 0.570099 0.117175 0.013962
8 0.812199 0.587842 0.099518 0.013380
4 0.171750 0.611984 0.231140 0.015125
5 0.524077 0.611693 0.213483 0.015707
4 0.849117 0.611984 0.147673 0.015125
11 0.137239 0.629436 0.162119 0.013962
8 0.581059 0.630308 0.099518 0.012216
8 0.881220 0.629727 0.080257 0.013380
5 0.126003 0.676847 0.139647 0.014543
11 0.108347 0.695172 0.104334 0.011635
11 0.134831 0.712333 0.163724 0.015707
5 0.153291 0.736184 0.191011 0.013380
9 0.346709 0.675974 0.256822 0.012798
2 0.380417 0.693426 0.195827 0.012798
6 0.299358 0.712624 0.027287 0.011635
11 0.628411 0.735893 0.688604 0.012798
5 0.521669 0.780105 0.815409 0.013962
5 0.520867 0.810064 0.662921 0.013380
5 0.524077 0.828679 0.396469 0.013380
5 0.522472 0.860384 0.643660 0.013962
9 0.524880 0.889761 0.808989 0.012216
5 0.525682 0.908086 0.861958 0.015125
5 0.524880 0.925829 0.237560 0.012216
5 0.524880 0.957533 0.738363 0.016289