9 0.482432 0.140365 0.697297 0.019860
0 0.478378 0.162104 0.643243 0.020397
5 0.478378 0.183843 0.500000 0.017713
1 0.478378 0.205582 0.840541 0.018250
1 0.481081 0.226248 0.845946 0.018787
2 0.481757 0.246914 0.782432 0.018250
4 0.481757 0.268653 0.631081 0.018787
4 0.479730 0.310252 0.429730 0.017177
11 0.051351 0.352657 0.070270 0.017177
11 0.149324 0.352120 0.087838 0.017177
11 0.257432 0.352389 0.090541 0.017713
11 0.829730 0.351047 0.110811 0.017177
6 0.074324 0.394257 0.018919 0.015566
6 0.072297 0.414117 0.017568 0.022008
6 0.075000 0.499463 0.022973 0.015566
5 0.288514 0.395062 0.158108 0.018250
5 0.354730 0.414922 0.271622 0.019324
5 0.318919 0.435319 0.351351 0.017177
5 0.450676 0.456253 0.433784 0.016103
5 0.343243 0.477724 0.213514 0.017177
5 0.353378 0.498390 0.279730 0.017713
5 0.433108 0.520934 0.568919 0.020934
5 0.452703 0.541063 0.429730 0.017177
5 0.344595 0.562534 0.216216 0.017177
11 0.820270 0.392110 0.129730 0.015566
11 0.808784 0.413043 0.152703 0.017713
11 0.806081 0.497853 0.152703 0.015566
5 0.160811 0.603865 0.281081 0.018250
11 0.166892 0.625335 0.298649 0.019324
11 0.063514 0.645464 0.089189 0.016640
5 0.083784 0.667472 0.127027 0.018787
11 0.806757 0.602254 0.145946 0.016103
11 0.808108 0.623994 0.154054 0.018787
11 0.805405 0.644659 0.154054 0.017177
11 0.817568 0.665862 0.132432 0.018787
4 0.114189 0.730005 0.190541 0.017177
4 0.134459 0.772142 0.239189 0.018787
4 0.168919 0.792807 0.305405 0.019324
11 0.817568 0.770800 0.132432 0.017177
3 0.809459 0.792002 0.154054 0.015566
5 0.312162 0.834944 0.583784 0.017713
5 0.443243 0.854804 0.845946 0.019860
5 0.385135 0.877348 0.732432 0.019860
5 0.259459 0.898282 0.478378 0.018787