0 0.478041 0.228835 0.555180 0.023552
5 0.492117 0.260980 0.533784 0.026735
5 0.481419 0.290261 0.278153 0.022915
1 0.497185 0.324316 0.417793 0.026098
5 0.485360 0.354233 0.445946 0.023552
4 0.497185 0.386696 0.498874 0.022279
1 0.501689 0.450987 0.557432 0.024825
11 0.180180 0.512412 0.137387 0.022915
6 0.509009 0.512094 0.119369 0.019733
2 0.824887 0.512094 0.163288 0.023552
5 0.377815 0.575111 0.537162 0.023552
3 0.828266 0.575111 0.163288 0.022279
4 0.411036 0.638129 0.599099 0.024825
8 0.828829 0.639083 0.081081 0.021642
5 0.634009 0.669955 0.141892 0.023552
8 0.815315 0.670592 0.096847 0.022279
5 0.618806 0.702101 0.183559 0.022915
11 0.836712 0.702737 0.063063 0.020369
4 0.218468 0.766709 0.220721 0.028644
5 0.527027 0.764799 0.193694 0.023552
4 0.816441 0.765118 0.135135 0.022915
11 0.165541 0.796308 0.126126 0.021642
8 0.585586 0.796945 0.083333 0.021642
11 0.853604 0.796308 0.060811 0.021642
5 0.485923 0.894017 0.561937 0.028644
9 0.493806 0.923934 0.773649 0.026098