0 0.504032 0.126990 0.727419 0.023089
9 0.502419 0.148487 0.233871 0.019904
1 0.496774 0.174363 0.741935 0.020701
5 0.500806 0.197452 0.624194 0.019108
5 0.500806 0.222134 0.379032 0.020701
1 0.500806 0.246417 0.414516 0.018312
9 0.308065 0.269904 0.306452 0.019108
9 0.679839 0.268710 0.356452 0.019904
4 0.502419 0.296576 0.411290 0.019904
4 0.503226 0.325637 0.270968 0.017516
5 0.116935 0.353105 0.146774 0.019904
9 0.408065 0.355096 0.254839 0.019108
2 0.800806 0.354299 0.301613 0.020701
10 0.118548 0.380175 0.130645 0.018312
11 0.351613 0.380175 0.138710 0.018312
11 0.783871 0.379777 0.267742 0.020701
5 0.174194 0.408838 0.245161 0.021497
11 0.708871 0.406847 0.095161 0.020701
11 0.087903 0.460191 0.069355 0.015924
11 0.342742 0.461385 0.059677 0.016720
5 0.475806 0.460589 0.112903 0.015127
4 0.619355 0.443073 0.093548 0.018312
5 0.620968 0.459793 0.109677 0.015127
4 0.805645 0.444268 0.098387 0.017516
5 0.794355 0.460191 0.120968 0.015924
4 0.916935 0.460191 0.059677 0.015924
6 0.097581 0.482086 0.091935 0.016720
8 0.342742 0.482484 0.085484 0.015924
8 0.478226 0.481688 0.079032 0.015924
8 0.620968 0.482086 0.077419 0.016720
8 0.804032 0.482086 0.101613 0.015127
11 0.914516 0.483280 0.064516 0.015924
5 0.370968 0.501990 0.316129 0.018312
11 0.173387 0.552946 0.159677 0.018312
8 0.342742 0.551354 0.098387 0.015127
8 0.800806 0.552150 0.117742 0.016720
4 0.428226 0.583997 0.495161 0.021497
8 0.802419 0.583201 0.120968 0.018312
5 0.584677 0.614252 0.185484 0.016720
8 0.822581 0.613854 0.077419 0.015924
4 0.571774 0.644904 0.204839 0.020701
8 0.823387 0.645303 0.079032 0.018312
5 0.576613 0.677548 0.195161 0.022293
8 0.822581 0.675955 0.083871 0.019108
4 0.392742 0.710191 0.559677 0.022293
3 0.800806 0.708599 0.127419 0.015924
11 0.412903 0.740446 0.522581 0.023885
8 0.800806 0.738057 0.117742 0.017516
5 0.586290 0.763137 0.182258 0.019904
8 0.822581 0.762341 0.077419 0.016720
4 0.256452 0.818471 0.280645 0.015924
4 0.205645 0.847134 0.169355 0.015924
11 0.406452 0.846338 0.029032 0.019108
11 0.599194 0.847134 0.172581 0.017516
4 0.839516 0.847134 0.156452 0.019108
11 0.159677 0.871019 0.077419 0.019108
6 0.406452 0.871019 0.022581 0.017516
8 0.624194 0.871417 0.116129 0.016720
8 0.880645 0.871417 0.074194 0.016720
11 0.385484 0.896895 0.116129 0.019904
8 0.620968 0.897293 0.116129 0.019108
8 0.879839 0.898089 0.079032 0.017516
5 0.502419 0.943471 0.788710 0.020701