0 0.448095 0.237315 0.269704 0.010262
2 0.448700 0.247648 0.101996 0.008409
1 0.449002 0.260690 0.063495 0.009977
1 0.449607 0.272092 0.230397 0.010832
1 0.448196 0.284136 0.176376 0.009835
4 0.448398 0.295254 0.075993 0.008694
9 0.384701 0.306371 0.167103 0.008694
11 0.314554 0.322834 0.023584 0.009122
11 0.405563 0.323617 0.019351 0.009835
11 0.583451 0.322263 0.026809 0.007982
9 0.398105 0.337372 0.191897 0.010262
11 0.323826 0.349487 0.043338 0.009407
9 0.399819 0.368087 0.194920 0.008979
11 0.323423 0.380701 0.041322 0.008267
11 0.575186 0.348774 0.041322 0.007982
11 0.574582 0.379561 0.043338 0.008267
6 0.400020 0.349772 0.006249 0.008267
6 0.399718 0.380630 0.006450 0.008694
11 0.536384 0.400086 0.118928 0.008267
4 0.543640 0.412557 0.104414 0.009835
5 0.546966 0.424886 0.100988 0.010262
3 0.546664 0.435718 0.097964 0.008267
5 0.341665 0.453891 0.079823 0.009835
11 0.319391 0.466006 0.035275 0.007554
5 0.323020 0.478834 0.041725 0.009835
5 0.574783 0.452181 0.044547 0.008694
11 0.573775 0.465650 0.041725 0.008267
11 0.573372 0.477338 0.041725 0.008267
4 0.336424 0.506770 0.068535 0.009550
5 0.471074 0.506913 0.057247 0.007554
4 0.576396 0.506628 0.039710 0.008409
4 0.337029 0.520810 0.069744 0.007982
8 0.490325 0.519099 0.020762 0.007412
8 0.585366 0.519598 0.020964 0.006414
4 0.447490 0.536417 0.140697 0.011545
5 0.447692 0.550314 0.190284 0.010262
5 0.447994 0.561930 0.142512 0.009835
5 0.446583 0.572834 0.176779 0.008552
5 0.447087 0.585946 0.152792 0.010262