0 0.458667 0.205642 0.557333 0.029232
5 0.461333 0.236914 0.536000 0.029232
5 0.456000 0.263086 0.288000 0.025833
1 0.464667 0.295037 0.417333 0.029912
5 0.458667 0.325629 0.453333 0.029912
4 0.461333 0.352821 0.504000 0.025833
1 0.473333 0.382733 0.557333 0.027192
11 0.147333 0.437797 0.148000 0.023114
6 0.470000 0.438137 0.124000 0.023793
2 0.792000 0.441536 0.160000 0.025153
5 0.342667 0.496261 0.538667 0.025833
11 0.777333 0.500340 0.186667 0.025833
0 0.342000 0.528212 0.542667 0.027192
11 0.790000 0.530252 0.164000 0.025833
8 0.229333 0.557104 0.234667 0.025153
4 0.368667 0.614208 0.606667 0.023793
8 0.776000 0.617267 0.096000 0.023114
5 0.447333 0.644460 0.444000 0.027192
11 0.786000 0.644460 0.081333 0.023114
5 0.555333 0.673012 0.222667 0.025833
3 0.776000 0.674031 0.096000 0.023793
5 0.598000 0.700544 0.148000 0.023793
8 0.777333 0.703263 0.104000 0.021074
5 0.578000 0.729096 0.185333 0.022434
8 0.776000 0.730116 0.104000 0.023114
4 0.180667 0.788579 0.222667 0.027192
5 0.484667 0.786540 0.201333 0.023114
4 0.774000 0.788579 0.145333 0.023114
11 0.129333 0.815432 0.128000 0.022434
8 0.535333 0.816111 0.108000 0.022434
8 0.803333 0.818151 0.081333 0.022434
5 0.446667 0.902787 0.565333 0.027192
9 0.456667 0.932359 0.782667 0.025153