5 0.517780 0.137331 0.218750 0.018375
0 0.500539 0.159816 0.630388 0.019826
11 0.501616 0.181335 0.382543 0.020309
1 0.504310 0.202611 0.558190 0.018375
1 0.503233 0.223404 0.282328 0.019342
4 0.507543 0.244923 0.418103 0.017892
4 0.496767 0.267166 0.213362 0.018859
11 0.192349 0.309720 0.304957 0.017892
10 0.181034 0.331238 0.273707 0.018375
2 0.732220 0.308994 0.160560 0.019342
6 0.060345 0.373549 0.021552 0.016925
6 0.060345 0.396518 0.019397 0.018375
6 0.058728 0.416828 0.020474 0.017408
5 0.240302 0.374275 0.193966 0.018375
5 0.315194 0.395068 0.369612 0.020309
5 0.325970 0.416344 0.367457 0.019342
5 0.362069 0.438830 0.441810 0.017892
5 0.332974 0.460348 0.383621 0.019342
8 0.689655 0.374275 0.092672 0.016441
8 0.687500 0.396518 0.105603 0.020309
8 0.686422 0.417311 0.101293 0.018375
11 0.794720 0.373308 0.052802 0.019342
11 0.792026 0.395793 0.058190 0.016925
11 0.792026 0.417070 0.040948 0.018859
11 0.753772 0.438346 0.042026 0.016925
11 0.751616 0.460106 0.044181 0.018859
11 0.131466 0.502418 0.176724 0.018375
11 0.156789 0.552466 0.220905 0.032398
4 0.245151 0.579787 0.406250 0.020309
4 0.093211 0.599613 0.098060 0.018375
3 0.764547 0.502660 0.110991 0.017892
8 0.714978 0.552466 0.203664 0.031431
8 0.761853 0.580271 0.103448 0.019342
8 0.770474 0.600822 0.090517 0.017892
5 0.398168 0.663926 0.289871 0.017408
11 0.082974 0.685203 0.084052 0.018375
5 0.154095 0.707447 0.221983 0.021277
8 0.755388 0.685928 0.120690 0.017892
8 0.764009 0.706963 0.103448 0.019342
2 0.311961 0.748549 0.544181 0.021277
11 0.084052 0.770551 0.088362 0.017892
4 0.150862 0.834865 0.224138 0.017892
5 0.463362 0.834381 0.196121 0.017892
4 0.740302 0.834381 0.135776 0.019826
11 0.066810 0.856141 0.047414 0.017892
6 0.285022 0.856625 0.095905 0.019826
8 0.513470 0.855658 0.104526 0.017892
8 0.770474 0.855658 0.084052 0.018859
5 0.503233 0.940280 0.614224 0.022727
5 0.505388 0.962524 0.385776 0.019826