0 0.478507 0.216796 0.561086 0.022633
5 0.487557 0.245086 0.538462 0.027993
5 0.480204 0.274568 0.281674 0.023824
1 0.492081 0.306135 0.425339 0.023824
5 0.497172 0.335914 0.458145 0.026206
4 0.497172 0.365098 0.519231 0.025015
1 0.511878 0.426147 0.573529 0.023228
11 0.181561 0.485408 0.166290 0.029780
6 0.501697 0.486004 0.123303 0.022633
2 0.823529 0.487195 0.167421 0.023824
5 0.376697 0.544074 0.552036 0.023228
3 0.809955 0.545861 0.183258 0.024419
8 0.263575 0.574151 0.248869 0.022633
4 0.406109 0.632817 0.601810 0.020846
8 0.819005 0.634902 0.115385 0.027397
5 0.632919 0.664086 0.141403 0.026206
5 0.613122 0.693865 0.187783 0.023824
8 0.812217 0.664086 0.108597 0.021441
8 0.812217 0.693270 0.106335 0.025015
4 0.217195 0.754020 0.233032 0.028588
11 0.163462 0.782906 0.127828 0.022037
5 0.524321 0.753127 0.211538 0.022037
8 0.573529 0.782311 0.104072 0.022037
4 0.812217 0.754318 0.142534 0.022037
11 0.853507 0.785289 0.069005 0.024419
5 0.488122 0.873437 0.569005 0.027993
9 0.496041 0.903514 0.799774 0.027397