0 0.434489 0.244299 0.268293 0.011117
2 0.436807 0.255131 0.098367 0.007412
1 0.435698 0.267674 0.061076 0.010262
1 0.436001 0.279005 0.231002 0.010120
1 0.435497 0.291548 0.176779 0.010120
4 0.436202 0.301810 0.074985 0.008694
9 0.371901 0.313426 0.166902 0.009692
11 0.301955 0.330601 0.025398 0.009550
11 0.393066 0.330744 0.019754 0.009835
11 0.570752 0.328749 0.028422 0.007839
9 0.383995 0.344783 0.192300 0.010547
11 0.310119 0.357255 0.041725 0.007554
9 0.388732 0.374002 0.198952 0.009977
11 0.310522 0.387471 0.040919 0.008409
6 0.386515 0.357255 0.008264 0.007839
6 0.386112 0.387329 0.004636 0.007839
11 0.562387 0.355402 0.040718 0.007554
11 0.562387 0.386616 0.042330 0.008694
11 0.524390 0.407212 0.117113 0.009977
4 0.531143 0.419399 0.103608 0.008979
5 0.533360 0.431585 0.095948 0.011403
3 0.533763 0.442489 0.097561 0.007554
5 0.328160 0.460733 0.079823 0.009835
5 0.561379 0.458808 0.040314 0.009977
11 0.306692 0.473560 0.034872 0.007554
5 0.310320 0.485533 0.041725 0.010975
11 0.561782 0.472777 0.042330 0.008267
11 0.560572 0.484179 0.040314 0.009977
4 0.323322 0.513968 0.068131 0.010262
4 0.322516 0.526297 0.069341 0.008979
5 0.458476 0.513540 0.056642 0.008552
8 0.476416 0.526368 0.017940 0.006842
4 0.563394 0.513612 0.039105 0.008694
8 0.572264 0.526012 0.019351 0.006414
4 0.434187 0.543258 0.142310 0.008979
5 0.434993 0.555872 0.191494 0.011117
5 0.432776 0.568985 0.139891 0.010547
5 0.432876 0.578962 0.173554 0.009122
5 0.432776 0.592218 0.152792 0.011117