0 0.255901 0.144290 0.271459 0.021170
0 0.369099 0.166017 0.493562 0.018942
1 0.346567 0.188301 0.452790 0.021170
5 0.339056 0.209471 0.433476 0.021170
1 0.350858 0.230641 0.454936 0.021170
11 0.235515 0.250696 0.226395 0.021170
9 0.319742 0.271866 0.399142 0.018942
4 0.339056 0.294150 0.433476 0.017827
5 0.462446 0.337047 0.351931 0.021170
11 0.411481 0.422841 0.580472 0.020056
11 0.421674 0.465181 0.433476 0.022284
5 0.225858 0.486908 0.207082 0.021170
11 0.656116 0.485794 0.046137 0.021170
3 0.865880 0.486630 0.163090 0.022841
11 0.258047 0.508078 0.110515 0.021170
11 0.368562 0.508078 0.048283 0.021170
5 0.503755 0.507799 0.144850 0.022841
11 0.173820 0.549025 0.103004 0.022841
11 0.657189 0.549304 0.046137 0.018942
8 0.843348 0.550975 0.122318 0.018942
11 0.167918 0.571588 0.089056 0.020056
11 0.658798 0.572423 0.040773 0.022841
8 0.842811 0.570474 0.125536 0.018942
4 0.247318 0.612256 0.250000 0.022284
11 0.417918 0.613649 0.031116 0.022841
11 0.660408 0.613928 0.046137 0.020056
8 0.863734 0.613928 0.081545 0.020056
11 0.239807 0.633426 0.228541 0.021170
11 0.422210 0.633983 0.026824 0.017827
11 0.658262 0.634819 0.046137 0.017270
8 0.848176 0.634540 0.127682 0.021170
10 0.205472 0.698607 0.164163 0.022284
5 0.194742 0.718663 0.149142 0.022284
9 0.493026 0.762117 0.741416 0.028969
11 0.165773 0.802786 0.091202 0.020056
11 0.350322 0.804178 0.084764 0.026184
11 0.464056 0.804178 0.069742 0.022841
5 0.689378 0.803343 0.271459 0.022284
2 0.413627 0.824513 0.582618 0.021170
6 0.773605 0.825627 0.064378 0.021170
5 0.468884 0.865460 0.706009 0.026184
4 0.480687 0.888022 0.729614 0.021170
5 0.439914 0.931198 0.648069 0.025070