4 0.437412 0.129490 0.085870 0.008409
0 0.438924 0.141676 0.106632 0.009122
4 0.439428 0.157640 0.202379 0.009692
5 0.437210 0.171608 0.212054 0.009407
5 0.438823 0.185362 0.224955 0.010690
1 0.440335 0.199758 0.289256 0.011260
11 0.439730 0.213156 0.042532 0.008124
5 0.342471 0.249287 0.107640 0.009407
5 0.519049 0.248432 0.098367 0.010262
11 0.309615 0.284350 0.040314 0.009977
11 0.397198 0.283210 0.042532 0.009692
11 0.479137 0.283210 0.018545 0.010262
11 0.533259 0.282355 0.041725 0.009122
11 0.369885 0.297463 0.162467 0.009977
11 0.486192 0.297035 0.035477 0.009122
5 0.338137 0.318843 0.100585 0.009692
11 0.376134 0.333238 0.170530 0.010262
11 0.301451 0.358324 0.025600 0.009692
11 0.338339 0.357326 0.034469 0.008837
11 0.397904 0.357112 0.035880 0.008409
5 0.455755 0.357041 0.049587 0.009692
11 0.515521 0.355616 0.035678 0.008552
11 0.575590 0.355616 0.043338 0.009977
6 0.299133 0.377423 0.009272 0.009122
11 0.338742 0.376995 0.033663 0.008837
11 0.387926 0.377423 0.028422 0.009692
5 0.462205 0.376425 0.063697 0.008837
8 0.572062 0.375926 0.039911 0.008409
8 0.524592 0.401155 0.034066 0.008124
8 0.571054 0.401083 0.040314 0.008837
11 0.334005 0.419612 0.089498 0.009977
11 0.464926 0.419113 0.007055 0.007269
11 0.325640 0.436716 0.073977 0.009122
11 0.465128 0.436217 0.006652 0.007554
8 0.540314 0.434792 0.042532 0.008409
5 0.349426 0.454105 0.123161 0.009692
11 0.465733 0.452822 0.005846 0.006271
8 0.543741 0.451682 0.034469 0.009122
11 0.333199 0.469926 0.089901 0.009407
11 0.464322 0.468786 0.006652 0.006271
3 0.544346 0.468216 0.034066 0.008837
5 0.317678 0.488027 0.058053 0.010262
11 0.465330 0.486816 0.007055 0.007269
8 0.540012 0.485177 0.040314 0.009122
5 0.329571 0.503777 0.081838 0.010690
11 0.465834 0.502993 0.005241 0.006556
8 0.540113 0.501782 0.042129 0.008409
4 0.354364 0.519954 0.131425 0.009692
11 0.464926 0.519527 0.007055 0.006271
8 0.543338 0.518885 0.034469 0.008124
5 0.438722 0.546679 0.240476 0.011260
5 0.439024 0.564709 0.161661 0.009692
5 0.439528 0.578107 0.114695 0.008837
5 0.438924 0.591790 0.208224 0.009407
5 0.442552 0.606471 0.290062 0.009977
5 0.439226 0.620653 0.178996 0.011260
9 0.439931 0.634550 0.226366 0.010262
5 0.428442 0.655573 0.259827 0.010690
5 0.429147 0.668187 0.144326 0.009977
11 0.432977 0.684151 0.211248 0.010547
5 0.429651 0.697406 0.146543 0.010262
5 0.428139 0.721280 0.274945 0.011260
5 0.430659 0.733253 0.252167 0.011260
5 0.429752 0.746152 0.202379 0.009977
5 0.428139 0.757554 0.144326 0.009692
5 0.428946 0.776511 0.066922 0.009977
5 0.430256 0.788626 0.233219 0.009692
0 0.429349 0.801311 0.130619 0.008837
6 0.583451 0.800100 0.010280 0.008409
2 0.549083 0.296323 0.072566 0.009692