0 0.542076 0.175702 0.338008 0.015489
1 0.528752 0.193853 0.440393 0.016941
5 0.528050 0.211762 0.433380 0.015005
1 0.513324 0.229913 0.375877 0.015489
4 0.524544 0.249032 0.549790 0.017909
4 0.502805 0.284366 0.438990 0.015973
5 0.279102 0.323088 0.316971 0.027590
1 0.267882 0.361810 0.297335 0.015005
5 0.725806 0.365682 0.178121 0.015005
11 0.153576 0.378993 0.082749 0.015489
2 0.379383 0.382623 0.234222 0.013069
11 0.598878 0.382623 0.151473 0.014037
10 0.321879 0.398596 0.419355 0.017909
5 0.223001 0.434656 0.227209 0.015489
11 0.443198 0.436108 0.061711 0.013553
5 0.622020 0.437561 0.138850 0.014521
4 0.820477 0.438287 0.179523 0.014037
5 0.317672 0.471200 0.419355 0.017909
11 0.417952 0.489109 0.064516 0.013069
8 0.599579 0.490319 0.096774 0.014521
8 0.781907 0.491530 0.096774 0.013069
11 0.889201 0.492982 0.039271 0.013069
5 0.234222 0.506292 0.266480 0.015489
11 0.417251 0.525653 0.060309 0.012585
8 0.608696 0.526864 0.081346 0.016941
8 0.785414 0.529526 0.078541 0.012585
11 0.886396 0.529284 0.039271 0.013069
5 0.193548 0.542594 0.182328 0.015489
11 0.415147 0.561713 0.061711 0.012101
8 0.604488 0.562197 0.081346 0.013069
8 0.782609 0.563892 0.081346 0.013553
11 0.884993 0.565102 0.039271 0.013069
5 0.300140 0.578654 0.406732 0.016941
11 0.414446 0.598015 0.054698 0.012101
8 0.601683 0.599468 0.078541 0.013069
8 0.781907 0.600920 0.079944 0.013069
11 0.881487 0.600920 0.037868 0.013069
6 0.215989 0.632381 0.241234 0.015973
4 0.314867 0.651742 0.438990 0.017909
8 0.849930 0.655131 0.098177 0.013069
4 0.263675 0.668683 0.339411 0.016941
8 0.859748 0.673040 0.072931 0.014037
4 0.340813 0.688529 0.499299 0.017909
3 0.845722 0.691433 0.100982 0.013069
11 0.202665 0.730155 0.234222 0.026621
8 0.791725 0.733301 0.197756 0.026137
11 0.196353 0.769119 0.218794 0.016457
2 0.572230 0.770813 0.193548 0.015973
11 0.813464 0.772265 0.154278 0.013069
5 0.285414 0.786544 0.402525 0.016457
11 0.137447 0.822604 0.117812 0.014037
8 0.839411 0.827202 0.096774 0.013553
5 0.158485 0.841481 0.159888 0.014037
8 0.839411 0.844869 0.096774 0.013069
4 0.189341 0.897386 0.227209 0.015489
5 0.578541 0.899080 0.197756 0.015005
4 0.811360 0.900532 0.138850 0.015005
11 0.096073 0.913843 0.040673 0.013553
11 0.336606 0.915779 0.112202 0.015489
8 0.630435 0.917473 0.105189 0.013069
8 0.842917 0.918683 0.075736 0.012585