0 0.451043 0.101382 0.764045 0.023700
1 0.444623 0.129032 0.731942 0.015800
1 0.235152 0.143515 0.319422 0.013167
11 0.386838 0.160961 0.619583 0.016458
11 0.251204 0.181040 0.351525 0.015800
4 0.300161 0.199803 0.449438 0.016458
4 0.808186 0.208690 0.296950 0.018433
5 0.139647 0.220211 0.163724 0.016458
9 0.334671 0.236998 0.547352 0.015800
5 0.278491 0.272548 0.431782 0.018433
11 0.199839 0.311718 0.219904 0.013825
3 0.233547 0.367347 0.200642 0.013167
5 0.687801 0.312377 0.499197 0.013825
5 0.694222 0.330481 0.521669 0.018433
5 0.553772 0.348585 0.234350 0.019092
8 0.800963 0.368334 0.096308 0.015142
11 0.915730 0.368334 0.046549 0.015142
4 0.302568 0.392034 0.512039 0.015142
5 0.463884 0.413430 0.144462 0.014483
11 0.433387 0.440750 0.089888 0.015142
5 0.477528 0.462804 0.171750 0.015800
11 0.475120 0.488808 0.166934 0.015142
11 0.438202 0.524687 0.099518 0.014483
5 0.460674 0.544437 0.141252 0.013167
8 0.800963 0.393022 0.099518 0.014483
8 0.811396 0.415405 0.075441 0.014483
8 0.805778 0.442067 0.093098 0.012508
8 0.812199 0.463134 0.080257 0.013825
8 0.806581 0.489138 0.104334 0.013167
8 0.805778 0.526991 0.096308 0.015142
8 0.807384 0.547400 0.096308 0.017775
4 0.166934 0.575049 0.234350 0.019092
5 0.517657 0.574062 0.210273 0.015800
4 0.842697 0.574062 0.144462 0.017117
11 0.129213 0.593812 0.152488 0.014483
8 0.576244 0.594470 0.099518 0.015800
8 0.876404 0.596116 0.077047 0.015142
5 0.118780 0.646478 0.138042 0.013167
11 0.103531 0.667544 0.104334 0.013167
11 0.130016 0.686636 0.166934 0.015800
5 0.145265 0.713627 0.194222 0.015800
9 0.337079 0.645820 0.260032 0.014483
2 0.376404 0.665899 0.197432 0.016458
6 0.292135 0.687294 0.025682 0.013167
11 0.616372 0.714286 0.683788 0.015800
5 0.515249 0.756419 0.808989 0.014483
5 0.515249 0.790323 0.661316 0.015142
5 0.515249 0.811389 0.407705 0.017775
5 0.513644 0.845951 0.648475 0.014483
9 0.517657 0.880843 0.804173 0.017117
5 0.516051 0.902897 0.861958 0.015142
5 0.515249 0.921330 0.234350 0.015142
5 0.516051 0.957209 0.736758 0.018433