0 0.500000 0.128694 0.747312 0.024106
5 0.500672 0.150467 0.506720 0.024106
11 0.493280 0.175350 0.303763 0.022551
1 0.501344 0.197512 0.543011 0.023328
11 0.327957 0.247667 0.314516 0.025661
11 0.670027 0.248445 0.318548 0.025661
4 0.502016 0.294712 0.458333 0.024883
4 0.500672 0.328927 0.227151 0.023328
9 0.712366 0.362753 0.306452 0.024106
11 0.627016 0.403188 0.060484 0.025661
11 0.791667 0.399300 0.067204 0.022551
4 0.873656 0.399689 0.067204 0.021773
8 0.204301 0.439347 0.233871 0.024883
6 0.613575 0.438569 0.049731 0.021773
8 0.776210 0.437792 0.095430 0.023328
11 0.875672 0.435848 0.049731 0.014774
4 0.339382 0.487170 0.461022 0.025661
5 0.383065 0.518274 0.370968 0.027216
11 0.403898 0.548989 0.329301 0.027994
5 0.451613 0.578149 0.239247 0.022551
5 0.491935 0.612364 0.153226 0.024106
11 0.413306 0.642302 0.305108 0.027994
5 0.485215 0.678460 0.155914 0.025661
3 0.776210 0.485226 0.100806 0.023328
8 0.786962 0.519440 0.079301 0.021773
8 0.777554 0.547823 0.100806 0.022551
8 0.776882 0.581260 0.102151 0.022551
8 0.786962 0.610809 0.076613 0.022551
6 0.806452 0.645023 0.051075 0.025661
4 0.245968 0.735614 0.247312 0.024883
11 0.206989 0.788103 0.161290 0.020995
11 0.168011 0.816485 0.086022 0.023328
5 0.522177 0.735226 0.133065 0.020995
11 0.544355 0.759720 0.088710 0.023328
8 0.538978 0.787325 0.094086 0.019440
8 0.540995 0.815319 0.092742 0.020995
4 0.786962 0.735614 0.065860 0.021773
11 0.774866 0.760886 0.087366 0.024106
8 0.781586 0.787325 0.076613 0.019440
8 0.782258 0.816096 0.072581 0.019440
5 0.532258 0.897356 0.223118 0.023328
5 0.528898 0.928460 0.490591 0.021773
2 0.532930 0.954121 0.369624 0.021773