0 0.332661 0.080022 0.614247 0.015669
1 0.121640 0.100727 0.192204 0.016788
5 0.284946 0.119754 0.521505 0.016788
5 0.197581 0.139340 0.344086 0.015669
5 0.208333 0.160325 0.368280 0.018467
1 0.395833 0.180470 0.748656 0.017348
5 0.258065 0.200056 0.470430 0.017348
9 0.186828 0.218523 0.325269 0.016228
9 0.188844 0.238109 0.323925 0.016228
4 0.227151 0.279239 0.403226 0.015669
4 0.418683 0.318131 0.208333 0.017348
4 0.246640 0.357583 0.439516 0.016788
5 0.674059 0.358422 0.232527 0.016228
10 0.405914 0.378288 0.760753 0.016788
2 0.125000 0.397314 0.193548 0.017907
11 0.687500 0.395915 0.211022 0.015109
11 0.714382 0.416340 0.076613 0.016788
8 0.296371 0.456072 0.541667 0.016788
6 0.152554 0.475098 0.248656 0.015669
6 0.352823 0.475658 0.041667 0.014550
11 0.695565 0.475378 0.151882 0.016228
8 0.220430 0.495523 0.379032 0.016228
6 0.075941 0.515389 0.098118 0.014550
6 0.354167 0.515949 0.036290 0.014550
11 0.704973 0.515669 0.138441 0.016228
8 0.245968 0.534415 0.440860 0.015669
6 0.078629 0.553442 0.103495 0.015669
6 0.352151 0.554281 0.034946 0.013990
11 0.704301 0.553721 0.134409 0.015109
8 0.266129 0.573307 0.481183 0.015109
6 0.076613 0.592613 0.094086 0.014550
6 0.352151 0.593453 0.032258 0.013990
11 0.703629 0.592334 0.141129 0.016228
5 0.197581 0.631505 0.344086 0.016228
4 0.283602 0.670957 0.513441 0.016788
11 0.721774 0.670957 0.137097 0.016788
5 0.205645 0.690823 0.357527 0.016228
11 0.735215 0.689983 0.118280 0.014550
11 0.112231 0.710409 0.173387 0.015109
3 0.723118 0.710129 0.134409 0.015669
5 0.160618 0.729435 0.270161 0.017348
11 0.752688 0.729155 0.077957 0.014550
5 0.151882 0.749580 0.252688 0.017348
11 0.723118 0.748741 0.131720 0.014550
5 0.084005 0.770006 0.116935 0.016788
11 0.733871 0.768886 0.115591 0.014550
4 0.152554 0.809457 0.211022 0.018467
5 0.494624 0.807778 0.174731 0.017348
4 0.723118 0.807499 0.134409 0.015669
11 0.542339 0.828204 0.073925 0.016788
11 0.733199 0.828204 0.071237 0.016788
11 0.112231 0.848069 0.135753 0.017348
8 0.532930 0.847510 0.098118 0.016228
8 0.752688 0.847790 0.077957 0.014550
11 0.112231 0.868215 0.133065 0.017348
8 0.542339 0.868215 0.079301 0.017348
8 0.753360 0.866816 0.081989 0.015669
9 0.311828 0.905988 0.416667 0.015669
5 0.284946 0.926133 0.513441 0.015669
5 0.314516 0.945719 0.569892 0.015669
5 0.117608 0.984331 0.170699 0.015669
5 0.698253 0.919418 0.409946 0.052602