0 0.251068 0.114031 0.408120 0.040654
4 0.303419 0.143530 0.512821 0.019336
5 0.740919 0.144522 0.323718 0.022310
1 0.497329 0.169063 0.898504 0.021815
11 0.114316 0.192365 0.130342 0.018840
4 0.122329 0.217650 0.146368 0.017848
11 0.219551 0.242191 0.340812 0.021319
2 0.329060 0.266485 0.553419 0.023302
5 0.817308 0.266733 0.173077 0.019831
5 0.168269 0.315816 0.238248 0.022806
5 0.221154 0.365146 0.339744 0.019336
11 0.614316 0.316559 0.068376 0.020327
6 0.593483 0.365146 0.018162 0.019336
11 0.847756 0.316063 0.110043 0.019336
3 0.815171 0.366138 0.164530 0.021319
4 0.316239 0.414973 0.525641 0.023798
5 0.144231 0.438275 0.194444 0.019831
8 0.846154 0.413981 0.108974 0.019831
8 0.857906 0.440010 0.085470 0.018344
11 0.103098 0.495786 0.112179 0.037680
11 0.091346 0.550322 0.088675 0.020823
8 0.846688 0.496529 0.110043 0.036192
8 0.847222 0.551066 0.104701 0.019336
5 0.188568 0.600149 0.280983 0.021319
5 0.113782 0.625186 0.131410 0.020823
4 0.123397 0.647744 0.154915 0.020327
8 0.837073 0.600892 0.127137 0.017848
8 0.846688 0.625682 0.110043 0.018840
8 0.857906 0.650223 0.085470 0.018344
4 0.154380 0.696827 0.212607 0.022310
4 0.162393 0.720625 0.232906 0.019336
4 0.163996 0.745166 0.229701 0.020823
5 0.535791 0.698562 0.212607 0.020823
8 0.590812 0.721864 0.108974 0.017848
8 0.600427 0.746901 0.085470 0.018344
4 0.823718 0.698066 0.145299 0.022806
8 0.855235 0.722360 0.090812 0.016857
8 0.855235 0.746901 0.088675 0.017353
9 0.291132 0.793753 0.492521 0.019831
5 0.111645 0.817551 0.133547 0.019831
5 0.358974 0.818542 0.192308 0.018840
5 0.239316 0.875062 0.386752 0.041646