0 0.503226 0.079583 0.900000 0.020833
1 0.500000 0.099583 0.445161 0.019167
1 0.500806 0.119583 0.485484 0.020833
9 0.345161 0.137083 0.296774 0.019167
4 0.505645 0.157500 0.388710 0.020000
4 0.504839 0.196667 0.570968 0.033333
11 0.612097 0.245417 0.427419 0.030833
9 0.113710 0.271250 0.143548 0.020833
2 0.675000 0.273750 0.314516 0.019167
5 0.323387 0.303750 0.562903 0.032500
5 0.273387 0.332917 0.462903 0.019167
5 0.191935 0.351667 0.290323 0.018333
1 0.304032 0.370833 0.520968 0.018333
11 0.237097 0.389583 0.387097 0.019167
2 0.542742 0.407917 0.259677 0.017500
11 0.752419 0.407917 0.091935 0.017500
5 0.147581 0.430833 0.217742 0.018333
11 0.412097 0.430833 0.062903 0.015000
11 0.641129 0.431250 0.030645 0.015833
11 0.849194 0.432917 0.137097 0.017500
5 0.134677 0.460417 0.195161 0.017500
8 0.401613 0.461667 0.080645 0.016667
6 0.508065 0.461667 0.022581 0.015000
6 0.583871 0.462083 0.022581 0.015833
6 0.641129 0.462083 0.024194 0.015833
6 0.735484 0.462500 0.022581 0.016667
8 0.879839 0.462917 0.082258 0.015833
5 0.125806 0.481250 0.174194 0.019167
8 0.401613 0.481667 0.080645 0.018333
6 0.508065 0.483333 0.022581 0.018333
6 0.582258 0.482083 0.025806 0.017500
6 0.641129 0.482500 0.024194 0.015000
6 0.734677 0.481250 0.020968 0.015833
8 0.881452 0.482500 0.082258 0.016667
5 0.125806 0.501667 0.180645 0.018333
8 0.402419 0.501250 0.082258 0.017500
6 0.507258 0.501667 0.024194 0.016667
6 0.583065 0.502500 0.024194 0.015000
6 0.639516 0.502500 0.024194 0.015000
6 0.735484 0.502500 0.022581 0.015000
8 0.870161 0.502500 0.095161 0.016667
11 0.478226 0.537500 0.353226 0.036667
8 0.773387 0.535000 0.111290 0.030000
5 0.195968 0.569167 0.314516 0.016667
8 0.403226 0.570000 0.083871 0.016667
6 0.509677 0.570417 0.029032 0.017500
6 0.584677 0.570000 0.024194 0.016667
6 0.641935 0.570417 0.025806 0.015833
6 0.737097 0.570417 0.022581 0.015833
8 0.879032 0.570833 0.083871 0.018333
5 0.150000 0.588750 0.219355 0.019167
8 0.401613 0.589583 0.083871 0.015833
6 0.498387 0.589583 0.045161 0.017500
6 0.584677 0.590833 0.024194 0.015000
6 0.641935 0.590000 0.022581 0.015000
6 0.728226 0.590000 0.046774 0.015000
8 0.870161 0.590417 0.098387 0.015833
4 0.360484 0.624167 0.579032 0.036667
8 0.775806 0.622917 0.106452 0.030833
4 0.612903 0.661667 0.080645 0.030000
8 0.787903 0.662500 0.085484 0.028333
4 0.370161 0.705417 0.562903 0.037500
8 0.775806 0.704167 0.103226 0.028333
11 0.477419 0.745417 0.354839 0.035833
8 0.774194 0.743333 0.100000 0.028333
11 0.512903 0.787917 0.277419 0.037500
3 0.775806 0.785833 0.103226 0.028333
11 0.119355 0.829583 0.154839 0.020833
5 0.472581 0.850833 0.864516 0.020000
5 0.419355 0.870417 0.754839 0.019167
5 0.478226 0.890833 0.869355 0.018333
4 0.400806 0.910000 0.714516 0.018333
4 0.416935 0.930417 0.753226 0.020833
5 0.190323 0.950000 0.296774 0.018333
5 0.508871 0.972083 0.395161 0.017500
9 0.666129 0.137917 0.293548 0.017500
11 0.489516 0.430417 0.059677 0.015833
11 0.566935 0.430833 0.062903 0.015000
11 0.709677 0.430417 0.077419 0.015833