0 0.504958 0.154008 0.681303 0.018686
5 0.504958 0.175105 0.664306 0.022303
5 0.503541 0.193490 0.426346 0.022905
1 0.505666 0.212477 0.424929 0.021097
4 0.505666 0.228752 0.430595 0.018686
4 0.505666 0.245630 0.708215 0.018686
11 0.123229 0.299277 0.087819 0.017480
2 0.486544 0.332429 0.817280 0.018686
5 0.218839 0.353225 0.276204 0.018083
11 0.700425 0.353225 0.301700 0.018083
10 0.238669 0.370705 0.321530 0.016878
11 0.123938 0.406872 0.086402 0.018083
11 0.493626 0.408379 0.063739 0.016275
11 0.665722 0.408077 0.067989 0.016878
5 0.823654 0.408077 0.131728 0.016878
6 0.219547 0.444545 0.280453 0.016275
6 0.478045 0.443339 0.035411 0.018686
8 0.646601 0.444545 0.109065 0.016275
11 0.855524 0.444244 0.152975 0.018083
5 0.413598 0.464135 0.660057 0.019289
11 0.230170 0.498493 0.298867 0.015672
6 0.627479 0.499096 0.036827 0.015672
11 0.622521 0.552743 0.194051 0.018083
8 0.878895 0.551838 0.111898 0.016275
11 0.569405 0.570524 0.087819 0.016275
8 0.887394 0.570223 0.086402 0.015672
4 0.560907 0.588909 0.067989 0.015672
8 0.889518 0.588005 0.087819 0.016275
5 0.613314 0.606992 0.172805 0.018083
8 0.888102 0.605184 0.087819 0.014467
11 0.228045 0.624171 0.209632 0.018686
3 0.826487 0.625377 0.213881 0.017480
11 0.209632 0.641953 0.169972 0.019289
8 0.825071 0.642556 0.211048 0.016878
5 0.249292 0.661242 0.252125 0.018083
8 0.844193 0.660940 0.167139 0.017480
5 0.505666 0.698915 0.637394 0.022303
5 0.504249 0.715491 0.209632 0.016878
4 0.504958 0.751055 0.236544 0.016878
11 0.134561 0.786920 0.090652 0.016275
5 0.496459 0.787824 0.134561 0.015672
11 0.677762 0.787221 0.026912 0.018083
4 0.846317 0.787523 0.154391 0.016275
11 0.113314 0.823689 0.045326 0.017480
8 0.505666 0.823990 0.107649 0.018083
6 0.677054 0.824593 0.025496 0.018083
8 0.881020 0.823388 0.090652 0.018083
4 0.599858 0.877939 0.216714 0.018686
8 0.878187 0.877939 0.090652 0.017480