0 0.493082 0.204399 0.769811 0.022874
9 0.481132 0.225513 0.210063 0.022874
1 0.493082 0.250733 0.759748 0.022874
1 0.488050 0.273314 0.447799 0.023460
4 0.489308 0.293548 0.530818 0.022874
4 0.467296 0.315249 0.418868 0.026393
5 0.255975 0.336950 0.303145 0.027566
1 0.308805 0.360997 0.330818 0.019355
1 0.700000 0.363343 0.270440 0.020528
11 0.146541 0.382698 0.084277 0.019355
2 0.443396 0.385337 0.398742 0.016422
10 0.298113 0.406158 0.384906 0.019355
11 0.723899 0.408504 0.134591 0.019355
6 0.861006 0.407625 0.041509 0.018768
11 0.140881 0.450440 0.055346 0.021114
5 0.325786 0.449853 0.211321 0.023460
4 0.781761 0.450440 0.174843 0.021114
6 0.176101 0.494135 0.025157 0.020528
11 0.705031 0.495015 0.215094 0.021114
5 0.237736 0.515836 0.249057 0.021701
6 0.175472 0.535777 0.033962 0.024047
11 0.610063 0.536070 0.030189 0.025806
11 0.737736 0.536950 0.147170 0.020528
5 0.200000 0.559824 0.181132 0.020528
6 0.179245 0.581232 0.026415 0.018768
11 0.613208 0.582698 0.036478 0.020528
11 0.744025 0.581525 0.139623 0.018182
5 0.203774 0.603812 0.198742 0.020528
6 0.179245 0.624340 0.028931 0.020528
11 0.611321 0.625513 0.035220 0.018182
11 0.740881 0.626100 0.135849 0.024047
5 0.184277 0.646921 0.159748 0.025806
4 0.316981 0.690029 0.415094 0.020528
3 0.812579 0.690616 0.115723 0.017009
4 0.343396 0.713196 0.477987 0.021114
8 0.810692 0.714370 0.114465 0.018768
11 0.217610 0.735484 0.216352 0.028152
8 0.754717 0.734604 0.221384 0.021701
5 0.193711 0.776246 0.181132 0.019355
2 0.565409 0.777126 0.184906 0.016422
11 0.800629 0.778006 0.134591 0.019355
10 0.288679 0.798534 0.361006 0.019355
11 0.164780 0.821994 0.110692 0.022874
8 0.811950 0.821408 0.119497 0.018182
4 0.211321 0.862463 0.213836 0.021701
5 0.581132 0.865103 0.186164 0.025806
4 0.796855 0.865103 0.134591 0.021114
11 0.353459 0.887977 0.115723 0.021114
8 0.620755 0.887390 0.114465 0.018768
8 0.825157 0.885924 0.080503 0.021701
5 0.479245 0.953372 0.369811 0.019355
5 0.493711 0.972727 0.328302 0.022874
11 0.127044 0.884457 0.042767 0.019941