0 0.501126 0.121939 0.506757 0.015523
1 0.486486 0.138151 0.342342 0.015523
11 0.481982 0.156778 0.704955 0.016212
5 0.483671 0.175060 0.661036 0.014833
1 0.494932 0.191790 0.654279 0.015178
4 0.487613 0.208693 0.520270 0.016557
5 0.483108 0.226975 0.322072 0.016557
4 0.486486 0.242497 0.281532 0.014488
5 0.235360 0.278372 0.324324 0.013798
11 0.226914 0.295964 0.345721 0.014488
6 0.151464 0.313729 0.167793 0.013453
5 0.266892 0.331839 0.391892 0.016557
11 0.193131 0.347879 0.237613 0.015523
6 0.214527 0.365816 0.280405 0.013453
9 0.360923 0.382718 0.579955 0.014143
11 0.194257 0.400310 0.242117 0.014143
6 0.211712 0.417040 0.288288 0.014488
5 0.275901 0.437220 0.398649 0.017592
11 0.218468 0.452397 0.295045 0.015523
6 0.154279 0.469645 0.164414 0.013453
5 0.289414 0.486892 0.439189 0.017592
11 0.260698 0.505002 0.372748 0.013798
6 0.154842 0.521904 0.167793 0.012418
5 0.444820 0.540531 0.754505 0.016557
11 0.194820 0.557261 0.254505 0.017592
6 0.225788 0.574336 0.298423 0.014488
5 0.295608 0.592101 0.442568 0.017592
11 0.266329 0.609693 0.379505 0.013453
6 0.151464 0.627458 0.154279 0.014488
5 0.195383 0.662987 0.242117 0.017247
8 0.633446 0.313729 0.194820 0.013453
11 0.571509 0.364608 0.070946 0.016557
11 0.574324 0.417213 0.067568 0.014833
11 0.572635 0.470507 0.073198 0.013798
8 0.636824 0.522249 0.194820 0.013798
8 0.635135 0.575888 0.202703 0.015523
8 0.700450 0.627113 0.371622 0.015178
11 0.896959 0.278372 0.052928 0.012418
11 0.898649 0.331149 0.049550 0.013798
11 0.899212 0.382373 0.050676 0.013453
11 0.897523 0.435323 0.049550 0.013798
11 0.902027 0.487065 0.060811 0.014488
11 0.898649 0.541049 0.060811 0.013453
11 0.900338 0.592963 0.050676 0.013798
5 0.815878 0.663332 0.221847 0.015178
4 0.268581 0.696792 0.388514 0.015178
11 0.123874 0.714729 0.110360 0.012418
5 0.139640 0.731287 0.144144 0.014488
4 0.341779 0.766644 0.532658 0.014143
3 0.836712 0.697309 0.184685 0.012763
8 0.826577 0.715592 0.204955 0.015523
8 0.837838 0.732494 0.175676 0.013453
8 0.786036 0.765436 0.164414 0.016557
2 0.332207 0.800966 0.511261 0.013798
5 0.349099 0.818903 0.569820 0.016557
5 0.490991 0.852363 0.585586 0.013798
9 0.487050 0.869955 0.406532 0.015178
5 0.496059 0.888582 0.523649 0.016557
8 0.827703 0.313384 0.114865 0.014143
8 0.686937 0.365471 0.092342 0.012763
8 0.835586 0.365298 0.096847 0.015178
8 0.688626 0.417213 0.088964 0.012763
8 0.835586 0.417730 0.096847 0.013798
8 0.689189 0.470162 0.090090 0.013108
8 0.827703 0.469990 0.112613 0.014143
8 0.826577 0.521904 0.114865 0.013798
8 0.825450 0.575371 0.117117 0.013108
9 0.786036 0.801483 0.281532 0.013453
5 0.500563 0.939117 0.771396 0.014833
2 0.504505 0.956882 0.346847 0.013108