0 0.472594 0.149936 0.683155 0.027954
1 0.483957 0.170902 0.745989 0.025413
1 0.479278 0.193139 0.479947 0.020330
11 0.483289 0.216328 0.322193 0.018424
4 0.492647 0.236341 0.415775 0.021601
4 0.480615 0.257942 0.204545 0.016518
11 0.099599 0.301461 0.092246 0.017154
11 0.244652 0.303050 0.109626 0.017789
9 0.127005 0.344346 0.149733 0.016518
10 0.126337 0.365947 0.151070 0.016518
5 0.125000 0.386277 0.145722 0.016518
2 0.431818 0.385642 0.422460 0.016518
11 0.911765 0.381194 0.040107 0.015248
6 0.060160 0.429161 0.010695 0.014612
5 0.425134 0.427891 0.639037 0.018424
11 0.852941 0.425667 0.152406 0.017789
9 0.371658 0.344028 0.302139 0.017154
11 0.135027 0.451080 0.053476 0.017789
6 0.061497 0.472363 0.013369 0.015883
5 0.423128 0.471093 0.635027 0.017154
11 0.856283 0.468869 0.148396 0.016518
5 0.345588 0.365947 0.244652 0.015248
11 0.136364 0.493329 0.056150 0.014612
11 0.422460 0.494600 0.053476 0.018424
6 0.059492 0.514930 0.017380 0.015883
8 0.268717 0.515883 0.328877 0.017789
11 0.863636 0.512389 0.131016 0.017154
11 0.479947 0.450445 0.050802 0.017789
6 0.059492 0.557814 0.017380 0.017789
8 0.239305 0.558132 0.270053 0.017154
11 0.862968 0.555273 0.135027 0.017789
5 0.484626 0.907243 0.544118 0.020330
11 0.229947 0.579733 0.053476 0.017154
6 0.056818 0.621029 0.022727 0.015883
11 0.187834 0.621029 0.167112 0.015883
8 0.879679 0.619441 0.096257 0.016518
4 0.162433 0.641995 0.116310 0.015883
8 0.888369 0.640724 0.078877 0.015883
5 0.218583 0.663914 0.231283 0.016518
8 0.888369 0.661055 0.076203 0.015883
11 0.187166 0.721728 0.168449 0.017789
3 0.881016 0.712834 0.098930 0.030496
11 0.139706 0.741105 0.078877 0.015883
8 0.872326 0.739835 0.113636 0.015883
5 0.158422 0.776366 0.116310 0.019060
8 0.881016 0.770330 0.101604 0.029860
4 0.146390 0.840851 0.212567 0.022236
5 0.695187 0.842122 0.112299 0.017154
4 0.900401 0.840534 0.057487 0.016518
4 0.125668 0.860864 0.173797 0.017789
8 0.704545 0.864676 0.096257 0.016518
8 0.888369 0.862452 0.076203 0.017154