0 0.494073 0.131517 0.645474 0.020379
9 0.492996 0.151422 0.272629 0.014692
5 0.491918 0.174645 0.438578 0.015640
1 0.493534 0.197393 0.497845 0.016588
9 0.309267 0.232227 0.318966 0.017062
9 0.675647 0.233412 0.327586 0.014692
4 0.492457 0.256161 0.400862 0.016588
4 0.493534 0.283886 0.258621 0.017062
5 0.103987 0.303555 0.121767 0.015640
5 0.320043 0.327962 0.551724 0.015166
5 0.224138 0.348815 0.359914 0.016114
1 0.218211 0.369194 0.356681 0.016114
5 0.233297 0.392654 0.378233 0.016588
9 0.154095 0.414929 0.224138 0.016588
5 0.112608 0.435782 0.136853 0.014692
11 0.277478 0.437678 0.007543 0.013744
9 0.413254 0.436493 0.220905 0.015166
2 0.793642 0.436967 0.298491 0.015166
10 0.108297 0.459005 0.132543 0.016588
11 0.278556 0.460427 0.016164 0.014692
11 0.356681 0.459005 0.105603 0.014692
11 0.770474 0.461374 0.258621 0.016588
5 0.146552 0.483649 0.209052 0.016588
11 0.278017 0.484597 0.015086 0.013744
11 0.692888 0.484834 0.084052 0.016114
11 0.075431 0.531517 0.066810 0.014692
11 0.331358 0.534123 0.059267 0.016114
5 0.467134 0.532938 0.108836 0.012796
4 0.609914 0.517299 0.096983 0.016588
4 0.796875 0.517536 0.098060 0.014218
5 0.612069 0.532464 0.114224 0.014692
5 0.782328 0.533175 0.120690 0.014218
4 0.918103 0.535071 0.060345 0.015166
6 0.096983 0.552370 0.109914 0.013744
11 0.095905 0.572749 0.101293 0.014692
6 0.333513 0.552607 0.020474 0.015166
8 0.470366 0.552607 0.082974 0.015166
8 0.613147 0.554028 0.081897 0.014218
3 0.802802 0.554502 0.088362 0.014218
11 0.927263 0.554265 0.044181 0.014692
11 0.166487 0.599052 0.160560 0.018957
6 0.332435 0.597867 0.026940 0.012796
8 0.800647 0.599763 0.099138 0.016588
4 0.398168 0.636493 0.455819 0.018957
11 0.654634 0.637678 0.018319 0.013744
8 0.801724 0.636967 0.096983 0.017062
5 0.558190 0.663744 0.148707 0.014692
11 0.654634 0.663270 0.011853 0.012796
8 0.810345 0.665403 0.081897 0.014218
4 0.545259 0.690521 0.165948 0.016114
11 0.654095 0.691943 0.015086 0.012322
8 0.810884 0.692180 0.076509 0.014692
5 0.549569 0.719905 0.153017 0.018957
11 0.654634 0.718720 0.016164 0.012796
8 0.812500 0.718720 0.075431 0.012796
4 0.366379 0.747156 0.534483 0.021327
11 0.656250 0.746919 0.012931 0.014218
8 0.800647 0.746919 0.101293 0.015166
11 0.573276 0.772512 0.109914 0.015166
11 0.654634 0.774645 0.016164 0.011848
8 0.802263 0.773697 0.093750 0.016588
5 0.554418 0.797156 0.143319 0.018957
11 0.653556 0.795498 0.016164 0.012796
8 0.809267 0.796682 0.073276 0.015166
4 0.247845 0.843365 0.284483 0.016588
4 0.195582 0.868009 0.167026 0.016588
11 0.137931 0.888626 0.051724 0.014218
11 0.396552 0.868483 0.032328 0.016588
6 0.393858 0.889336 0.026940 0.012796
11 0.589440 0.869431 0.165948 0.014692
8 0.625000 0.890995 0.096983 0.014218
4 0.828125 0.870142 0.160560 0.016114
8 0.870690 0.890284 0.073276 0.012796
11 0.377155 0.912085 0.114224 0.014692
8 0.619612 0.912796 0.094828 0.016114
8 0.872306 0.914218 0.072198 0.014218
5 0.487069 0.953318 0.778017 0.017536