0 0.465102 0.083481 0.463297 0.024189
1 0.467509 0.106785 0.499398 0.022419
5 0.459687 0.130973 0.416366 0.023599
1 0.461492 0.154277 0.448857 0.023009
4 0.472323 0.179056 0.367028 0.021829
1 0.481949 0.202655 0.244284 0.020649
11 0.475331 0.226254 0.466907 0.024189
11 0.477738 0.249853 0.466907 0.024189
9 0.273767 0.299115 0.256318 0.021239
11 0.725632 0.293215 0.103490 0.017699
5 0.315884 0.322124 0.241877 0.020059
9 0.273767 0.346018 0.261131 0.021829
11 0.723225 0.340708 0.117930 0.021829
8 0.379663 0.368142 0.362214 0.022419
11 0.173887 0.418584 0.150421 0.019469
8 0.740674 0.412094 0.083032 0.019469
4 0.270758 0.440118 0.346570 0.021239
8 0.741276 0.435398 0.086643 0.018879
5 0.202768 0.465782 0.208183 0.020649
8 0.743682 0.458997 0.084236 0.017699
4 0.309266 0.486431 0.413959 0.023009
3 0.744284 0.481711 0.085439 0.018289
11 0.137786 0.513274 0.070999 0.017699
8 0.746089 0.505310 0.086643 0.018289
5 0.206980 0.535693 0.206980 0.021239
5 0.498195 0.531858 0.180505 0.019469
8 0.745487 0.528909 0.087846 0.019469
9 0.441035 0.556342 0.530686 0.025959
4 0.201564 0.584366 0.193742 0.020649
5 0.500000 0.579646 0.104693 0.019469
4 0.767148 0.575811 0.061372 0.020059
11 0.167870 0.607670 0.126354 0.020059
8 0.511432 0.602950 0.089049 0.018879
8 0.761131 0.599705 0.070999 0.018289
11 0.151625 0.630383 0.089049 0.019469
8 0.513237 0.625664 0.087846 0.019469
8 0.763538 0.623304 0.070999 0.018289
2 0.246691 0.653687 0.274368 0.023599
9 0.660048 0.647198 0.273165 0.021239
9 0.326715 0.674926 0.429603 0.023599
5 0.515644 0.720944 0.326113 0.021239
11 0.489771 0.743953 0.409146 0.024779
5 0.493381 0.767257 0.486161 0.021829
5 0.486161 0.790855 0.298436 0.021829