0 0.435832 0.081879 0.472681 0.024161
0 0.439009 0.105034 0.377382 0.024832
11 0.428208 0.127852 0.696315 0.027517
5 0.428844 0.149664 0.659466 0.025503
1 0.440915 0.172483 0.640407 0.025503
4 0.433291 0.194631 0.528590 0.024161
5 0.437103 0.217785 0.271919 0.022148
4 0.439009 0.239262 0.278272 0.022148
9 0.372300 0.285906 0.706480 0.028188
11 0.851970 0.278859 0.047014 0.018121
11 0.123888 0.311745 0.194409 0.020805
6 0.163914 0.334228 0.287166 0.021477
8 0.590851 0.327181 0.193139 0.020805
8 0.780178 0.325168 0.109276 0.020805
5 0.211563 0.356040 0.364676 0.022148
11 0.855781 0.346309 0.041931 0.021477
11 0.168996 0.379530 0.279543 0.022148
6 0.106734 0.401007 0.147395 0.022148
11 0.533672 0.395973 0.066074 0.021477
8 0.646760 0.394295 0.088945 0.022148
8 0.794790 0.392617 0.085133 0.021477
5 0.236976 0.423154 0.410419 0.023490
11 0.860229 0.413758 0.045743 0.022148
11 0.173443 0.446309 0.278272 0.021477
6 0.175349 0.469128 0.274460 0.021477
11 0.536849 0.463423 0.062262 0.020805
8 0.651842 0.462081 0.088945 0.019463
8 0.797967 0.459732 0.088945 0.018792
9 0.217916 0.490604 0.362135 0.021477
11 0.864676 0.481208 0.044473 0.022819
11 0.231893 0.513758 0.385006 0.023490
6 0.178526 0.536242 0.275731 0.021477
11 0.540025 0.531544 0.060991 0.021477
8 0.653748 0.529530 0.087675 0.021477
8 0.801779 0.528188 0.088945 0.020134
5 0.169632 0.559060 0.255400 0.022819
11 0.869123 0.548658 0.043202 0.020805
6 0.097205 0.582886 0.108005 0.022148
11 0.540025 0.576510 0.063532 0.021477
8 0.655654 0.573826 0.091487 0.018792
8 0.805591 0.572483 0.088945 0.020134
5 0.166455 0.626510 0.236341 0.022148
5 0.787166 0.616779 0.212198 0.022819
4 0.241423 0.670134 0.386277 0.024832
3 0.806226 0.660738 0.171537 0.020805
11 0.095299 0.693960 0.088945 0.021477
8 0.799238 0.683221 0.193139 0.021477
5 0.113723 0.717450 0.130877 0.021477
8 0.811309 0.706040 0.174079 0.021477
4 0.319568 0.760067 0.527319 0.028859
8 0.759212 0.753691 0.151207 0.022819
2 0.312579 0.804362 0.505718 0.027517
9 0.766836 0.796644 0.275731 0.021477
10 0.312579 0.827517 0.513342 0.026846
5 0.475858 0.869799 0.575604 0.026846
9 0.472046 0.891611 0.400254 0.023490
5 0.482846 0.915101 0.505718 0.024832