0 0.505068 0.160962 0.733108 0.019345
1 0.508446 0.186756 0.692568 0.017361
1 0.507320 0.212550 0.606982 0.018353
9 0.509572 0.240575 0.672297 0.016865
5 0.510698 0.267113 0.519144 0.018353
0 0.512950 0.298859 0.588964 0.018353
4 0.510135 0.326141 0.509009 0.019345
4 0.512387 0.360119 0.250000 0.015873
9 0.188063 0.392361 0.209459 0.015873
11 0.136261 0.419147 0.112613 0.017857
5 0.177928 0.446181 0.195946 0.016369
11 0.710586 0.479911 0.076577 0.020337
11 0.878941 0.480903 0.111486 0.019345
5 0.201577 0.510417 0.231982 0.016865
11 0.155968 0.535714 0.057432 0.014881
3 0.320383 0.535714 0.115991 0.016865
8 0.701014 0.535714 0.118243 0.015873
11 0.907095 0.535218 0.059685 0.014881
11 0.356419 0.570685 0.170045 0.016369
8 0.699324 0.570933 0.117117 0.014881
4 0.282095 0.602183 0.311937 0.015873
8 0.703829 0.601438 0.123874 0.014385
4 0.287725 0.628472 0.300676 0.014881
8 0.703829 0.628968 0.119369 0.014881
5 0.349662 0.671131 0.179054 0.017857
8 0.698761 0.670883 0.115991 0.016369
5 0.319257 0.697173 0.244369 0.019345
8 0.722410 0.695437 0.086712 0.016865
11 0.228041 0.734127 0.271396 0.019841
4 0.222973 0.771825 0.256757 0.019841
5 0.518018 0.770089 0.222973 0.021329
4 0.796734 0.769593 0.163288 0.020337
11 0.128941 0.798115 0.061937 0.017857
11 0.291667 0.800347 0.110360 0.019345
8 0.572635 0.798611 0.118243 0.016865
8 0.832207 0.797619 0.078829 0.014881
5 0.503378 0.897073 0.234234 0.017361
5 0.502252 0.920635 0.569820 0.019841
9 0.459459 0.390873 0.193694 0.016865
2 0.515766 0.418403 0.299550 0.017361
6 0.379505 0.446181 0.022523 0.015377