0 0.502408 0.131140 0.834671 0.025023
11 0.499197 0.162187 0.372392 0.027804
5 0.498395 0.190454 0.232745 0.025023
1 0.499197 0.222428 0.410915 0.025950
5 0.500000 0.250232 0.210273 0.024096
11 0.496790 0.278035 0.348315 0.022243
4 0.484751 0.309082 0.504013 0.025023
9 0.130819 0.371177 0.107544 0.021316
1 0.467095 0.373957 0.272873 0.023170
11 0.119583 0.401297 0.078652 0.020389
2 0.562600 0.402688 0.463884 0.021316
10 0.138844 0.430491 0.123596 0.021316
11 0.402087 0.431418 0.136437 0.021316
5 0.150883 0.462002 0.144462 0.021316
11 0.389246 0.462929 0.117175 0.019462
5 0.233547 0.509731 0.306581 0.024096
5 0.817817 0.509731 0.168539 0.024096
8 0.355538 0.538462 0.473515 0.024096
11 0.853130 0.539388 0.171750 0.022243
5 0.359551 0.569972 0.484751 0.024096
11 0.853130 0.569972 0.171750 0.022243
8 0.208668 0.597776 0.102729 0.020389
5 0.309791 0.629750 0.382022 0.021316
11 0.860353 0.628823 0.150883 0.021316
8 0.316212 0.660334 0.404494 0.023170
11 0.861958 0.660797 0.147673 0.022243
6 0.130819 0.690454 0.024077 0.022243
11 0.559390 0.692308 0.120385 0.024096
8 0.819422 0.690918 0.107544 0.019462
5 0.528892 0.723355 0.181380 0.023170
11 0.823435 0.723818 0.093098 0.027804
11 0.428571 0.752549 0.385233 0.025950
8 0.830658 0.751158 0.081862 0.021316
4 0.568218 0.781279 0.099518 0.024096
8 0.829053 0.780816 0.081862 0.021316
11 0.501605 0.810009 0.232745 0.022243
8 0.820225 0.808619 0.102729 0.021316
5 0.424559 0.840593 0.390048 0.024096
8 0.827448 0.839203 0.081862 0.021316
11 0.523274 0.875348 0.189406 0.023170
3 0.819422 0.874421 0.104334 0.021316
4 0.224719 0.928174 0.237560 0.023170
11 0.401284 0.927711 0.032103 0.016682
5 0.602729 0.928174 0.194222 0.021316
4 0.808186 0.928174 0.142857 0.023170
11 0.133226 0.955978 0.054575 0.021316
8 0.393258 0.956441 0.073836 0.018536
8 0.650883 0.956441 0.097913 0.018536
8 0.834671 0.956905 0.070626 0.021316