0 0.500000 0.063362 0.908497 0.019828
1 0.495915 0.083621 0.439542 0.018966
1 0.492647 0.104741 0.491830 0.019828
9 0.338235 0.123707 0.303922 0.019828
4 0.500817 0.143966 0.397059 0.018966
4 0.498366 0.185345 0.571895 0.031034
11 0.608660 0.234483 0.436275 0.031034
2 0.671569 0.263793 0.316993 0.018966
5 0.314542 0.294828 0.573529 0.029310
5 0.265523 0.323707 0.462418 0.018103
5 0.178922 0.344397 0.292484 0.018103
1 0.297386 0.363793 0.535948 0.017241
1 0.236111 0.380603 0.400327 0.018103
2 0.534314 0.401293 0.261438 0.019828
5 0.136438 0.427155 0.220588 0.018103
11 0.308824 0.426724 0.065359 0.017241
11 0.386438 0.425862 0.060458 0.017241
11 0.464869 0.426293 0.060458 0.016379
11 0.540850 0.425862 0.026144 0.017241
11 0.611111 0.426724 0.081699 0.017241
11 0.750817 0.427155 0.142157 0.018103
5 0.124183 0.458621 0.199346 0.017241
8 0.298203 0.458621 0.083333 0.017241
6 0.406046 0.458190 0.024510 0.016379
6 0.483660 0.458621 0.029412 0.015517
6 0.540033 0.458621 0.027778 0.017241
6 0.637255 0.458621 0.022876 0.015517
8 0.773693 0.459052 0.102941 0.018103
5 0.114379 0.479741 0.179739 0.016379
8 0.297386 0.478879 0.081699 0.016379
6 0.406863 0.478448 0.026144 0.015517
6 0.481209 0.478448 0.024510 0.017241
6 0.541667 0.479310 0.021242 0.015517
6 0.637255 0.478448 0.026144 0.015517
8 0.772876 0.478879 0.101307 0.016379
5 0.116013 0.498707 0.183007 0.018103
8 0.300654 0.498707 0.084967 0.018103
6 0.406046 0.498707 0.024510 0.016379
6 0.482026 0.498707 0.022876 0.018103
6 0.539216 0.499138 0.026144 0.017241
6 0.637255 0.498276 0.022876 0.017241
8 0.782680 0.498707 0.084967 0.016379
11 0.468954 0.534052 0.349673 0.037069
8 0.774510 0.531034 0.107843 0.032759
5 0.115196 0.567241 0.184641 0.018966
8 0.299837 0.567672 0.080065 0.018103
6 0.398693 0.567672 0.042484 0.016379
6 0.483660 0.568103 0.029412 0.015517
6 0.539216 0.567241 0.026144 0.017241
6 0.629085 0.567241 0.042484 0.017241
8 0.772059 0.566810 0.102941 0.016379
4 0.350490 0.603448 0.586601 0.034483
8 0.772876 0.602155 0.101307 0.030172
4 0.603758 0.643103 0.083333 0.029310
8 0.781046 0.642241 0.088235 0.029310
4 0.364379 0.688362 0.562092 0.037069
8 0.771242 0.687069 0.104575 0.029310
11 0.471405 0.728879 0.364379 0.037069
8 0.768791 0.726724 0.106209 0.027586
11 0.509804 0.771552 0.274510 0.039655
3 0.771242 0.769397 0.104575 0.028448
11 0.051471 0.815948 0.037582 0.019828
5 0.467320 0.838362 0.866013 0.019828
5 0.411765 0.858190 0.758170 0.018103
5 0.469771 0.878879 0.870915 0.018103
4 0.391340 0.899569 0.720588 0.019828
4 0.410948 0.920259 0.766340 0.019828
5 0.181373 0.939655 0.297386 0.017241
5 0.494281 0.961638 0.393791 0.018103
9 0.662582 0.122845 0.302288 0.018103
11 0.747549 0.401293 0.096405 0.019828
11 0.055556 0.261207 0.049020 0.020690