0 0.501634 0.131768 0.741830 0.023089
9 0.500817 0.152866 0.236928 0.020701
1 0.500817 0.178742 0.753268 0.021497
5 0.503268 0.203025 0.624183 0.019108
5 0.500000 0.226115 0.385621 0.020701
1 0.500817 0.250000 0.419935 0.020701
9 0.309641 0.274682 0.318627 0.019108
9 0.682190 0.274682 0.357843 0.019108
4 0.505719 0.300557 0.419935 0.019904
4 0.504902 0.329220 0.271242 0.018312
5 0.118464 0.360669 0.142157 0.017516
9 0.404412 0.359873 0.253268 0.019108
2 0.806373 0.358678 0.305556 0.019904
10 0.113562 0.385350 0.135621 0.019108
11 0.353758 0.385748 0.148693 0.018312
11 0.790033 0.383758 0.269608 0.022293
5 0.172386 0.413615 0.250000 0.019904
11 0.705882 0.412818 0.084967 0.018312
11 0.083333 0.466162 0.071895 0.016720
11 0.344771 0.466561 0.065359 0.015924
5 0.477941 0.464968 0.112745 0.015924
4 0.624183 0.447850 0.094771 0.019904
5 0.626634 0.465366 0.116013 0.016720
4 0.811275 0.447054 0.096405 0.019904
5 0.799020 0.464172 0.124183 0.015924
4 0.924020 0.464968 0.063725 0.015924
6 0.098856 0.487261 0.093137 0.017516
8 0.343954 0.486465 0.086601 0.015924
8 0.482026 0.486465 0.088235 0.015924
8 0.625000 0.486067 0.086601 0.016720
3 0.797386 0.486465 0.130719 0.015924
11 0.921569 0.486465 0.071895 0.017516
5 0.366013 0.507166 0.320261 0.020701
11 0.174837 0.557723 0.160131 0.019904
8 0.342320 0.556529 0.096405 0.017516
8 0.794935 0.556529 0.145425 0.017516
4 0.429739 0.588774 0.496732 0.021497
8 0.796569 0.587978 0.148693 0.019904
5 0.588235 0.618631 0.186275 0.019108
8 0.828431 0.619029 0.078431 0.018312
4 0.575980 0.648885 0.210784 0.019108
8 0.828431 0.649283 0.081699 0.016720
5 0.581699 0.682325 0.199346 0.020701
8 0.829248 0.680732 0.080065 0.017516
4 0.395425 0.712978 0.568627 0.021497
8 0.794118 0.712580 0.150327 0.019108
11 0.607026 0.742038 0.148693 0.019108
8 0.798203 0.743631 0.151961 0.019108
5 0.589869 0.767118 0.183007 0.023089
8 0.818627 0.765525 0.101307 0.016720
4 0.257353 0.822054 0.282680 0.016720
4 0.205065 0.849522 0.171569 0.017516
11 0.410131 0.849920 0.039216 0.016720
11 0.604575 0.849522 0.169935 0.017516
4 0.847222 0.849522 0.168301 0.017516
11 0.160948 0.874602 0.080065 0.018312
6 0.410948 0.874204 0.024510 0.015924
8 0.616830 0.874602 0.148693 0.018312
8 0.888889 0.873408 0.078431 0.017516
11 0.390523 0.900876 0.117647 0.018312
8 0.613562 0.900478 0.151961 0.019108
8 0.889706 0.900478 0.080065 0.017516
5 0.506536 0.945462 0.800654 0.018312