11 0.496198 0.132901 0.508238 0.060384
5 0.487959 0.200621 0.593156 0.029910
0 0.476553 0.264673 0.755387 0.018059
1 0.473384 0.286117 0.231939 0.020316
5 0.476553 0.306151 0.334601 0.020880
1 0.474018 0.326185 0.590621 0.019187
1 0.474018 0.345090 0.400507 0.016366
11 0.475285 0.364560 0.684411 0.019187
4 0.472750 0.384594 0.562738 0.020880
4 0.337136 0.419300 0.600760 0.016930
2 0.833333 0.419582 0.168568 0.016366
10 0.191381 0.442720 0.324461 0.016366
11 0.833967 0.443284 0.149556 0.016366
1 0.186946 0.480813 0.300380 0.015801
6 0.190748 0.498025 0.275032 0.017494
11 0.641952 0.498307 0.110266 0.013544
11 0.836502 0.499153 0.134347 0.014108
5 0.272497 0.533296 0.466413 0.015801
6 0.189480 0.551072 0.264892 0.014108
11 0.628010 0.551354 0.135615 0.014673
11 0.837769 0.552483 0.136882 0.014673
11 0.096958 0.597065 0.120406 0.013544
4 0.508238 0.596783 0.349810 0.016366
3 0.858682 0.597630 0.089987 0.013544
11 0.066540 0.622743 0.057034 0.015237
5 0.602662 0.623025 0.150824 0.014673
8 0.868821 0.622460 0.072243 0.012415
11 0.138783 0.645880 0.201521 0.017494
8 0.328264 0.645034 0.070976 0.011287
11 0.640051 0.645598 0.083650 0.013544
8 0.858048 0.645880 0.096324 0.012980
5 0.624842 0.668454 0.114068 0.012980
11 0.637516 0.695542 0.081115 0.012980
8 0.852345 0.695542 0.110266 0.012980
5 0.617237 0.724041 0.121673 0.014673
8 0.863752 0.722348 0.087452 0.014673
4 0.148289 0.749718 0.215463 0.014108
11 0.384030 0.748589 0.101394 0.012980
4 0.584918 0.748589 0.196451 0.012980
11 0.138150 0.773702 0.124208 0.012415
8 0.387199 0.772856 0.095057 0.011851
8 0.641318 0.773702 0.070976 0.012415
11 0.138150 0.798251 0.119138 0.014108
8 0.388466 0.799379 0.089987 0.012980
8 0.641318 0.798533 0.078580 0.012415
5 0.481622 0.837190 0.205323 0.014108
5 0.481622 0.854966 0.519645 0.015801
5 0.482256 0.889391 0.660330 0.015801
4 0.483523 0.906603 0.754119 0.015237
5 0.484157 0.922686 0.562738 0.015801
9 0.494297 0.985327 0.281369 0.012415
6 0.145120 0.621050 0.024081 0.012980