0 0.443627 0.199865 0.757353 0.019291
1 0.330882 0.216913 0.536765 0.019291
5 0.198529 0.237550 0.274510 0.020188
5 0.167279 0.259982 0.209559 0.021086
9 0.231618 0.282414 0.338235 0.020188
0 0.311275 0.306415 0.497549 0.019740
4 0.300858 0.328174 0.476716 0.021086
11 0.753676 0.374383 0.049020 0.022880
9 0.377451 0.396366 0.617647 0.018394
9 0.377451 0.419246 0.627451 0.021086
9 0.377451 0.442799 0.620098 0.020637
9 0.376225 0.466128 0.625000 0.021534
5 0.246936 0.488111 0.366422 0.020637
11 0.243260 0.510543 0.180147 0.019740
8 0.837623 0.397263 0.094363 0.020188
8 0.841299 0.420144 0.094363 0.020188
8 0.841299 0.443697 0.099265 0.021534
8 0.839461 0.466128 0.095588 0.021534
11 0.844363 0.489457 0.134804 0.019740
3 0.832108 0.512337 0.112745 0.018843
11 0.940564 0.397488 0.030637 0.019740
11 0.941176 0.420592 0.029412 0.019291
11 0.939951 0.442799 0.029412 0.019740
11 0.939338 0.466577 0.028186 0.017945
4 0.243873 0.555406 0.360294 0.020637
11 0.112132 0.577838 0.094363 0.021534
8 0.830882 0.556303 0.120098 0.019740
8 0.830882 0.578735 0.115196 0.018843
5 0.310049 0.623374 0.495098 0.020188
8 0.833333 0.624047 0.112745 0.020637
4 0.098652 0.645132 0.077206 0.018843
11 0.076593 0.668237 0.033088 0.018394
11 0.243260 0.646703 0.099265 0.021983
6 0.243260 0.667564 0.050245 0.019740
4 0.509804 0.646254 0.176471 0.021086
8 0.522672 0.668461 0.113971 0.019740
4 0.764093 0.646478 0.160539 0.021534
8 0.730392 0.669583 0.090686 0.020188
1 0.508578 0.713773 0.492647 0.021534
5 0.495098 0.736429 0.257353 0.020188
5 0.498162 0.757963 0.469363 0.021983
5 0.507966 0.781741 0.665441 0.021086
5 0.510417 0.803724 0.621324 0.020188
5 0.496324 0.826604 0.335784 0.021086
0 0.497549 0.849484 0.779412 0.021086
5 0.509191 0.871018 0.805147 0.021983
9 0.498162 0.894123 0.868873 0.022432
5 0.507966 0.916330 0.670343 0.021086
4 0.507353 0.939210 0.674020 0.021086
11 0.368260 0.959847 0.116422 0.020188
2 0.620711 0.961193 0.182598 0.021983