0 0.433476 0.156900 0.354077 0.020263
9 0.427039 0.179901 0.225322 0.021358
5 0.431330 0.204819 0.542918 0.021906
1 0.437768 0.227820 0.620172 0.024096
1 0.432403 0.252191 0.422747 0.023549
4 0.430258 0.274644 0.459227 0.023549
4 0.409871 0.321468 0.414163 0.024096
9 0.203326 0.368291 0.305794 0.021358
10 0.544528 0.368565 0.305794 0.021906
11 0.087446 0.391019 0.078326 0.019715
2 0.386803 0.391840 0.395923 0.021358
5 0.156652 0.438938 0.210300 0.022453
11 0.363197 0.439759 0.061159 0.021906
5 0.533798 0.440033 0.136266 0.022453
11 0.683476 0.439485 0.094421 0.021358
4 0.778970 0.438938 0.062232 0.019168
11 0.118026 0.485487 0.130901 0.023549
11 0.346567 0.508488 0.057940 0.019168
8 0.524142 0.508488 0.078326 0.020263
8 0.694742 0.510131 0.082618 0.019168
11 0.778433 0.509858 0.061159 0.019715
11 0.126609 0.530942 0.152361 0.023549
11 0.342811 0.555038 0.059013 0.020263
8 0.522532 0.555586 0.077253 0.019168
8 0.694742 0.555860 0.076180 0.019715
11 0.776824 0.555860 0.057940 0.020811
5 0.152361 0.578587 0.208155 0.021358
11 0.344957 0.601588 0.056867 0.018072
8 0.522532 0.602136 0.083691 0.018072
8 0.693133 0.601862 0.079399 0.018620
11 0.777361 0.602136 0.061159 0.021358
5 0.136803 0.624042 0.172747 0.022453
11 0.341738 0.646495 0.061159 0.018072
8 0.523069 0.648412 0.080472 0.019715
8 0.692597 0.647590 0.078326 0.019168
11 0.777897 0.647317 0.057940 0.019715
6 0.162554 0.693045 0.230687 0.020263
4 0.255365 0.717415 0.414163 0.021906
3 0.767167 0.717141 0.077253 0.019168
4 0.287554 0.739595 0.469957 0.022453
8 0.768777 0.739595 0.078326 0.020263
11 0.157725 0.762596 0.214592 0.020263
8 0.728004 0.764239 0.149142 0.020263
11 0.106760 0.808598 0.112661 0.020263
8 0.767167 0.810241 0.079399 0.019168
4 0.152897 0.879244 0.211373 0.022453
5 0.521996 0.879244 0.189914 0.021358
4 0.738734 0.880066 0.134120 0.021906
11 0.079936 0.900602 0.061159 0.019168
11 0.296674 0.902245 0.112661 0.023549
8 0.578326 0.902245 0.077253 0.020263
8 0.766094 0.901972 0.075107 0.018620