0 0.447072 0.156236 0.560811 0.018070
5 0.458333 0.178713 0.538288 0.018070
5 0.449324 0.199207 0.277027 0.016747
1 0.461712 0.222345 0.423423 0.018951
5 0.451014 0.243059 0.361486 0.016307
4 0.462838 0.265535 0.504505 0.017188
1 0.470158 0.310489 0.564189 0.018070
11 0.142455 0.354561 0.145270 0.017188
6 0.469595 0.353680 0.126126 0.017188
2 0.791667 0.354561 0.162162 0.018070
5 0.340653 0.399515 0.541667 0.017188
11 0.780405 0.398634 0.182432 0.017188
8 0.239865 0.420670 0.261261 0.016307
5 0.340090 0.442265 0.542793 0.017188
11 0.778153 0.442926 0.184685 0.016747
5 0.340653 0.465183 0.541667 0.016307
11 0.791104 0.465624 0.163288 0.018070
5 0.340653 0.487660 0.543919 0.017188
11 0.778716 0.486999 0.181306 0.016747
8 0.233108 0.510577 0.240991 0.016307
5 0.319820 0.532393 0.504505 0.016747
11 0.787162 0.531291 0.164414 0.017188
5 0.341779 0.554209 0.539414 0.016307
11 0.790541 0.553989 0.162162 0.015866
11 0.233108 0.575804 0.236486 0.016307
5 0.337838 0.598722 0.545045 0.016307
11 0.779842 0.596959 0.181306 0.017188
8 0.242117 0.620978 0.263514 0.016747
4 0.373311 0.664390 0.604730 0.017188
5 0.452140 0.687528 0.440315 0.020273
11 0.797860 0.686426 0.066441 0.016307
5 0.561374 0.708903 0.224099 0.020714
3 0.773649 0.707580 0.119369 0.016307
5 0.581081 0.730057 0.180180 0.016307
8 0.769707 0.729176 0.118243 0.016307
5 0.581081 0.751432 0.184685 0.015866
11 0.801239 0.752314 0.061937 0.015866
4 0.183559 0.797708 0.222973 0.019392
5 0.490428 0.796166 0.199324 0.016307
4 0.779279 0.795505 0.139640 0.015866
11 0.134009 0.819304 0.126126 0.016747
8 0.539414 0.818202 0.101351 0.016307
8 0.810248 0.817320 0.082207 0.016307
11 0.135135 0.841340 0.123874 0.015866
8 0.531532 0.840458 0.121622 0.015866
11 0.823761 0.839797 0.061937 0.016307
5 0.453266 0.907448 0.559685 0.019392
9 0.463964 0.929484 0.779279 0.020273
8 0.769707 0.664390 0.120495 0.016307