0 0.453030 0.176589 0.769697 0.029767
4 0.470455 0.213194 0.534848 0.028962
5 0.474242 0.249799 0.687879 0.029767
1 0.465152 0.290426 0.736364 0.033789
9 0.474242 0.326227 0.806061 0.032985
4 0.463636 0.362027 0.290909 0.032180
6 0.165152 0.441673 0.190909 0.032180
2 0.474242 0.440869 0.266667 0.033789
11 0.757576 0.440467 0.133333 0.032985
11 0.150758 0.479485 0.159091 0.032180
6 0.798485 0.477876 0.169697 0.035398
8 0.182576 0.557924 0.210606 0.029767
3 0.714394 0.557522 0.216667 0.032180
5 0.155303 0.593323 0.162121 0.026549
11 0.184848 0.629525 0.209091 0.032985
11 0.714394 0.627916 0.219697 0.031376
4 0.221212 0.701529 0.290909 0.028962
11 0.611364 0.700724 0.210606 0.032180
4 0.157576 0.738134 0.166667 0.032985
11 0.634848 0.736122 0.166667 0.030571
5 0.184091 0.854385 0.216667 0.038616
11 0.145455 0.889783 0.142424 0.037007
11 0.609091 0.888978 0.424242 0.030571