0 0.464019 0.214510 0.268897 0.009122
2 0.465027 0.226126 0.099980 0.010690
1 0.463717 0.237885 0.059464 0.009692
1 0.463415 0.249359 0.230599 0.008979
1 0.464019 0.260476 0.176577 0.010120
4 0.462205 0.272092 0.074985 0.008552
9 0.398912 0.283922 0.164886 0.008552
11 0.328865 0.299957 0.024793 0.009835
11 0.420782 0.300955 0.019553 0.010120
11 0.597460 0.299316 0.027011 0.009407
9 0.388329 0.314994 0.141302 0.010547
8 0.331385 0.326896 0.031042 0.008124
6 0.413929 0.326753 0.005846 0.007269
8 0.595243 0.326468 0.030639 0.008124
9 0.390244 0.345639 0.147551 0.010547
8 0.332090 0.357611 0.030034 0.009407
6 0.413525 0.357469 0.006249 0.006556
8 0.594638 0.357611 0.030639 0.009407
9 0.414433 0.375926 0.195928 0.010120
8 0.331183 0.388255 0.029430 0.008552
6 0.413929 0.388042 0.005846 0.008124
8 0.594235 0.387614 0.031042 0.008124
9 0.400020 0.406143 0.168313 0.010120
8 0.331183 0.419399 0.029430 0.008979
6 0.413525 0.419399 0.006249 0.007269
8 0.594336 0.418757 0.030034 0.008552
3 0.555533 0.439567 0.106027 0.009407
4 0.564805 0.451254 0.094739 0.009122
3 0.566216 0.463227 0.087079 0.008552
5 0.355070 0.481115 0.079621 0.010120
5 0.588591 0.479689 0.042733 0.008979
11 0.332493 0.492873 0.035678 0.007697
8 0.593731 0.492446 0.030034 0.007697
5 0.335920 0.506129 0.043741 0.010547
8 0.593126 0.504704 0.030034 0.008552
4 0.349627 0.533851 0.067527 0.008979
5 0.489619 0.534065 0.045555 0.008552
4 0.594235 0.533637 0.031042 0.008552
4 0.350433 0.547463 0.069139 0.007697
8 0.503225 0.546964 0.020762 0.007269
8 0.598468 0.547178 0.020157 0.007697
4 0.460895 0.564709 0.138883 0.009407
5 0.461197 0.577109 0.190284 0.010547
4 0.460189 0.588369 0.126184 0.009407
5 0.460593 0.600342 0.139488 0.010547
5 0.459988 0.611602 0.172949 0.009407
5 0.460492 0.624501 0.152187 0.010975