0 0.504870 0.064542 0.902597 0.019608
1 0.496753 0.083742 0.451299 0.018791
1 0.497565 0.103350 0.485390 0.018791
9 0.340097 0.120507 0.300325 0.018791
4 0.505682 0.139706 0.391234 0.019608
4 0.500812 0.179739 0.569805 0.031046
11 0.611201 0.226307 0.430195 0.029412
9 0.105519 0.252859 0.139610 0.018791
2 0.673701 0.254493 0.314935 0.017157
5 0.320617 0.283088 0.573052 0.026961
5 0.271104 0.310866 0.464286 0.020425
5 0.184253 0.330474 0.293831 0.018791
1 0.297890 0.350082 0.524351 0.017157
1 0.238636 0.367239 0.402597 0.017157
2 0.535714 0.385621 0.259740 0.017974
5 0.140422 0.410131 0.219156 0.016340
11 0.311688 0.409722 0.061688 0.015523
11 0.389610 0.409314 0.058442 0.016340
11 0.465909 0.409722 0.061688 0.013889
11 0.543019 0.409314 0.024351 0.016340
11 0.607955 0.410131 0.082792 0.016340
11 0.751623 0.410948 0.139610 0.016340
5 0.129870 0.438725 0.194805 0.016340
8 0.303571 0.440359 0.081169 0.016340
6 0.408279 0.439951 0.024351 0.015523
6 0.483766 0.439951 0.025974 0.015523
6 0.542208 0.439134 0.022727 0.015523
6 0.637987 0.439134 0.022727 0.015523
8 0.780844 0.439951 0.081169 0.015523
5 0.118506 0.457925 0.181818 0.015523
8 0.302760 0.458742 0.082792 0.015523
6 0.407468 0.457925 0.022727 0.015523
6 0.485390 0.458742 0.025974 0.015523
6 0.543019 0.458333 0.024351 0.014706
11 0.627435 0.458742 0.040584 0.015523
8 0.772727 0.459150 0.097403 0.014706
5 0.119318 0.477124 0.183442 0.016340
8 0.301948 0.476716 0.081169 0.013889
6 0.409091 0.477124 0.025974 0.014706
6 0.484578 0.477533 0.024351 0.015523
6 0.543019 0.477533 0.024351 0.015523
6 0.637987 0.477124 0.025974 0.014706
8 0.772727 0.477533 0.097403 0.015523
11 0.474838 0.511438 0.352273 0.035948
8 0.771916 0.510212 0.102273 0.028595
5 0.131494 0.544118 0.207792 0.017974
8 0.301136 0.544935 0.082792 0.016340
6 0.400974 0.544935 0.042208 0.016340
6 0.486201 0.544935 0.027597 0.016340
6 0.542208 0.544526 0.025974 0.015523
6 0.630682 0.544935 0.043831 0.016340
8 0.772727 0.544526 0.097403 0.015523
5 0.102273 0.564542 0.142857 0.016340
8 0.302760 0.564134 0.082792 0.015523
6 0.398539 0.563725 0.043831 0.014706
6 0.485390 0.564134 0.025974 0.015523
6 0.542208 0.563725 0.022727 0.014706
6 0.628247 0.563725 0.045455 0.014706
8 0.772727 0.564951 0.097403 0.013889
5 0.131494 0.583333 0.198052 0.016340
8 0.303571 0.582925 0.081169 0.015523
6 0.408279 0.582516 0.024351 0.014706
6 0.485390 0.583742 0.025974 0.015523
6 0.542208 0.582925 0.022727 0.013889
6 0.637987 0.583742 0.022727 0.013889
8 0.771104 0.583742 0.100649 0.015523
4 0.353896 0.617239 0.574675 0.035131
8 0.772727 0.615605 0.103896 0.026961
4 0.606331 0.653186 0.076299 0.026961
8 0.780844 0.653595 0.084416 0.027778
4 0.366071 0.696487 0.563312 0.035131
8 0.769481 0.695670 0.100649 0.028595
11 0.471591 0.734886 0.345779 0.035131
8 0.770292 0.733660 0.099026 0.027778
11 0.512175 0.776552 0.277597 0.035131
3 0.763799 0.774101 0.121753 0.028595
11 0.112825 0.819853 0.150974 0.017157
5 0.473214 0.839869 0.875000 0.017974
5 0.418831 0.859069 0.762987 0.018791
5 0.474838 0.879085 0.868506 0.017974
4 0.401786 0.897876 0.725649 0.019608
4 0.419643 0.917075 0.761364 0.018791
5 0.184253 0.935866 0.297078 0.017157
5 0.500812 0.957516 0.391234 0.019608
9 0.664773 0.120915 0.300325 0.016340
11 0.747565 0.386438 0.092532 0.017974