0 0.416845 0.160874 0.353004 0.023543
9 0.410944 0.186659 0.216738 0.019058
5 0.417382 0.211883 0.540773 0.023543
1 0.428648 0.235426 0.631974 0.023543
1 0.418991 0.258969 0.413090 0.021300
4 0.421137 0.280830 0.462446 0.019058
9 0.193133 0.376121 0.304721 0.024664
10 0.526824 0.377803 0.291845 0.025785
11 0.077253 0.402747 0.077253 0.018498
2 0.378219 0.403587 0.402361 0.023543
5 0.145923 0.450112 0.210300 0.021300
11 0.348712 0.450112 0.062232 0.021300
5 0.520923 0.449552 0.138412 0.024664
11 0.675429 0.450673 0.095494 0.024664
4 0.771459 0.449552 0.060086 0.026906
11 0.109979 0.498879 0.138412 0.028027
11 0.334764 0.521861 0.064378 0.024664
8 0.515558 0.520179 0.080472 0.025785
8 0.686159 0.520740 0.078326 0.022422
11 0.777897 0.520179 0.045064 0.028027
5 0.144850 0.545964 0.216738 0.028027
11 0.335837 0.569507 0.066524 0.024664
8 0.515558 0.569507 0.080472 0.026906
8 0.687232 0.568946 0.080472 0.023543
11 0.778970 0.567825 0.047210 0.021300
5 0.126073 0.594731 0.170601 0.023543
11 0.331545 0.616031 0.066524 0.021300
8 0.511266 0.614910 0.089056 0.023543
8 0.687232 0.614350 0.084764 0.024664
11 0.777897 0.615471 0.049356 0.024664
6 0.159871 0.663117 0.238197 0.024664
4 0.248391 0.687780 0.419528 0.029148
8 0.761266 0.686659 0.082618 0.020179
4 0.201717 0.709081 0.326180 0.021300
8 0.759120 0.710202 0.082618 0.019058
4 0.275215 0.733744 0.477468 0.023543
3 0.759120 0.733744 0.082618 0.023543
11 0.149142 0.757848 0.221030 0.024664
8 0.719421 0.757287 0.157725 0.021300
11 0.102468 0.803812 0.127682 0.025785
8 0.762339 0.804933 0.080472 0.021300
4 0.144850 0.876121 0.216738 0.021300
5 0.513412 0.875561 0.187768 0.022422
4 0.729077 0.876121 0.138412 0.025785
11 0.061159 0.900785 0.045064 0.025785
11 0.287017 0.900785 0.114807 0.021300
8 0.572425 0.899664 0.084764 0.021300
8 0.760193 0.899664 0.089056 0.023543
4 0.400751 0.330717 0.430258 0.029148