5 0.472574 0.066486 0.610408 0.031889
0 0.498594 0.108002 0.744023 0.036703
0 0.473277 0.138387 0.445851 0.020457
4 0.473277 0.163959 0.648383 0.019856
5 0.471871 0.186522 0.853727 0.019254
1 0.475387 0.211191 0.703235 0.018051
5 0.452883 0.236462 0.202532 0.018051
9 0.473980 0.283995 0.700422 0.019254
2 0.201125 0.333333 0.351617 0.019254
9 0.700422 0.331227 0.506329 0.017449
11 0.071730 0.357401 0.098453 0.016847
1 0.675105 0.355295 0.303797 0.019856
5 0.163150 0.405535 0.272855 0.019254
5 0.799578 0.403430 0.147679 0.017449
11 0.172996 0.452166 0.306610 0.017449
11 0.273558 0.477437 0.502110 0.017449
11 0.879044 0.450662 0.151899 0.018051
11 0.876231 0.474729 0.154712 0.016847
4 0.286920 0.526173 0.531646 0.019856
11 0.073136 0.550842 0.101266 0.017449
5 0.098453 0.575511 0.154712 0.019856
3 0.852321 0.524067 0.098453 0.016847
8 0.828411 0.548135 0.151899 0.018051
8 0.853727 0.572202 0.101266 0.019254
5 0.151195 0.622744 0.254571 0.018051
4 0.164557 0.646510 0.278481 0.017449
11 0.103376 0.669675 0.156118 0.018051
5 0.489451 0.645608 0.270042 0.019254
8 0.578762 0.667268 0.094233 0.025271
4 0.801688 0.643502 0.196906 0.017449
8 0.853727 0.668171 0.101266 0.018652
6 0.890999 0.619134 0.026723 0.018051
11 0.188467 0.718412 0.329114 0.016847
8 0.852321 0.716907 0.104079 0.017449
5 0.473980 0.768051 0.604782 0.021059
5 0.485935 0.792118 0.682138 0.019856
5 0.478903 0.815884 0.727145 0.020457
5 0.473277 0.841757 0.451477 0.019254
5 0.474684 0.865223 0.603376 0.019254
5 0.473980 0.889591 0.607595 0.017449