5 0.205707 0.064958 0.197384 0.023174
0 0.401308 0.127458 0.583829 0.021770
5 0.222354 0.160112 0.230678 0.023876
1 0.180737 0.189256 0.137931 0.018961
1 0.338882 0.219452 0.458977 0.023174
0 0.255054 0.246840 0.296076 0.021770
5 0.284780 0.273525 0.350773 0.021770
5 0.174792 0.300562 0.126040 0.019663
4 0.293698 0.329705 0.368609 0.021770
9 0.215815 0.366924 0.208086 0.018961
11 0.148038 0.397121 0.072533 0.017556
1 0.469084 0.366573 0.243757 0.018258
2 0.536861 0.397823 0.379310 0.023174
11 0.155767 0.439607 0.080856 0.018258
11 0.147444 0.471208 0.061831 0.022472
11 0.414982 0.438904 0.092747 0.016854
11 0.425089 0.468750 0.046373 0.017556
11 0.546968 0.438904 0.059453 0.018258
5 0.669441 0.438202 0.135553 0.016854
11 0.695006 0.468048 0.046373 0.018961
4 0.772889 0.438202 0.059453 0.016854
11 0.769322 0.466994 0.080856 0.018258
5 0.436385 0.511587 0.644471 0.023174
11 0.158145 0.535112 0.092747 0.019663
6 0.251486 0.563904 0.120095 0.019663
3 0.420927 0.562500 0.080856 0.019663
8 0.544590 0.562500 0.066587 0.016854
8 0.694411 0.560744 0.080856 0.018961
11 0.778240 0.560393 0.041617 0.018258
11 0.193222 0.609902 0.151011 0.023174
6 0.310939 0.609551 0.020214 0.021067
4 0.365636 0.654143 0.367420 0.021770
5 0.381094 0.684691 0.338882 0.022472
11 0.343639 0.724719 0.416171 0.029494
11 0.192033 0.768610 0.072533 0.021770
8 0.757432 0.650281 0.080856 0.018258
8 0.763377 0.680126 0.068966 0.018961
8 0.744352 0.719803 0.116528 0.022472
8 0.753864 0.764747 0.080856 0.018258
4 0.253270 0.843750 0.214031 0.021770
5 0.510107 0.842346 0.195006 0.023174
4 0.754459 0.839888 0.131986 0.025281
11 0.217004 0.883076 0.141498 0.020365
8 0.551724 0.880618 0.085612 0.019663
8 0.784185 0.877809 0.065398 0.018258
5 0.480380 0.922402 0.361474 0.020365