0 0.511542 0.074893 0.490031 0.027010
9 0.518888 0.102517 0.345226 0.022099
11 0.512592 0.127993 0.252886 0.021486
5 0.511542 0.153161 0.261280 0.023941
1 0.511542 0.175568 0.460651 0.020872
5 0.511018 0.199509 0.337880 0.020872
11 0.511018 0.232965 0.239244 0.022713
4 0.512592 0.268263 0.412382 0.019644
2 0.513116 0.318600 0.413431 0.022099
4 0.515215 0.359116 0.279119 0.023327
11 0.336831 0.409761 0.453305 0.027624
5 0.230325 0.453039 0.250787 0.023327
10 0.746590 0.451811 0.345226 0.022099
4 0.506821 0.503069 0.801679 0.027624
11 0.383001 0.536832 0.549843 0.021486
6 0.134313 0.567833 0.023085 0.019644
4 0.255509 0.600675 0.299056 0.019030
3 0.258657 0.653468 0.296957 0.026397
4 0.347324 0.692449 0.476390 0.027010
5 0.310073 0.731123 0.403987 0.023327
11 0.164218 0.769184 0.105981 0.023327
5 0.191501 0.806016 0.156348 0.025783
4 0.247639 0.847759 0.266527 0.024555
3 0.876705 0.649478 0.089192 0.019644
8 0.877230 0.689994 0.090241 0.023327
8 0.865687 0.766421 0.115425 0.021486
8 0.865163 0.801412 0.116474 0.023941
4 0.247114 0.847759 0.267576 0.025783
11 0.141133 0.884285 0.053515 0.020258
5 0.522560 0.919276 0.608604 0.023941
1 0.523085 0.952118 0.735572 0.027010
5 0.522560 0.978207 0.188877 0.022713
11 0.259706 0.566298 0.097587 0.019030
8 0.368311 0.566912 0.079748 0.019030
8 0.499475 0.566605 0.081847 0.019644
8 0.703043 0.565684 0.079748 0.019030
11 0.887723 0.565684 0.056663 0.019030
5 0.631165 0.844690 0.147954 0.022099
4 0.881952 0.843462 0.068206 0.022099
8 0.667891 0.881215 0.074502 0.020258
8 0.876705 0.880909 0.072403 0.020872