0 0.518746 0.195125 0.289659 0.011688
9 0.520157 0.211588 0.069139 0.008979
5 0.518746 0.226411 0.220722 0.010690
1 0.519149 0.240664 0.195324 0.009835
1 0.517738 0.255986 0.252973 0.011688
4 0.435195 0.296750 0.135053 0.011688
6 0.589599 0.297962 0.016529 0.017531
6 0.387019 0.315921 0.041121 0.011260
2 0.461097 0.334592 0.189680 0.010405
10 0.393469 0.351696 0.058053 0.010120
5 0.411409 0.365949 0.093933 0.010405
5 0.420681 0.382697 0.099174 0.010832
5 0.551602 0.380773 0.059061 0.010405
11 0.632030 0.379917 0.054223 0.010120
6 0.381979 0.402509 0.005644 0.009407
11 0.414836 0.401938 0.025801 0.009122
8 0.568333 0.401582 0.027615 0.008409
8 0.649365 0.401511 0.029631 0.009407
5 0.449204 0.417688 0.093328 0.010120
6 0.381979 0.430658 0.005644 0.009835
11 0.418666 0.430088 0.034267 0.010120
8 0.565309 0.429732 0.033259 0.009407
8 0.645434 0.429661 0.039105 0.009835
5 0.480044 0.445482 0.156219 0.010405
11 0.414130 0.465507 0.095747 0.010832
3 0.644427 0.464082 0.039105 0.009407
5 0.414029 0.487243 0.099174 0.011830
8 0.648458 0.486958 0.029026 0.009835
11 0.412316 0.508409 0.092925 0.011117
8 0.644326 0.507910 0.037694 0.010120
11 0.396795 0.545040 0.061883 0.010832
8 0.618021 0.545468 0.087079 0.013113
11 0.388631 0.568771 0.047571 0.011830
6 0.468454 0.567916 0.044346 0.012115
2 0.623362 0.565066 0.067124 0.009835
0 0.513102 0.598703 0.216287 0.009835
11 0.450312 0.350556 0.033864 0.008694