0 0.502412 0.112851 0.895498 0.020080
1 0.500000 0.131727 0.437299 0.019277
1 0.498392 0.150602 0.475884 0.018474
9 0.345659 0.167470 0.305466 0.016867
4 0.503215 0.186345 0.389068 0.019277
4 0.503215 0.224900 0.565916 0.028916
11 0.610129 0.273092 0.422830 0.028916
9 0.114148 0.298394 0.138264 0.018474
2 0.672830 0.300000 0.313505 0.016867
5 0.321543 0.327711 0.562701 0.028916
5 0.273312 0.356225 0.456592 0.018474
5 0.190514 0.373896 0.284566 0.016867
1 0.306270 0.391968 0.528939 0.017671
11 0.238746 0.409237 0.381029 0.018474
2 0.542605 0.427711 0.255627 0.016867
11 0.750804 0.427711 0.090032 0.016867
5 0.148714 0.451406 0.213826 0.017671
11 0.318328 0.451406 0.061093 0.016064
11 0.394695 0.452209 0.053055 0.016064
11 0.471865 0.452610 0.053055 0.015261
11 0.546624 0.451004 0.022508 0.013655
11 0.614148 0.451406 0.073955 0.016064
11 0.752412 0.452610 0.135048 0.015261
5 0.135852 0.481124 0.194534 0.017671
8 0.308682 0.481526 0.080386 0.015261
6 0.411576 0.481928 0.022508 0.014458
6 0.486334 0.481928 0.020900 0.014458
6 0.547428 0.482731 0.027331 0.014458
6 0.640675 0.482329 0.020900 0.015261
8 0.782958 0.482731 0.083601 0.016064
5 0.127010 0.500000 0.180064 0.015261
8 0.308682 0.500803 0.073955 0.015261
6 0.414791 0.501205 0.022508 0.014458
6 0.489550 0.500402 0.027331 0.014458
6 0.546624 0.500803 0.022508 0.013655
6 0.639871 0.501606 0.019293 0.015261
8 0.785370 0.500803 0.078778 0.015261
5 0.129421 0.518474 0.175241 0.016867
8 0.307074 0.519277 0.083601 0.015261
6 0.412379 0.518474 0.024116 0.016867
6 0.487138 0.520080 0.022508 0.015261
6 0.545820 0.518876 0.024116 0.014458
6 0.639871 0.520080 0.022508 0.016867
8 0.781350 0.518876 0.080386 0.016064
11 0.476688 0.553012 0.342444 0.034538
8 0.776527 0.551406 0.102894 0.026506
5 0.118971 0.584739 0.154341 0.016064
8 0.314309 0.585141 0.081994 0.015261
6 0.413183 0.584337 0.019293 0.016867
6 0.489550 0.584739 0.024116 0.014458
6 0.546624 0.584337 0.022508 0.015261
6 0.641479 0.584337 0.022508 0.015261
8 0.777331 0.584337 0.098071 0.016867
4 0.363344 0.618876 0.578778 0.036145
8 0.775723 0.617269 0.098071 0.029719
4 0.610932 0.655020 0.080386 0.028112
8 0.783762 0.654618 0.078778 0.027309
4 0.375402 0.696787 0.554662 0.036145
8 0.774920 0.695582 0.096463 0.027309
11 0.475884 0.734940 0.344051 0.035341
8 0.774920 0.732932 0.102894 0.026506
11 0.516881 0.775100 0.274920 0.035341
3 0.776527 0.773896 0.102894 0.028112
11 0.125402 0.817671 0.163987 0.016064
5 0.475080 0.838153 0.850482 0.018474
5 0.420418 0.857028 0.747588 0.019277
5 0.475884 0.876707 0.858521 0.018474
4 0.401125 0.895181 0.702572 0.018474
4 0.420418 0.912851 0.750804 0.016867
5 0.189711 0.931325 0.295820 0.016867
5 0.504823 0.952610 0.382637 0.017671
9 0.663183 0.167871 0.297428 0.016064