0 0.498929 0.083184 0.811563 0.017928
1 0.494111 0.103263 0.174518 0.015776
1 0.496253 0.119039 0.472163 0.014342
5 0.497323 0.135174 0.180942 0.015059
1 0.495717 0.154177 0.421842 0.015776
9 0.496788 0.167802 0.316916 0.015059
4 0.494647 0.191466 0.402570 0.012191
4 0.495182 0.209394 0.495717 0.013625
11 0.099036 0.235210 0.112420 0.012908
11 0.110814 0.254572 0.127409 0.012908
11 0.284797 0.256006 0.025696 0.011474
9 0.423448 0.253854 0.221627 0.011474
11 0.646146 0.254572 0.095289 0.014342
2 0.803533 0.254572 0.193790 0.012908
10 0.115096 0.273575 0.131692 0.013625
11 0.286938 0.273216 0.025696 0.011474
11 0.367773 0.272499 0.114561 0.012908
11 0.646146 0.271782 0.095289 0.014342
11 0.789615 0.271782 0.140257 0.012908
5 0.150428 0.290068 0.210921 0.015776
11 0.286938 0.291861 0.021413 0.012191
11 0.643469 0.288992 0.089936 0.015059
11 0.087794 0.321621 0.089936 0.014342
11 0.400428 0.322696 0.072805 0.015059
5 0.567987 0.321262 0.131692 0.013625
5 0.746788 0.322338 0.148822 0.014342
4 0.890792 0.321621 0.070664 0.014342
6 0.089936 0.338831 0.081370 0.010757
6 0.397216 0.338831 0.040685 0.011474
8 0.567452 0.338831 0.087794 0.011474
8 0.777302 0.338473 0.081370 0.012191
11 0.891863 0.339190 0.059957 0.012191
5 0.253747 0.355683 0.413276 0.014342
6 0.089936 0.375403 0.085653 0.013625
6 0.402570 0.375045 0.038544 0.012908
8 0.562099 0.375045 0.089936 0.012908
8 0.778373 0.375045 0.087794 0.014342
11 0.891863 0.375045 0.051392 0.012908
5 0.317452 0.394048 0.544968 0.013625
6 0.095289 0.411617 0.087794 0.013625
6 0.401499 0.411976 0.036403 0.011474
8 0.567987 0.412693 0.093148 0.014342
8 0.773555 0.411976 0.095289 0.012908
11 0.892934 0.411976 0.057816 0.015776
5 0.241970 0.429186 0.394004 0.012908
6 0.094218 0.449982 0.089936 0.012908
6 0.398287 0.448906 0.034261 0.013625
8 0.565846 0.448548 0.114561 0.012908
8 0.771413 0.449265 0.095289 0.011474
11 0.890792 0.448906 0.057816 0.012191
5 0.348501 0.465758 0.594218 0.013625
6 0.096360 0.485479 0.089936 0.012908
6 0.398287 0.486913 0.064240 0.012908
8 0.565310 0.486196 0.079229 0.011474
8 0.761777 0.485837 0.114561 0.013625
11 0.891863 0.486554 0.055675 0.015059
5 0.187366 0.502689 0.284797 0.012908
6 0.094218 0.522409 0.089936 0.011474
6 0.401499 0.522051 0.032120 0.012191
8 0.565846 0.522768 0.101713 0.012191
8 0.768201 0.522768 0.101713 0.013625
11 0.890792 0.522409 0.062099 0.015059
5 0.406852 0.538903 0.728051 0.015776
6 0.092612 0.559699 0.091006 0.014342
6 0.400428 0.558982 0.029979 0.011474
8 0.570128 0.559340 0.093148 0.013625
8 0.767131 0.560057 0.103854 0.012191
11 0.894004 0.559699 0.059957 0.012908
5 0.193790 0.577268 0.289079 0.012191
6 0.093683 0.595554 0.097430 0.013625
6 0.399358 0.595913 0.036403 0.011474
8 0.566916 0.595913 0.095289 0.012908
8 0.768201 0.596271 0.101713 0.012191
11 0.890792 0.595913 0.057816 0.012908
11 0.124732 0.613482 0.146681 0.013625
6 0.096895 0.633202 0.091006 0.014342
6 0.398287 0.632485 0.025696 0.012908
8 0.564240 0.632485 0.077088 0.014342
8 0.770343 0.633560 0.093148 0.015059
11 0.890792 0.632843 0.062099 0.015059
11 0.124732 0.650771 0.142398 0.014342
6 0.098501 0.670850 0.085653 0.012908
6 0.400428 0.669774 0.034261 0.012191
6 0.565846 0.670133 0.097430 0.011474
8 0.769272 0.670133 0.103854 0.015776
11 0.894004 0.671208 0.064240 0.015059
11 0.134368 0.686626 0.174518 0.014342
11 0.220021 0.704554 0.163812 0.013625
6 0.397216 0.704912 0.070664 0.015776
3 0.759636 0.704912 0.123126 0.015776
4 0.384904 0.736465 0.489293 0.014342
8 0.761777 0.736823 0.118844 0.012191
5 0.540150 0.755109 0.180942 0.014342
8 0.778373 0.755468 0.079229 0.010757
4 0.533726 0.774113 0.206638 0.014342
8 0.767131 0.774113 0.099572 0.012908
5 0.536938 0.794550 0.187366 0.015059
8 0.776231 0.795267 0.079229 0.012191
4 0.351713 0.816422 0.566381 0.014342
8 0.758565 0.817497 0.108137 0.012191
11 0.557281 0.836501 0.148822 0.016493
8 0.760707 0.837218 0.116702 0.013625
5 0.545503 0.856221 0.172377 0.014342
8 0.779443 0.855504 0.077088 0.012908
4 0.260171 0.890283 0.304069 0.012908
4 0.206103 0.912872 0.165953 0.010757
11 0.392934 0.912872 0.027837 0.009322
11 0.575482 0.911438 0.172377 0.013625
4 0.797109 0.912155 0.163812 0.010757
11 0.150964 0.927573 0.064240 0.014342
6 0.395075 0.928648 0.027837 0.012191
8 0.599036 0.927573 0.120985 0.015776
8 0.829229 0.928648 0.103854 0.013625
11 0.378480 0.948727 0.127409 0.017210
8 0.595824 0.949086 0.131692 0.012191
8 0.827088 0.949803 0.108137 0.012191
5 0.489293 0.982790 0.783726 0.013625