0 0.497872 0.159847 0.632624 0.020460
5 0.495745 0.187980 0.344681 0.016624
5 0.497872 0.216113 0.337589 0.017903
1 0.495035 0.242967 0.422695 0.016624
5 0.497872 0.267583 0.198582 0.015985
0 0.496454 0.300512 0.493617 0.019182
4 0.500709 0.329284 0.513475 0.019182
4 0.500709 0.362852 0.243972 0.017263
9 0.174468 0.396419 0.212766 0.017903
1 0.436879 0.396419 0.178723 0.016624
11 0.124823 0.425192 0.110638 0.017903
2 0.500709 0.425192 0.306383 0.016624
10 0.163830 0.453645 0.191489 0.018542
6 0.374468 0.453005 0.042553 0.015985
11 0.712766 0.483696 0.072340 0.017263
11 0.870922 0.483696 0.110638 0.018542
5 0.288652 0.510870 0.432624 0.015345
11 0.209929 0.537404 0.187234 0.017263
11 0.375887 0.536765 0.022695 0.013427
8 0.489362 0.536765 0.099291 0.015985
3 0.690780 0.536765 0.113475 0.015985
11 0.897872 0.536765 0.059574 0.015985
11 0.342553 0.566816 0.165957 0.014706
8 0.692908 0.567455 0.114894 0.015985
4 0.270213 0.599425 0.310638 0.015985
8 0.702128 0.599425 0.102128 0.017263
4 0.277305 0.628197 0.299291 0.017263
8 0.691489 0.627877 0.120567 0.016624
11 0.260284 0.658887 0.330496 0.015985
8 0.692199 0.658887 0.113475 0.015985
5 0.338298 0.686061 0.177305 0.020460
8 0.692908 0.684143 0.117730 0.016624
5 0.307801 0.710358 0.235461 0.020460
8 0.711348 0.709079 0.078014 0.014066
11 0.213475 0.741049 0.268085 0.019182
4 0.211348 0.770141 0.255319 0.019821
5 0.507092 0.768542 0.231206 0.020460
4 0.790780 0.769182 0.160284 0.020460
11 0.115603 0.798274 0.055319 0.015985
11 0.280851 0.799872 0.104965 0.020460
8 0.570213 0.798913 0.090780 0.015985
8 0.829078 0.798593 0.080851 0.015345
5 0.490071 0.903772 0.225532 0.014706
5 0.492199 0.927430 0.411348 0.017263