5 0.469697 0.100810 0.272727 0.021862
0 0.471292 0.127935 0.696970 0.021053
1 0.470494 0.153846 0.216906 0.021053
11 0.460925 0.179352 0.539075 0.018623
1 0.449761 0.202024 0.781499 0.020243
1 0.444179 0.224291 0.505582 0.019433
11 0.469697 0.244939 0.416268 0.018623
4 0.455343 0.266802 0.531100 0.018623
4 0.456938 0.291498 0.776715 0.021053
4 0.471292 0.318623 0.588517 0.021862
1 0.185008 0.372065 0.325359 0.017004
10 0.585327 0.371255 0.258373 0.017004
5 0.104466 0.393927 0.170654 0.017004
11 0.544657 0.393927 0.183413 0.017004
2 0.282297 0.415789 0.526316 0.017004
5 0.239234 0.441700 0.437002 0.025101
11 0.100478 0.489069 0.082935 0.017814
11 0.312600 0.488664 0.066986 0.017004
4 0.656300 0.489069 0.505582 0.017814
5 0.172249 0.533198 0.306220 0.018623
11 0.118022 0.554251 0.111643 0.017004
6 0.314992 0.554656 0.014354 0.016194
8 0.468900 0.553441 0.114833 0.017004
6 0.688198 0.554251 0.068581 0.017004
8 0.842903 0.554251 0.113238 0.017004
11 0.031100 0.598381 0.027113 0.016194
4 0.379585 0.599190 0.545455 0.019433
8 0.819777 0.598785 0.156300 0.017004
4 0.366029 0.619433 0.521531 0.017814
8 0.809410 0.620243 0.177033 0.016194
5 0.334928 0.643725 0.462520 0.019433
8 0.818979 0.641700 0.154705 0.017004
11 0.204147 0.694332 0.207337 0.029960
3 0.751994 0.693927 0.326954 0.029150
11 0.184211 0.733198 0.164274 0.028340
8 0.733652 0.732794 0.370016 0.029150
5 0.223285 0.772065 0.242424 0.028340
8 0.754386 0.771660 0.325359 0.029150
5 0.185008 0.814170 0.328549 0.017004
6 0.886762 0.813765 0.015949 0.014575
11 0.173046 0.836437 0.307815 0.017814
8 0.821372 0.835628 0.156300 0.017814
4 0.141148 0.880567 0.244019 0.018623
5 0.500000 0.878138 0.215311 0.018623
4 0.818979 0.878543 0.148325 0.017814
11 0.032695 0.900810 0.027113 0.015385
6 0.198565 0.900000 0.046252 0.017004
8 0.559809 0.900000 0.111643 0.015385
8 0.854864 0.900000 0.089314 0.015385
11 0.032695 0.921053 0.023923 0.015385
6 0.197767 0.921457 0.047847 0.017814
8 0.569378 0.920243 0.089314 0.017004
8 0.855662 0.920648 0.094099 0.016194