4 0.532110 0.148522 0.353211 0.014785
0 0.529817 0.168347 0.660550 0.018145
4 0.528670 0.187836 0.690367 0.016801
0 0.530963 0.205981 0.571101 0.016801
11 0.527523 0.223454 0.600917 0.015457
5 0.528670 0.242608 0.571101 0.016129
1 0.525229 0.262769 0.486239 0.017473
5 0.522936 0.278898 0.623853 0.014785
5 0.526376 0.296035 0.415138 0.015457
11 0.480505 0.321909 0.727064 0.014785
2 0.340596 0.340390 0.438073 0.014113
5 0.481651 0.360215 0.729358 0.016129
9 0.333716 0.376344 0.433486 0.014785
11 0.166284 0.397177 0.098624 0.014785
11 0.659404 0.397177 0.094037 0.017473
11 0.894495 0.396169 0.073394 0.014113
9 0.459862 0.419019 0.685780 0.015457
11 0.509174 0.474126 0.784404 0.015457
5 0.454128 0.514449 0.674312 0.014113
11 0.202982 0.531922 0.176606 0.014113
5 0.475917 0.569556 0.717890 0.014113
5 0.516055 0.625336 0.798165 0.015457
9 0.308486 0.453965 0.383028 0.015457
9 0.308486 0.493952 0.378440 0.014785
9 0.308486 0.549395 0.383028 0.015457
9 0.307339 0.604167 0.385321 0.016129
6 0.692661 0.453629 0.027523 0.014785
6 0.685780 0.492608 0.027523 0.014785
6 0.689220 0.549059 0.034404 0.016129
6 0.691514 0.603159 0.029817 0.015457
6 0.689220 0.644153 0.034404 0.014113
6 0.690367 0.669355 0.041284 0.014785
8 0.881881 0.453293 0.107798 0.015457
8 0.880734 0.492272 0.110092 0.014113
8 0.883028 0.548051 0.114679 0.014113
8 0.880734 0.603159 0.114679 0.012769
8 0.884174 0.643481 0.116972 0.014113
8 0.865826 0.669691 0.135321 0.015457
8 0.872706 0.691196 0.126147 0.014113
3 0.861239 0.715390 0.144495 0.015457
8 0.866972 0.733535 0.133028 0.014113
8 0.879587 0.752352 0.112385 0.015457
8 0.639908 0.795027 0.133028 0.014785
8 0.650229 0.816196 0.112385 0.014113
8 0.871560 0.795027 0.105505 0.014785
8 0.871560 0.815860 0.114679 0.014785
11 0.449541 0.670699 0.146789 0.014785
5 0.355505 0.693212 0.334862 0.016801
11 0.353211 0.716398 0.348624 0.016129
5 0.326835 0.735215 0.396789 0.016129
5 0.338303 0.753696 0.369266 0.016801
4 0.283257 0.778226 0.341743 0.017473
11 0.150229 0.795699 0.071101 0.016129
11 0.150229 0.816196 0.071101 0.015457
5 0.526376 0.892473 0.580275 0.017473
5 0.528670 0.911290 0.699541 0.017473
5 0.525229 0.929772 0.206422 0.015457
5 0.527523 0.948925 0.371560 0.014785
9 0.309633 0.644489 0.380734 0.017473
11 0.173165 0.437500 0.112385 0.014785
6 0.264908 0.796371 0.094037 0.017473
6 0.267202 0.816196 0.084862 0.015457