0 0.455115 0.067181 0.661795 0.024229
9 0.457203 0.090859 0.164927 0.023128
5 0.454071 0.118117 0.450939 0.018172
5 0.455115 0.136564 0.469729 0.020925
1 0.454071 0.157764 0.511482 0.019273
9 0.320459 0.181993 0.392484 0.020374
4 0.481733 0.208150 0.330898 0.020925
4 0.483299 0.237885 0.208768 0.020925
5 0.160752 0.267896 0.108559 0.017070
9 0.173800 0.306718 0.126305 0.018722
2 0.682150 0.310022 0.228601 0.023128
5 0.195720 0.328194 0.178497 0.023128
11 0.671190 0.338656 0.206681 0.025330
10 0.213466 0.348018 0.222338 0.020925
4 0.617432 0.383811 0.086639 0.023128
4 0.758351 0.382985 0.088727 0.019273
11 0.144572 0.401156 0.084551 0.017070
11 0.370564 0.402533 0.062630 0.022026
11 0.482255 0.401982 0.062630 0.020925
11 0.620042 0.400055 0.060543 0.014868
5 0.740605 0.402258 0.122129 0.017070
6 0.162839 0.421256 0.096033 0.016520
6 0.373173 0.422081 0.036534 0.019273
8 0.487474 0.420705 0.096033 0.022026
8 0.619520 0.422081 0.088727 0.014868
8 0.754175 0.420705 0.090814 0.015419
5 0.417015 0.443282 0.629436 0.023128
5 0.252088 0.463932 0.134656 0.018172
6 0.373173 0.462830 0.032359 0.013767
8 0.752088 0.461729 0.115866 0.019273
4 0.464509 0.501927 0.367432 0.019273
8 0.758873 0.498623 0.098121 0.019273
5 0.567850 0.526432 0.148225 0.022026
8 0.774008 0.526707 0.067850 0.018172
4 0.556367 0.552588 0.164927 0.019273
8 0.768789 0.550661 0.088727 0.022026
5 0.540710 0.578744 0.206681 0.025330
8 0.767745 0.580396 0.078288 0.022026
11 0.583507 0.606828 0.127349 0.018722
11 0.579332 0.632434 0.133612 0.020374
5 0.558977 0.658040 0.182672 0.025330
8 0.772443 0.658590 0.091858 0.026432
4 0.264092 0.715859 0.296451 0.022026
4 0.208246 0.752753 0.168058 0.022026
11 0.391962 0.751101 0.034447 0.023128
5 0.563152 0.750551 0.130480 0.024229
4 0.778184 0.751101 0.076200 0.020925
11 0.167015 0.771476 0.056367 0.020925
6 0.391962 0.771751 0.026096 0.019273
8 0.567850 0.772026 0.108559 0.022026
8 0.778706 0.771751 0.093946 0.019273
11 0.358559 0.800936 0.124217 0.019273
8 0.563674 0.800110 0.104384 0.023128
8 0.773486 0.799559 0.093946 0.022026
5 0.470251 0.835903 0.548017 0.023128
5 0.474426 0.852423 0.178497 0.022026
3 0.750522 0.630507 0.116910 0.018722
8 0.747912 0.606278 0.122129 0.017621
9 0.675887 0.182269 0.255741 0.016520
9 0.342380 0.308095 0.181628 0.014868