0 0.307386 0.096542 0.507955 0.013769
1 0.381818 0.110150 0.647727 0.013449
1 0.275000 0.122478 0.443182 0.013128
11 0.214205 0.133846 0.310227 0.010887
11 0.206818 0.145693 0.309091 0.010887
5 0.257955 0.158982 0.409091 0.015050
4 0.356818 0.179635 0.602273 0.012168
4 0.466477 0.212296 0.455682 0.012808
5 0.223864 0.240794 0.234091 0.010247
5 0.756818 0.241595 0.236364 0.010567
5 0.412500 0.258405 0.413636 0.013449
9 0.391477 0.274256 0.580682 0.013769
8 0.249432 0.289785 0.382955 0.010247
8 0.307386 0.305476 0.498864 0.010887
8 0.238068 0.322126 0.362500 0.011527
5 0.132955 0.346782 0.156818 0.009606
5 0.426136 0.347102 0.150000 0.009606
11 0.687500 0.360070 0.081818 0.010567
1 0.125568 0.374640 0.135227 0.008966
6 0.415341 0.376561 0.023864 0.010247
8 0.557386 0.375440 0.064773 0.008646
5 0.307955 0.392251 0.500000 0.012808
11 0.111932 0.408421 0.110227 0.009286
6 0.414205 0.408421 0.032955 0.012488
11 0.873295 0.409862 0.046591 0.009606
5 0.259659 0.425392 0.403409 0.011848
1 0.125000 0.442363 0.136364 0.009926
6 0.413636 0.442843 0.025000 0.010247
8 0.558523 0.443324 0.062500 0.008646
5 0.249432 0.461095 0.389773 0.014089
1 0.120455 0.476785 0.125000 0.009606
6 0.416477 0.477105 0.042045 0.013449
8 0.557386 0.477426 0.064773 0.007685
1 0.305114 0.493916 0.494318 0.010567
1 0.126705 0.510727 0.137500 0.008966
6 0.414205 0.512008 0.023864 0.010247
8 0.556250 0.511527 0.062500 0.009286
1 0.286932 0.527858 0.455682 0.011848
1 0.119318 0.544348 0.122727 0.008325
6 0.416477 0.544989 0.042045 0.010887
8 0.558523 0.545309 0.062500 0.010887
5 0.268750 0.561639 0.421591 0.011527
1 0.119886 0.578450 0.121591 0.009286
6 0.414205 0.580051 0.019318 0.009926
8 0.557955 0.578290 0.059091 0.008966
5 0.286932 0.595101 0.462500 0.010567
3 0.647159 0.606148 0.460227 0.010247
4 0.654545 0.626481 0.443182 0.010567
4 0.736932 0.643452 0.278409 0.011207
9 0.278977 0.658181 0.451136 0.010567
6 0.244318 0.681236 0.236364 0.011207
5 0.647159 0.681396 0.237500 0.011527
5 0.250000 0.697406 0.186364 0.011527
5 0.670455 0.697887 0.188636 0.011848
3 0.292045 0.713417 0.225000 0.011527
3 0.712500 0.714217 0.229545 0.010567
5 0.756250 0.734870 0.242045 0.012808
3 0.640909 0.750720 0.250000 0.012488
5 0.219318 0.773295 0.327273 0.010247
2 0.250000 0.784342 0.384091 0.012488
4 0.165909 0.804035 0.215909 0.012168
11 0.496591 0.804675 0.140909 0.011527
4 0.797159 0.805476 0.142045 0.013128
4 0.488068 0.816362 0.153409 0.012488
11 0.117614 0.832853 0.114773 0.012808
11 0.114205 0.849023 0.121591 0.013769
5 0.141477 0.865034 0.167045 0.012488
8 0.533523 0.832693 0.098864 0.011207
8 0.550000 0.849183 0.070455 0.010247
8 0.550000 0.865034 0.070455 0.010567
8 0.840341 0.833493 0.067045 0.011527
8 0.842614 0.849504 0.071591 0.010247
8 0.838068 0.864713 0.067045 0.011848
11 0.116477 0.884886 0.105682 0.011848
8 0.531818 0.885207 0.100000 0.011207
8 0.835795 0.886007 0.071591 0.011527
5 0.475000 0.912584 0.840909 0.009606
0 0.468182 0.922831 0.831818 0.010247
5 0.435227 0.933237 0.765909 0.008646
9 0.331250 0.944124 0.553409 0.009926
11 0.561364 0.347582 0.045455 0.008646
5 0.671023 0.347743 0.132955 0.008966
11 0.811932 0.347743 0.105682 0.008966
11 0.819318 0.360391 0.081818 0.009926
8 0.661364 0.376241 0.084091 0.010247
11 0.834091 0.377041 0.122727 0.010567
8 0.661364 0.443804 0.086364 0.010887
11 0.832386 0.443804 0.121591 0.010247
8 0.668750 0.478226 0.064773 0.010567
11 0.842045 0.478226 0.104545 0.011207
8 0.660795 0.512168 0.082955 0.010567
11 0.834659 0.512168 0.119318 0.010567
8 0.671591 0.546270 0.070455 0.010247
11 0.841477 0.545309 0.105682 0.010887
8 0.668750 0.579571 0.067045 0.010247
11 0.842045 0.579571 0.104545 0.010887