6 0.095935 0.038131 0.182114 0.026853
0 0.505691 0.154135 0.523577 0.022556
1 0.506504 0.179914 0.160976 0.022556
1 0.505691 0.203545 0.595122 0.022556
5 0.508130 0.228786 0.382114 0.021482
1 0.509756 0.253491 0.577236 0.021482
5 0.513008 0.279270 0.229268 0.021482
4 0.508943 0.306660 0.403252 0.024705
4 0.507317 0.342105 0.188618 0.022556
2 0.265854 0.371106 0.154472 0.022556
1 0.708130 0.373255 0.219512 0.020408
11 0.644715 0.421590 0.050407 0.022556
4 0.710569 0.421053 0.055285 0.019334
11 0.829268 0.419979 0.048780 0.019334
11 0.373171 0.445220 0.398374 0.022556
6 0.648780 0.441461 0.058537 0.019334
11 0.715447 0.442535 0.052033 0.021482
8 0.805691 0.443072 0.092683 0.018260
5 0.365041 0.468851 0.382114 0.024705
5 0.371545 0.504296 0.388618 0.024705
6 0.647154 0.501611 0.026016 0.019334
11 0.715447 0.502148 0.042276 0.020408
8 0.814634 0.503222 0.078049 0.020408
11 0.317073 0.527927 0.234146 0.024705
4 0.407317 0.581096 0.395122 0.025779
3 0.767480 0.580021 0.094309 0.019334
5 0.449593 0.617615 0.320325 0.023631
11 0.468293 0.655209 0.286179 0.021482
8 0.766667 0.653598 0.099187 0.020408
5 0.508130 0.687433 0.190244 0.019334
8 0.764228 0.688507 0.094309 0.019334
5 0.539024 0.725564 0.131707 0.020408
8 0.774797 0.723953 0.082927 0.019334
11 0.478049 0.761010 0.263415 0.020408
6 0.787805 0.758861 0.053659 0.020408
4 0.308130 0.813104 0.206504 0.019334
5 0.526829 0.810956 0.107317 0.017186
4 0.745528 0.809882 0.053659 0.019334
11 0.547154 0.835661 0.069919 0.021482
11 0.740650 0.835661 0.073171 0.021482
11 0.260976 0.871106 0.112195 0.021482
8 0.546341 0.867884 0.094309 0.019334
8 0.743902 0.868958 0.066667 0.019334
11 0.235772 0.896885 0.071545 0.019334
8 0.546341 0.899033 0.091057 0.017186
8 0.744715 0.898496 0.061789 0.016112
5 0.489431 0.941998 0.191870 0.021482
5 0.500000 0.967777 0.482927 0.019334