0 0.477941 0.140092 0.826923 0.023434
1 0.355204 0.164799 0.583710 0.021905
5 0.256787 0.190779 0.382353 0.023943
1 0.264706 0.214977 0.404977 0.021396
11 0.310520 0.239939 0.492081 0.019358
4 0.309955 0.267448 0.484163 0.024452
4 0.498869 0.291900 0.565611 0.019358
9 0.268665 0.317117 0.408371 0.016811
2 0.717195 0.318390 0.404977 0.020377
9 0.214367 0.344116 0.302036 0.018849
11 0.585973 0.343861 0.153846 0.018339
11 0.126131 0.394294 0.087104 0.019358
11 0.320136 0.394549 0.088235 0.018849
11 0.501697 0.396587 0.066742 0.019868
11 0.619344 0.395313 0.046380 0.018339
6 0.708710 0.396332 0.046380 0.020377
11 0.822964 0.395823 0.064480 0.018339
1 0.256787 0.445746 0.341629 0.019358
1 0.259050 0.471472 0.343891 0.017830
1 0.259050 0.496689 0.341629 0.018339
1 0.259050 0.521651 0.343891 0.018339
1 0.259050 0.547631 0.343891 0.018339
6 0.480769 0.445746 0.029412 0.015283
6 0.480204 0.472236 0.019231 0.017320
6 0.480204 0.496943 0.019231 0.016811
6 0.482466 0.521905 0.021493 0.018849
6 0.480204 0.547631 0.019231 0.018339
8 0.598982 0.446256 0.093891 0.019358
8 0.597285 0.471727 0.088235 0.016302
8 0.597851 0.497198 0.087104 0.018339
8 0.597285 0.521651 0.090498 0.018339
8 0.598416 0.548395 0.088235 0.019868
6 0.696267 0.446256 0.023756 0.018339
6 0.696267 0.472236 0.023756 0.017320
6 0.683824 0.496434 0.044118 0.017830
6 0.695136 0.522415 0.021493 0.019868
6 0.694570 0.548141 0.022624 0.018339
8 0.833710 0.445492 0.085973 0.015792
8 0.834842 0.471982 0.088235 0.017830
8 0.832014 0.496689 0.084842 0.016302
8 0.833710 0.522669 0.085973 0.017320
8 0.833710 0.548905 0.085973 0.018849
11 0.907805 0.445746 0.028281 0.016302
11 0.906674 0.471472 0.023756 0.016811
11 0.907805 0.496179 0.023756 0.016302
11 0.906674 0.522415 0.021493 0.017830
11 0.908937 0.547631 0.023756 0.019358
11 0.308824 0.600102 0.067873 0.022415
6 0.481335 0.599083 0.028281 0.018339
3 0.822398 0.599083 0.106335 0.018339
5 0.601244 0.626592 0.302036 0.022415
8 0.833710 0.625573 0.085973 0.018339
11 0.481335 0.674478 0.066742 0.016302
11 0.480769 0.702241 0.063348 0.021905
8 0.825226 0.675497 0.105204 0.020377
8 0.822398 0.701477 0.108597 0.019358
5 0.511312 0.752420 0.133484 0.023434
8 0.834276 0.751146 0.084842 0.019868
4 0.424774 0.802343 0.557692 0.022415
8 0.799774 0.804126 0.104072 0.021905
5 0.477376 0.827815 0.828054 0.018339
5 0.372738 0.853286 0.614253 0.020377
5 0.370475 0.877738 0.614253 0.019358
5 0.480769 0.904738 0.746606 0.022415