0 0.518240 0.117730 0.744635 0.028797
5 0.516631 0.152456 0.247854 0.024845
1 0.524678 0.184924 0.360515 0.023151
1 0.521459 0.208922 0.768240 0.022586
5 0.513948 0.229249 0.491416 0.020327
9 0.520386 0.261434 0.246781 0.019198
4 0.519850 0.293055 0.162017 0.019198
2 0.518240 0.340486 0.373391 0.019198
4 0.518777 0.375776 0.443133 0.033315
9 0.322961 0.413326 0.439914 0.027103
5 0.234979 0.452851 0.261803 0.023715
10 0.793991 0.452287 0.278970 0.023715
5 0.196352 0.497741 0.182403 0.017504
0 0.604077 0.497741 0.435622 0.020892
4 0.891094 0.497741 0.078326 0.019763
11 0.431867 0.522868 0.091202 0.019198
4 0.624464 0.522304 0.060086 0.020327
4 0.848712 0.522586 0.160944 0.020892
5 0.508047 0.559571 0.816524 0.020327
6 0.129292 0.587239 0.018240 0.015810
11 0.253219 0.587521 0.120172 0.019763
3 0.438841 0.587804 0.081545 0.016940
8 0.612124 0.587521 0.076180 0.017504
8 0.785408 0.586957 0.079399 0.017504
11 0.890021 0.586957 0.076180 0.017504
3 0.253219 0.638622 0.300429 0.027103
8 0.886266 0.637493 0.092275 0.019198
4 0.346567 0.675889 0.489270 0.022586
8 0.884657 0.675325 0.091202 0.020327
5 0.307403 0.710898 0.417382 0.022586
11 0.156116 0.745342 0.108369 0.023715
8 0.883584 0.744777 0.089056 0.020327
5 0.184013 0.779221 0.153433 0.023715
8 0.886803 0.777809 0.089056 0.019763
4 0.241416 0.816488 0.268240 0.023715
5 0.583691 0.818746 0.244635 0.022586
4 0.841202 0.817053 0.167382 0.022586
11 0.187232 0.848955 0.174893 0.018634
8 0.669528 0.849238 0.075107 0.019198
8 0.887339 0.849520 0.075107 0.016375
5 0.521459 0.883682 0.630901 0.022586
1 0.521996 0.912479 0.780043 0.027103
1 0.518777 0.937888 0.580472 0.019198