0 0.493232 0.121705 0.719120 0.014582
5 0.496616 0.135726 0.712352 0.014582
5 0.494078 0.149187 0.551607 0.013460
1 0.495770 0.163208 0.169205 0.012339
5 0.494924 0.176388 0.583756 0.012900
5 0.496616 0.189568 0.472081 0.014582
1 0.495770 0.203870 0.615905 0.014021
9 0.496616 0.218452 0.793570 0.014021
4 0.493232 0.231352 0.424704 0.012900
4 0.492386 0.265283 0.477157 0.028043
11 0.109983 0.315480 0.091371 0.015143
2 0.472927 0.344083 0.817259 0.014021
5 0.263959 0.357824 0.409475 0.014582
11 0.678511 0.358385 0.301184 0.014582
11 0.109983 0.385867 0.091371 0.014582
11 0.478003 0.385306 0.076142 0.013460
11 0.639594 0.385025 0.071066 0.012900
5 0.804569 0.386427 0.130288 0.012339
11 0.636210 0.400168 0.081218 0.014021
11 0.827411 0.401010 0.077834 0.013460
6 0.168359 0.413348 0.208122 0.013460
6 0.456853 0.414190 0.043993 0.012900
3 0.628596 0.413909 0.113367 0.014582
8 0.819797 0.415031 0.113367 0.013460
11 0.901861 0.414750 0.020305 0.016265
5 0.370558 0.428772 0.619289 0.015143
11 0.213198 0.456254 0.297800 0.012900
6 0.604907 0.456534 0.025381 0.016826
4 0.548223 0.497757 0.318105 0.014021
11 0.558376 0.510937 0.087986 0.012339
5 0.598139 0.524678 0.170897 0.015143
11 0.222504 0.538418 0.211506 0.013460
11 0.203892 0.552720 0.177665 0.014021
5 0.246193 0.567583 0.258883 0.015704
8 0.865482 0.498598 0.099831 0.012339
8 0.875635 0.512058 0.089679 0.011217
8 0.875635 0.526080 0.089679 0.012339
8 0.817259 0.538979 0.203046 0.012339
8 0.817259 0.553561 0.206430 0.012339
8 0.829949 0.567863 0.174281 0.011778
4 0.490694 0.596467 0.582064 0.016265
4 0.495770 0.624509 0.233503 0.012900
11 0.127750 0.651711 0.096447 0.013460
5 0.481387 0.652832 0.133672 0.013460
11 0.660745 0.652832 0.035533 0.014582
4 0.834179 0.653393 0.155668 0.013460
11 0.107445 0.679192 0.052453 0.012339
8 0.497462 0.680314 0.108291 0.013460
6 0.662437 0.679753 0.025381 0.012339
8 0.862098 0.680314 0.086294 0.014582
4 0.590525 0.720695 0.213198 0.016826
8 0.858714 0.721256 0.089679 0.016826
5 0.487310 0.780146 0.632826 0.013460
5 0.489848 0.793606 0.543147 0.013460
5 0.494924 0.809310 0.763113 0.013460
5 0.493232 0.821368 0.834179 0.012900
1 0.495770 0.835109 0.781726 0.014582
5 0.489848 0.847448 0.468697 0.013460