0 0.444444 0.053680 0.861111 0.019749
1 0.409188 0.076481 0.773504 0.013645
9 0.180556 0.093537 0.322650 0.014722
9 0.554487 0.095332 0.329060 0.014722
5 0.175748 0.120646 0.325855 0.012208
4 0.241453 0.142729 0.448718 0.013285
4 0.161859 0.172711 0.291667 0.013645
11 0.086538 0.322442 0.128205 0.012208
9 0.344017 0.321903 0.207265 0.012567
11 0.073718 0.339318 0.106838 0.011490
2 0.446047 0.339497 0.411325 0.012567
5 0.107906 0.357092 0.175214 0.011131
5 0.104167 0.375224 0.163462 0.011490
11 0.275107 0.374865 0.073718 0.013645
10 0.498932 0.375763 0.147436 0.013285
11 0.675214 0.375763 0.051282 0.013285
5 0.136218 0.413106 0.231838 0.012567
11 0.446581 0.413106 0.106838 0.011131
11 0.563568 0.414722 0.067308 0.012208
4 0.780449 0.414363 0.221154 0.011490
11 0.107372 0.432136 0.080128 0.012567
11 0.473825 0.431598 0.056624 0.011490
11 0.776709 0.433214 0.053419 0.011131
11 0.872863 0.430162 0.096154 0.013645
11 0.138889 0.459246 0.239316 0.012926
11 0.156517 0.475943 0.154915 0.011131
11 0.276709 0.476661 0.025641 0.006822
11 0.445513 0.476840 0.117521 0.012926
8 0.769231 0.477379 0.079060 0.013285
11 0.867521 0.477738 0.047009 0.010413
11 0.206731 0.500898 0.364316 0.011490
11 0.154915 0.517594 0.143162 0.011131
11 0.280449 0.517594 0.033120 0.006822
11 0.446581 0.518492 0.123932 0.012926
8 0.771368 0.519031 0.083333 0.010413
11 0.871795 0.519928 0.044872 0.011490
11 0.204060 0.542729 0.358974 0.014004
11 0.158120 0.560862 0.153846 0.012926
11 0.277244 0.559425 0.020299 0.006463
11 0.446581 0.562118 0.117521 0.011131
8 0.772970 0.560862 0.077991 0.012926
11 0.872863 0.562657 0.051282 0.012208
5 0.199786 0.584919 0.358974 0.013645
11 0.163996 0.602693 0.176282 0.013285
11 0.279915 0.602334 0.027778 0.007540
11 0.450321 0.602693 0.114316 0.011131
8 0.774038 0.603950 0.077991 0.012208
11 0.869124 0.604129 0.048077 0.010413
5 0.155983 0.638600 0.277778 0.013285
6 0.636218 0.641113 0.308761 0.016876
4 0.280983 0.706104 0.448718 0.013285
8 0.770299 0.706643 0.098291 0.012208
4 0.417735 0.726930 0.162393 0.011131
8 0.780449 0.727469 0.073718 0.012208
5 0.371261 0.749731 0.253205 0.012926
8 0.769231 0.750269 0.091880 0.014004
11 0.276175 0.774865 0.445513 0.014363
3 0.761752 0.774147 0.126068 0.012926
11 0.108440 0.804488 0.077991 0.013285
8 0.773504 0.805027 0.098291 0.012926
5 0.169872 0.824417 0.215812 0.015081
8 0.782051 0.824237 0.072650 0.011131
4 0.135150 0.855655 0.225427 0.015081
5 0.459402 0.857630 0.207265 0.014004
4 0.738248 0.857630 0.141026 0.014004
11 0.099359 0.880610 0.170940 0.013285
8 0.496261 0.880610 0.101496 0.011131
8 0.774573 0.880251 0.072650 0.009695
5 0.216346 0.913645 0.310897 0.013285
5 0.383547 0.928905 0.645299 0.012926
5 0.438568 0.942011 0.746795 0.013285
9 0.387821 0.955835 0.645299 0.012926
9 0.492521 0.971275 0.850427 0.012926
5 0.432692 0.985099 0.726496 0.014004