0 0.521394 0.059511 0.617359 0.029626
5 0.516504 0.080561 0.455990 0.025988
1 0.519560 0.095894 0.488998 0.024428
1 0.519560 0.112786 0.569682 0.025988
9 0.517726 0.129938 0.402200 0.021830
4 0.518337 0.146570 0.425428 0.021830
11 0.520171 0.162682 0.668704 0.025988
4 0.517115 0.198805 0.273839 0.021310
10 0.262836 0.219854 0.332518 0.020790
9 0.737775 0.227391 0.343521 0.019231
11 0.127139 0.234407 0.066015 0.015593
11 0.616137 0.243243 0.105134 0.015593
2 0.321516 0.255717 0.452323 0.021830
2 0.441932 0.274428 0.695599 0.024948
11 0.136308 0.303534 0.089242 0.015593
9 0.413814 0.308212 0.223716 0.016632
11 0.135086 0.320426 0.086797 0.016112
11 0.363081 0.324844 0.124694 0.015593
5 0.165648 0.338617 0.147922 0.017152
4 0.157090 0.390333 0.138142 0.017672
9 0.160147 0.441528 0.149144 0.017152
11 0.875917 0.449064 0.047677 0.015593
1 0.271394 0.459979 0.371638 0.016632
6 0.097800 0.475572 0.022005 0.015593
11 0.212103 0.476351 0.086797 0.015073
11 0.656479 0.479730 0.168704 0.017672
11 0.415037 0.478430 0.211491 0.017152
8 0.855134 0.481809 0.086797 0.015593
9 0.158313 0.493243 0.147922 0.016632
11 0.874694 0.499220 0.045232 0.015073
5 0.382029 0.511694 0.592910 0.018191
6 0.095355 0.528067 0.026895 0.015593
11 0.207213 0.527547 0.091687 0.015593
8 0.844132 0.532744 0.106357 0.015593
11 0.177262 0.561590 0.195599 0.017152
11 0.713325 0.564449 0.047677 0.015593
5 0.227384 0.580042 0.295844 0.018711
11 0.712714 0.582121 0.046455 0.015593
4 0.185819 0.595634 0.210269 0.016632
11 0.712714 0.597973 0.044010 0.016112
11 0.105134 0.622141 0.053790 0.017672
11 0.527506 0.625260 0.050122 0.016632
11 0.104523 0.640593 0.055012 0.017152
11 0.526895 0.643191 0.053790 0.016112
5 0.163814 0.660083 0.171149 0.018711
11 0.526895 0.662162 0.053790 0.017672
5 0.213325 0.703742 0.270171 0.017672
5 0.229829 0.722193 0.310513 0.017152
2 0.432763 0.755198 0.726161 0.017672
5 0.367359 0.781185 0.580685 0.019751
5 0.481051 0.798337 0.820293 0.016632
11 0.350856 0.814449 0.550122 0.015593
11 0.349633 0.831601 0.552567 0.016632
11 0.397922 0.848493 0.651589 0.015073
4 0.187653 0.875000 0.228606 0.017152
5 0.455990 0.874480 0.205379 0.017152
4 0.687653 0.874220 0.143032 0.016632
11 0.144254 0.907484 0.149144 0.017672
8 0.510391 0.908784 0.106357 0.015073
8 0.719438 0.907744 0.089242 0.015073
5 0.158924 0.925156 0.178484 0.017672
8 0.519560 0.925936 0.090465 0.015073
8 0.718215 0.924896 0.086797 0.014033
5 0.313570 0.239605 0.182152 0.015593
11 0.737164 0.246362 0.053790 0.014553
11 0.308680 0.342516 0.020782 0.012474
11 0.306235 0.360187 0.018337 0.011435
11 0.303790 0.376299 0.018337 0.012474
11 0.303178 0.393191 0.017115 0.012994
11 0.403423 0.529626 0.227384 0.017672
11 0.656479 0.530665 0.166259 0.015593
11 0.441320 0.564969 0.017115 0.013514
11 0.440709 0.582121 0.015892 0.012474
11 0.438875 0.598753 0.014670 0.011435
8 0.840465 0.565748 0.108802 0.015073
8 0.850244 0.582640 0.086797 0.014553
8 0.851467 0.599792 0.086797 0.015593
11 0.244499 0.624220 0.019560 0.013514
11 0.241443 0.642931 0.020782 0.013514
3 0.685208 0.625000 0.121027 0.017152
8 0.684597 0.643971 0.122249 0.015593
8 0.694988 0.662942 0.099022 0.016112