0 0.451522 0.256271 0.283411 0.011688
1 0.452026 0.269456 0.073171 0.010405
4 0.453437 0.279290 0.182423 0.010405
5 0.452227 0.289481 0.187261 0.010832
5 0.453437 0.300100 0.136868 0.008694
5 0.452429 0.310077 0.111469 0.011260
1 0.452832 0.321052 0.203386 0.009550
11 0.452328 0.331029 0.103205 0.008694
4 0.452731 0.351625 0.110865 0.012258
9 0.324229 0.370653 0.040113 0.010405
1 0.409998 0.369798 0.084257 0.009550
11 0.319190 0.381699 0.030034 0.009122
2 0.444870 0.380844 0.153195 0.009977
10 0.329571 0.391605 0.048377 0.010405
11 0.387120 0.391534 0.035275 0.007982
5 0.332191 0.403364 0.054828 0.010832
11 0.391554 0.401582 0.044144 0.011260
11 0.318686 0.419399 0.026608 0.009550
11 0.396291 0.419399 0.022979 0.010405
11 0.456460 0.418472 0.034872 0.009122
5 0.543439 0.417617 0.047168 0.008267
8 0.411409 0.436288 0.214473 0.011688
5 0.333904 0.447335 0.060673 0.010405
6 0.402943 0.446266 0.010079 0.009122
8 0.458879 0.445838 0.027615 0.009122
11 0.567325 0.445339 0.073574 0.008694
8 0.405866 0.460091 0.202177 0.010832
9 0.334308 0.471351 0.056642 0.009122
6 0.402641 0.470924 0.009474 0.008267
8 0.458275 0.470496 0.028825 0.008267
11 0.566620 0.469427 0.068938 0.009550
5 0.487704 0.487600 0.073574 0.008267
3 0.584358 0.486958 0.037089 0.008694
4 0.490325 0.498218 0.069542 0.011260
8 0.587583 0.496722 0.028220 0.009122
5 0.449708 0.514823 0.089498 0.013683
8 0.574884 0.513826 0.052409 0.013398
5 0.488914 0.532640 0.058254 0.009122
8 0.583753 0.531571 0.038299 0.008694
5 0.497380 0.544113 0.054223 0.010405
8 0.588490 0.542403 0.027615 0.008694
5 0.486797 0.561217 0.075388 0.012115
8 0.587886 0.559721 0.028825 0.009122
4 0.349929 0.578820 0.089095 0.011688
11 0.341564 0.592289 0.068333 0.011830
5 0.451522 0.578107 0.076597 0.010832
8 0.452127 0.592004 0.034267 0.008694
4 0.539307 0.577252 0.056642 0.010832
8 0.538903 0.590721 0.027615 0.008694
5 0.453941 0.609322 0.079016 0.009122
5 0.454445 0.619726 0.144930 0.009122