5 0.475201 0.065515 0.564343 0.026864
0 0.500000 0.100603 0.710456 0.032346
0 0.476542 0.129386 0.424933 0.018640
4 0.474531 0.151316 0.616622 0.017544
1 0.475201 0.172697 0.810992 0.016447
1 0.476542 0.194079 0.666220 0.017544
1 0.465818 0.216009 0.550938 0.015351
9 0.488606 0.259594 0.400804 0.015899
2 0.217158 0.303728 0.332440 0.016447
5 0.135389 0.325932 0.166220 0.016996
9 0.691689 0.303180 0.479893 0.016447
1 0.679625 0.325658 0.308311 0.015351
9 0.442359 0.368969 0.689008 0.016447
2 0.419571 0.390625 0.495979 0.016996
5 0.181635 0.433936 0.258713 0.015899
5 0.784853 0.434485 0.140751 0.015899
5 0.265416 0.477522 0.428954 0.016447
6 0.241287 0.499452 0.233244 0.016447
5 0.253351 0.521107 0.351206 0.016996
11 0.851877 0.499726 0.164879 0.015899
8 0.824397 0.521930 0.120643 0.016447
4 0.302279 0.564145 0.500000 0.015351
11 0.100536 0.585526 0.093834 0.016447
5 0.126005 0.607456 0.142091 0.015351
3 0.837131 0.564419 0.092493 0.015899
8 0.813673 0.587171 0.144772 0.016447
8 0.827748 0.608553 0.116622 0.017544
5 0.168901 0.651042 0.227882 0.018092
4 0.178954 0.673520 0.261394 0.016996
11 0.122654 0.695724 0.148794 0.018640
5 0.487936 0.673520 0.257373 0.015899
6 0.873324 0.651316 0.025469 0.016447
4 0.786863 0.673520 0.190349 0.018092
8 0.572386 0.695998 0.093834 0.016996
8 0.837131 0.695450 0.092493 0.016996
11 0.203083 0.739035 0.306971 0.018640
8 0.823727 0.739309 0.121984 0.016996
5 0.479893 0.783443 0.573727 0.016447
5 0.489946 0.805099 0.647453 0.015899
5 0.484584 0.827303 0.682306 0.017544
5 0.477882 0.849781 0.427614 0.017544
5 0.480563 0.871162 0.569705 0.016447
5 0.479893 0.893092 0.573727 0.016447