5 0.485554 0.109210 0.682183 0.015557
0 0.483949 0.138768 0.354735 0.013690
9 0.486356 0.158992 0.247191 0.018046
5 0.482343 0.178283 0.573034 0.014312
1 0.487159 0.195395 0.669342 0.014935
1 0.485554 0.210330 0.338684 0.014935
11 0.483949 0.225887 0.287319 0.013690
4 0.483146 0.243622 0.401284 0.016801
11 0.128411 0.345986 0.086677 0.012446
11 0.713483 0.344119 0.191011 0.013690
1 0.223917 0.366210 0.277689 0.015557
5 0.133226 0.385501 0.096308 0.015557
5 0.425361 0.392657 0.359551 0.021157
5 0.184591 0.425949 0.208668 0.013068
5 0.130016 0.446484 0.093098 0.014312
5 0.390048 0.445551 0.295345 0.014935
5 0.175762 0.477598 0.178170 0.014312
5 0.162921 0.497511 0.155698 0.013068
5 0.385233 0.497200 0.221509 0.012446
5 0.791332 0.496889 0.128411 0.013068
4 0.890851 0.485688 0.060995 0.014312
11 0.899679 0.501556 0.081862 0.013690
5 0.359551 0.529558 0.545746 0.019913
8 0.153291 0.547604 0.136437 0.012446
6 0.298555 0.547293 0.022472 0.013068
8 0.388443 0.548227 0.077047 0.013690
11 0.817817 0.545426 0.171750 0.013068
5 0.463884 0.570317 0.757624 0.018046
8 0.154093 0.590541 0.138042 0.013690
6 0.299358 0.590853 0.020867 0.011823
8 0.389246 0.590230 0.075441 0.011823
11 0.817014 0.588986 0.166934 0.013068
5 0.325843 0.615121 0.481541 0.019291
8 0.153291 0.634412 0.136437 0.013068
6 0.297753 0.634723 0.017657 0.011201
8 0.390048 0.633479 0.067416 0.013690
11 0.817817 0.633167 0.168539 0.011823
5 0.335474 0.658058 0.497592 0.016801
8 0.153291 0.677971 0.136437 0.013068
6 0.298555 0.677349 0.022472 0.013068
8 0.387640 0.677349 0.072231 0.014312
11 0.817817 0.677038 0.171750 0.013690
5 0.420546 0.702862 0.670947 0.018046
5 0.267255 0.722775 0.354735 0.018046
8 0.154093 0.740510 0.138042 0.013690
6 0.298555 0.740821 0.022472 0.013068
8 0.390048 0.739888 0.073836 0.013690
11 0.821027 0.738643 0.171750 0.013690
5 0.421348 0.763846 0.666132 0.019291
5 0.263242 0.783447 0.349920 0.018668
8 0.153291 0.801182 0.136437 0.013068
6 0.298555 0.801182 0.019262 0.011823
8 0.388443 0.800871 0.073836 0.013690
11 0.817014 0.798071 0.166934 0.013068
11 0.118780 0.824207 0.067416 0.015557
6 0.246388 0.822651 0.027287 0.013690
11 0.480738 0.821717 0.223114 0.013068
3 0.777689 0.820784 0.142857 0.012446
5 0.523274 0.841942 0.147673 0.013690
11 0.787319 0.840075 0.117175 0.013690
5 0.490369 0.860921 0.242376 0.013068
11 0.776083 0.860299 0.142857 0.014312
5 0.460674 0.878656 0.279294 0.012446
11 0.787319 0.875856 0.120385 0.013068
11 0.330658 0.901058 0.253612 0.017424
11 0.760835 0.900436 0.205457 0.018668
4 0.204655 0.963286 0.229535 0.013690
5 0.478331 0.962041 0.272873 0.012446
4 0.787319 0.960485 0.133226 0.014312
11 0.165329 0.981021 0.150883 0.013068
8 0.573034 0.980709 0.089888 0.013690
8 0.814607 0.979154 0.069021 0.013068
2 0.382825 0.345986 0.280899 0.016179