0 0.483108 0.198970 0.472973 0.019136
1 0.472410 0.223258 0.327703 0.016683
11 0.472973 0.250245 0.695946 0.023553
5 0.471847 0.275515 0.653153 0.021099
1 0.485360 0.298822 0.637387 0.018646
4 0.471284 0.324092 0.528153 0.021099
5 0.484234 0.348381 0.387387 0.019627
4 0.472973 0.371933 0.286036 0.019627
5 0.240428 0.422228 0.365991 0.020118
11 0.883446 0.422473 0.052928 0.015702
11 0.159910 0.446516 0.198198 0.016683
6 0.200450 0.470805 0.272523 0.017174
8 0.618806 0.471050 0.192568 0.018646
8 0.812500 0.472031 0.106982 0.018646
5 0.243806 0.496320 0.370495 0.018155
11 0.886261 0.496565 0.045045 0.016683
11 0.229730 0.520608 0.342342 0.019627
6 0.137950 0.544652 0.156532 0.018646
11 0.556869 0.544897 0.068694 0.019136
8 0.819257 0.545633 0.088964 0.018646
5 0.186374 0.596173 0.239865 0.019627
5 0.803491 0.597154 0.212838 0.022571
4 0.253941 0.644014 0.386261 0.018155
3 0.821509 0.644995 0.176802 0.019136
11 0.104167 0.669038 0.088964 0.018155
8 0.819257 0.669284 0.167793 0.015702
5 0.127815 0.693081 0.129505 0.018155
8 0.822072 0.694799 0.175676 0.018646
4 0.323761 0.743131 0.528153 0.020118
8 0.766892 0.742885 0.150901 0.018646
2 0.314189 0.791217 0.511261 0.017174
9 0.768581 0.791217 0.275901 0.018155
5 0.349099 0.816241 0.574324 0.019136
5 0.471847 0.864573 0.572072 0.018646
9 0.471284 0.889352 0.399775 0.018155
5 0.483108 0.914622 0.502252 0.018646
8 0.673423 0.546369 0.094595 0.019136