6 0.121163 0.033143 0.184168 0.027429
0 0.504847 0.164571 0.512116 0.022857
1 0.504039 0.192571 0.161551 0.024000
1 0.504039 0.218857 0.578352 0.021714
5 0.504847 0.243429 0.379645 0.022857
1 0.501616 0.269714 0.576737 0.025143
5 0.507270 0.296000 0.222940 0.020571
4 0.505654 0.325714 0.403877 0.025143
4 0.504039 0.364571 0.197092 0.025143
2 0.264136 0.395429 0.156704 0.020571
1 0.703554 0.394857 0.214863 0.024000
11 0.637318 0.448571 0.050081 0.024000
4 0.705170 0.448571 0.056543 0.024000
11 0.822294 0.449143 0.051696 0.022857
1 0.369952 0.473143 0.384491 0.020571
6 0.643780 0.473143 0.017771 0.020571
11 0.710016 0.473143 0.046850 0.020571
3 0.809370 0.474286 0.077544 0.020571
11 0.365913 0.501143 0.379645 0.026286
4 0.403877 0.555429 0.397415 0.025143
8 0.774637 0.553714 0.075929 0.021714
5 0.445880 0.593714 0.313409 0.021714
11 0.462843 0.630286 0.282714 0.024000
8 0.769790 0.629143 0.082391 0.019429
5 0.506462 0.666857 0.195477 0.021714
8 0.773021 0.667429 0.079160 0.020571
5 0.535541 0.706286 0.134087 0.025143
8 0.779483 0.706857 0.059774 0.019429
11 0.472536 0.746286 0.260097 0.025143
6 0.801292 0.743429 0.019386 0.021714
4 0.307754 0.804000 0.205170 0.026286
5 0.522617 0.800571 0.114701 0.021714
4 0.744750 0.800571 0.058158 0.021714
11 0.542003 0.827429 0.069467 0.025143
11 0.735864 0.826286 0.072698 0.025143
11 0.260097 0.864571 0.116317 0.021714
8 0.552504 0.861714 0.077544 0.020571
8 0.739095 0.861143 0.066236 0.019429
11 0.237480 0.892571 0.074313 0.020571
8 0.552504 0.893143 0.077544 0.019429
8 0.740711 0.892000 0.063005 0.019429
5 0.487884 0.936000 0.193861 0.020571
5 0.500808 0.965714 0.487884 0.018286