0 0.513380 0.127723 0.807042 0.015842
9 0.511972 0.142079 0.235211 0.013861
11 0.507746 0.157178 0.514085 0.017327
1 0.511268 0.174010 0.707042 0.015347
1 0.516901 0.186634 0.447887 0.016832
5 0.509859 0.202228 0.171831 0.014356
9 0.508451 0.216337 0.704225 0.015842
4 0.512676 0.231931 0.422535 0.013366
4 0.203521 0.276733 0.229577 0.012871
2 0.487324 0.305693 0.808451 0.015347
5 0.221831 0.320792 0.269014 0.014851
11 0.697183 0.321287 0.309859 0.016832
10 0.234507 0.334901 0.294366 0.013366
11 0.133803 0.364109 0.090141 0.014356
11 0.497183 0.364851 0.059155 0.013861
11 0.665493 0.364109 0.069014 0.013366
5 0.827465 0.364604 0.130986 0.012376
11 0.654930 0.381436 0.078873 0.017327
11 0.846479 0.381683 0.078873 0.017822
6 0.138732 0.409406 0.105634 0.014851
6 0.476761 0.409901 0.023944 0.013861
8 0.656338 0.409158 0.081690 0.013366
3 0.845070 0.409158 0.087324 0.014356
5 0.470423 0.426733 0.766197 0.015842
11 0.233803 0.453960 0.292958 0.012871
6 0.626056 0.454455 0.023944 0.011881
11 0.629577 0.497525 0.188732 0.011881
8 0.894366 0.497772 0.087324 0.011386
11 0.578873 0.511386 0.084507 0.012871
8 0.892958 0.512376 0.087324 0.011881
4 0.566901 0.527228 0.060563 0.013861
8 0.893662 0.527475 0.085915 0.012376
5 0.619014 0.541832 0.167606 0.012376
8 0.897887 0.541584 0.085915 0.011881
11 0.247183 0.555693 0.201408 0.013366
8 0.854225 0.556931 0.167606 0.012871
11 0.223944 0.571287 0.171831 0.013861
8 0.854225 0.571040 0.164789 0.014356
5 0.263380 0.586386 0.242254 0.012376
11 0.854225 0.586634 0.167606 0.011881
4 0.822535 0.617327 0.239437 0.013861
11 0.159155 0.647525 0.087324 0.012871
5 0.514789 0.645792 0.130986 0.013366
11 0.695775 0.648020 0.019718 0.012871
4 0.863380 0.646535 0.146479 0.012871
11 0.138028 0.675495 0.042254 0.011386
8 0.538028 0.675990 0.087324 0.012376
6 0.696479 0.675000 0.026761 0.012376
8 0.896479 0.676238 0.085915 0.012871
4 0.620423 0.719554 0.207042 0.015347
8 0.895070 0.720050 0.083099 0.011386
5 0.511972 0.809653 0.623944 0.014356
5 0.514085 0.822525 0.202817 0.013366