9 0.540650 0.031847 0.414634 0.027794
5 0.514634 0.091199 0.521951 0.026057
0 0.477236 0.126809 0.723577 0.016213
0 0.478049 0.142733 0.474797 0.015634
4 0.482927 0.158946 0.481301 0.017950
1 0.488618 0.174291 0.473171 0.018529
1 0.313821 0.204111 0.455285 0.014476
8 0.748780 0.204690 0.108943 0.014476
11 0.840650 0.204111 0.039024 0.019108
1 0.335772 0.218587 0.473171 0.014476
8 0.745528 0.219456 0.095935 0.016213
11 0.843089 0.220614 0.034146 0.013897
1 0.347154 0.236248 0.499187 0.013897
8 0.749593 0.234511 0.097561 0.016213
11 0.843089 0.234221 0.040650 0.015634
2 0.335772 0.249566 0.369106 0.016213
8 0.751220 0.251592 0.110569 0.013318
1 0.296748 0.265200 0.421138 0.016213
8 0.753659 0.266068 0.076423 0.014476
11 0.836585 0.264621 0.043902 0.020845
6 0.356098 0.295599 0.357724 0.016792
11 0.730081 0.296178 0.149593 0.016792
5 0.256911 0.312391 0.162602 0.016792
6 0.352033 0.343080 0.356098 0.017950
3 0.727642 0.341633 0.154472 0.016213
11 0.216260 0.358135 0.104065 0.015634
11 0.730894 0.358715 0.151220 0.015634
5 0.285366 0.375507 0.232520 0.019108
11 0.721138 0.374349 0.138211 0.015634
4 0.475610 0.420093 0.219512 0.015634
11 0.132520 0.438622 0.095935 0.015634
11 0.386179 0.436595 0.138211 0.013897
4 0.568293 0.436885 0.138211 0.016792
11 0.787805 0.436306 0.183740 0.019108
11 0.113008 0.452519 0.034146 0.014476
8 0.209756 0.451940 0.104065 0.014476
8 0.356911 0.451361 0.102439 0.013318
8 0.540650 0.450782 0.076423 0.014476
8 0.745528 0.449624 0.112195 0.014476
1 0.492683 0.527794 0.182114 0.017950
5 0.291870 0.558483 0.362602 0.021424
6 0.691870 0.557904 0.186992 0.015634
5 0.232520 0.575854 0.227642 0.015634
11 0.717886 0.574696 0.232520 0.014476
11 0.267480 0.592357 0.313821 0.016213
6 0.752033 0.589751 0.082927 0.014476
5 0.246341 0.605385 0.255285 0.015634
6 0.778049 0.605096 0.069919 0.013897
11 0.269919 0.622467 0.305691 0.016213
6 0.750407 0.619861 0.079675 0.014476
6 0.207317 0.697163 0.213008 0.015055
2 0.411382 0.696873 0.149593 0.013318
11 0.586179 0.696584 0.147967 0.015055
6 0.716260 0.696873 0.082927 0.014476
11 0.804065 0.697452 0.050407 0.017950
11 0.733333 0.312970 0.117073 0.015634