0 0.478987 0.143502 0.544181 0.021059
5 0.480603 0.171179 0.482759 0.022262
1 0.478448 0.201264 0.217672 0.023466
11 0.477371 0.230746 0.288793 0.023466
1 0.476293 0.258724 0.784483 0.020457
5 0.477371 0.287605 0.625000 0.021661
11 0.286638 0.314982 0.084052 0.021059
11 0.564116 0.313779 0.078664 0.018652
4 0.503233 0.343863 0.510776 0.023466
9 0.152478 0.369134 0.173491 0.018652
1 0.373922 0.370036 0.198276 0.018051
11 0.108836 0.398616 0.079741 0.018652
2 0.480065 0.398315 0.414871 0.019254
10 0.128233 0.428099 0.118534 0.018652
11 0.318427 0.427497 0.093750 0.017449
4 0.489763 0.454874 0.264009 0.019254
5 0.232759 0.500903 0.183190 0.021059
11 0.532866 0.501203 0.057112 0.019254
11 0.669720 0.499398 0.082974 0.016847
5 0.825970 0.499398 0.126078 0.015644
6 0.095366 0.527076 0.018319 0.018051
6 0.091595 0.581528 0.019397 0.018652
9 0.289871 0.525872 0.340517 0.016847
11 0.355065 0.554152 0.483836 0.018051
9 0.289332 0.580927 0.341595 0.017449
11 0.348599 0.607401 0.473060 0.019856
6 0.548491 0.527377 0.019397 0.015042
6 0.548491 0.580626 0.025862 0.016847
8 0.674569 0.526474 0.075431 0.016847
8 0.675108 0.580325 0.072198 0.016245
8 0.843750 0.526173 0.088362 0.018652
8 0.842134 0.580626 0.087284 0.016847
11 0.515086 0.638989 0.092672 0.015644
3 0.849138 0.638087 0.079741 0.015042
5 0.495151 0.666667 0.130388 0.016847
8 0.859375 0.667268 0.063578 0.016847
3 0.308728 0.696149 0.498922 0.019254
8 0.848060 0.695848 0.079741 0.015042
5 0.443427 0.722924 0.229526 0.017449
8 0.847522 0.723225 0.080819 0.016847
5 0.497306 0.751805 0.126078 0.018652
8 0.857759 0.750000 0.062500 0.015042
4 0.196659 0.794224 0.205819 0.018051
11 0.390625 0.793020 0.029095 0.015644
5 0.595905 0.793020 0.178879 0.016847
4 0.799030 0.792720 0.123922 0.017449
11 0.122306 0.820397 0.061422 0.015042
8 0.376078 0.820096 0.064655 0.016847
8 0.645474 0.820999 0.079741 0.016245
8 0.832974 0.820698 0.062500 0.016847
5 0.463362 0.886282 0.508621 0.020457
5 0.465517 0.914561 0.497845 0.022864
5 0.475216 0.939832 0.728448 0.019254