0 0.413130 0.132916 0.765252 0.039093
1 0.286472 0.175528 0.509284 0.027365
5 0.221485 0.201720 0.381963 0.023456
9 0.210212 0.234949 0.332891 0.022674
9 0.582228 0.230649 0.326260 0.028147
0 0.224801 0.261532 0.303714 0.024238
1 0.488727 0.258405 0.163130 0.021110
4 0.176393 0.294762 0.198939 0.023456
6 0.533156 0.288507 0.249337 0.021892
4 0.431034 0.330727 0.328912 0.035966
5 0.212202 0.377248 0.270557 0.025801
5 0.291114 0.422596 0.446950 0.028929
11 0.169098 0.455043 0.118037 0.018765
8 0.777851 0.444097 0.096817 0.020328
11 0.891247 0.443706 0.047745 0.022674
5 0.245358 0.485145 0.374005 0.025801
11 0.174403 0.517201 0.123342 0.021110
8 0.781830 0.504691 0.096817 0.019547
11 0.895225 0.503127 0.047745 0.021110
4 0.283820 0.549257 0.503979 0.028929
3 0.781830 0.540657 0.096817 0.021110
5 0.454907 0.576622 0.172414 0.022674
11 0.458223 0.614543 0.171088 0.023456
8 0.785809 0.609461 0.094164 0.024238
11 0.423077 0.665364 0.095491 0.023456
8 0.787135 0.660672 0.096817 0.021892
5 0.446286 0.694683 0.147215 0.019547
8 0.795756 0.690383 0.074271 0.018765
4 0.157825 0.737295 0.233422 0.023456
5 0.507958 0.730649 0.212202 0.025801
4 0.831565 0.726349 0.145889 0.023456
11 0.124668 0.767396 0.175066 0.022674
8 0.567639 0.758796 0.100796 0.022674
8 0.866711 0.753323 0.080902 0.021110
1 0.215517 0.821345 0.348806 0.027365
2 0.610080 0.813135 0.323607 0.026583
5 0.122016 0.850665 0.140584 0.020328
5 0.448939 0.927287 0.285146 0.029711
5 0.452255 0.966771 0.506631 0.035184
11 0.377984 0.293589 0.015915 0.017983
8 0.793767 0.569977 0.080902 0.020328