0 0.482870 0.219552 0.269444 0.011192
2 0.483333 0.230086 0.098148 0.008558
1 0.483796 0.242923 0.062037 0.010533
1 0.483796 0.254773 0.232407 0.009217
1 0.482870 0.266623 0.175000 0.010533
4 0.482870 0.277156 0.076852 0.009217
9 0.419444 0.288348 0.166667 0.009217
11 0.349537 0.305135 0.025000 0.008558
11 0.441204 0.306452 0.021296 0.009875
11 0.617593 0.304147 0.027778 0.007900
9 0.432407 0.318960 0.190741 0.009875
8 0.353704 0.332785 0.035185 0.009875
6 0.435185 0.331468 0.009259 0.007242
8 0.615278 0.330481 0.030556 0.010533
9 0.417130 0.348914 0.163889 0.011850
8 0.352315 0.362739 0.030556 0.009217
6 0.434722 0.362739 0.006481 0.007900
8 0.614815 0.361422 0.031481 0.010533
3 0.576852 0.382488 0.107407 0.009217
4 0.586574 0.394668 0.099074 0.012508
3 0.590278 0.406517 0.095370 0.011192
5 0.376852 0.424292 0.079630 0.009875
5 0.609722 0.422646 0.043519 0.007900
11 0.354630 0.436471 0.035185 0.007900
8 0.614815 0.436142 0.031481 0.009875
5 0.358796 0.449309 0.043519 0.009875
8 0.614815 0.447992 0.031481 0.008558
4 0.370833 0.477946 0.069444 0.007900
5 0.511574 0.477617 0.047222 0.008558
4 0.616204 0.477288 0.030556 0.009217
4 0.371759 0.491113 0.071296 0.007900
8 0.525000 0.490125 0.020370 0.007242
8 0.620833 0.489796 0.021296 0.006583
4 0.482407 0.508887 0.140741 0.009217
5 0.482870 0.521396 0.191667 0.010533
4 0.482870 0.532587 0.126852 0.010533
5 0.482407 0.544108 0.140741 0.009875
5 0.481944 0.555300 0.173148 0.008558
5 0.482407 0.568795 0.153704 0.010533