0 0.477018 0.217972 0.554933 0.024318
1 0.487668 0.245255 0.531390 0.024318
5 0.480381 0.274318 0.276906 0.019573
1 0.494395 0.306050 0.417040 0.023725
11 0.483744 0.334520 0.236547 0.020166
4 0.493834 0.363582 0.496637 0.021352
1 0.505605 0.422894 0.556054 0.021352
11 0.180493 0.482206 0.139013 0.020166
6 0.504484 0.481613 0.121076 0.021352
2 0.822309 0.480427 0.160314 0.021352
5 0.307735 0.540629 0.395740 0.019573
11 0.821188 0.539146 0.162556 0.021352
8 0.267937 0.569692 0.239910 0.021945
5 0.375561 0.599644 0.533632 0.022539
11 0.812220 0.599348 0.182735 0.019573
4 0.406390 0.657770 0.599776 0.022539
3 0.811659 0.657770 0.100897 0.021352
5 0.635650 0.686240 0.143498 0.021352
8 0.812780 0.686833 0.098655 0.020166
5 0.614910 0.716785 0.182735 0.021945
11 0.833520 0.716192 0.063901 0.020759
4 0.218049 0.778173 0.223094 0.026097
5 0.523543 0.776097 0.195067 0.020759
4 0.811099 0.776394 0.137892 0.020166
11 0.171525 0.806346 0.121076 0.021945
8 0.575673 0.804864 0.102018 0.021352
8 0.843610 0.804567 0.081839 0.021945
5 0.487108 0.896797 0.554933 0.026097
9 0.497758 0.924970 0.769058 0.025504