6 0.458609 0.080711 0.178808 0.030886
0 0.432119 0.122669 0.715232 0.015734
1 0.420530 0.141900 0.205298 0.016900
5 0.421358 0.159965 0.379139 0.015734
5 0.421358 0.178613 0.740066 0.015734
5 0.430464 0.198135 0.493377 0.016317
1 0.443709 0.217657 0.867550 0.018065
1 0.442881 0.236597 0.865894 0.018648
5 0.430464 0.254953 0.185430 0.016900
4 0.442881 0.274184 0.557947 0.019231
5 0.439570 0.292541 0.776490 0.017483
11 0.442881 0.310897 0.468543 0.016900
4 0.441225 0.330128 0.246689 0.016900
5 0.451987 0.368007 0.225166 0.015734
9 0.232616 0.405303 0.445364 0.016900
2 0.418046 0.425117 0.822848 0.016900
5 0.100166 0.442599 0.183775 0.015734
5 0.210265 0.462413 0.321192 0.016900
5 0.188742 0.482809 0.271523 0.018065
5 0.211093 0.500874 0.312914 0.015734
5 0.188742 0.520105 0.182119 0.016900
4 0.273179 0.557692 0.536424 0.018648
11 0.153974 0.576049 0.298013 0.016900
5 0.152318 0.595280 0.291391 0.016900
5 0.075331 0.615093 0.140728 0.018065
4 0.242550 0.652389 0.468543 0.018065
11 0.814570 0.444347 0.119205 0.016900
8 0.817881 0.464452 0.115894 0.015152
8 0.825331 0.483100 0.097682 0.015152
8 0.817053 0.501457 0.120861 0.015734
3 0.814570 0.558566 0.115894 0.015734
8 0.814570 0.577214 0.119205 0.015734
8 0.803808 0.597319 0.137417 0.015152
8 0.814570 0.615676 0.112583 0.015734
8 0.823675 0.654720 0.087748 0.015734
5 0.413079 0.709499 0.687086 0.018065
5 0.452815 0.749417 0.571192 0.017483
11 0.427980 0.767483 0.051325 0.015152
5 0.437086 0.786422 0.645695 0.018065
5 0.436258 0.805653 0.468543 0.019231
5 0.425497 0.844697 0.536424 0.018065
5 0.399834 0.881993 0.710265 0.019231
5 0.436258 0.900932 0.865894 0.018648