0 0.508929 0.077823 0.904221 0.020161
1 0.508117 0.097177 0.451299 0.016935
1 0.504870 0.115323 0.487013 0.019355
9 0.344156 0.134274 0.298701 0.018548
9 0.668019 0.134274 0.306818 0.018548
4 0.508117 0.152016 0.386364 0.016935
4 0.504058 0.191532 0.573052 0.031452
11 0.616883 0.237500 0.431818 0.028226
9 0.114448 0.262903 0.137987 0.019355
2 0.677760 0.265323 0.310065 0.016129
5 0.325487 0.293548 0.566558 0.027419
5 0.275974 0.321774 0.467532 0.020968
5 0.190747 0.340323 0.290584 0.019355
1 0.307630 0.360081 0.524351 0.016935
11 0.237825 0.376210 0.391234 0.016935
2 0.543019 0.394758 0.254870 0.018548
11 0.754870 0.394355 0.090909 0.017742
11 0.066558 0.417742 0.061688 0.016129
11 0.414773 0.416935 0.063312 0.012903
11 0.490260 0.417339 0.058442 0.015323
11 0.568182 0.416935 0.058442 0.014516
11 0.644481 0.416532 0.029221 0.013710
11 0.711039 0.417339 0.077922 0.015323
11 0.853896 0.417339 0.139610 0.016935
5 0.133117 0.445161 0.194805 0.017742
8 0.403409 0.446371 0.086039 0.016935
6 0.512175 0.446371 0.024351 0.015323
6 0.586039 0.446774 0.022727 0.016129
6 0.645292 0.446371 0.027597 0.016935
6 0.738636 0.447177 0.025974 0.013710
8 0.883117 0.445968 0.084416 0.016129
5 0.124188 0.464113 0.180195 0.016935
8 0.403409 0.465726 0.086039 0.015323
6 0.509740 0.464919 0.025974 0.015323
6 0.586039 0.464919 0.019481 0.015323
6 0.644481 0.465323 0.025974 0.014516
6 0.737825 0.465726 0.021104 0.015323
8 0.883117 0.464516 0.084416 0.014516
5 0.125812 0.484677 0.180195 0.019355
8 0.405844 0.483871 0.081169 0.016129
6 0.510552 0.483065 0.024351 0.014516
6 0.586851 0.483065 0.017857 0.014516
6 0.643669 0.483871 0.024351 0.014516
6 0.741071 0.483468 0.024351 0.013710
8 0.883117 0.484274 0.081169 0.015323
11 0.478896 0.516532 0.340909 0.031452
8 0.780032 0.515726 0.102273 0.031452
5 0.197240 0.550000 0.323052 0.019355
8 0.405844 0.548790 0.077922 0.016935
6 0.511364 0.550000 0.022727 0.016129
6 0.586851 0.550000 0.027597 0.014516
6 0.642857 0.550403 0.022727 0.015323
6 0.741071 0.551210 0.024351 0.013710
8 0.872565 0.549597 0.102273 0.016935
5 0.137175 0.568145 0.196429 0.015323
8 0.404221 0.567339 0.081169 0.015323
6 0.500000 0.568952 0.048701 0.015323
6 0.586039 0.568952 0.022727 0.015323
6 0.642857 0.568548 0.022727 0.014516
6 0.730519 0.568952 0.045455 0.013710
8 0.876623 0.568548 0.097403 0.017742
5 0.134740 0.587903 0.198052 0.014516
8 0.409903 0.587097 0.086039 0.014516
6 0.513799 0.587903 0.021104 0.014516
6 0.586039 0.587903 0.032468 0.012903
6 0.645292 0.587500 0.021104 0.013710
6 0.739448 0.587500 0.017857 0.012097
8 0.875000 0.586694 0.100649 0.013710
4 0.362825 0.622177 0.573052 0.034677
8 0.779221 0.618952 0.100649 0.028226
4 0.612825 0.656048 0.076299 0.028226
8 0.788961 0.656048 0.084416 0.026613
4 0.376623 0.698387 0.564935 0.035484
8 0.775974 0.697984 0.100649 0.026613
11 0.477273 0.737500 0.350649 0.034677
8 0.776786 0.735484 0.102273 0.027419
11 0.516234 0.779032 0.266234 0.033871
3 0.779221 0.775403 0.100649 0.028226
11 0.120130 0.819758 0.155844 0.015323
5 0.475649 0.840323 0.870130 0.019355
5 0.421266 0.858065 0.748377 0.017742
5 0.478896 0.878629 0.870130 0.020161
4 0.403409 0.896371 0.715909 0.020161
4 0.421266 0.916532 0.758117 0.020161
5 0.192370 0.935887 0.300325 0.015323
5 0.507305 0.954032 0.387987 0.017742
11 0.215097 0.418145 0.079545 0.013710