0 0.505946 0.157283 0.192300 0.012970
1 0.507458 0.171038 0.207821 0.012828
5 0.504233 0.185077 0.171941 0.012685
1 0.503326 0.199045 0.185850 0.013255
4 0.507357 0.213227 0.151179 0.012828
1 0.511389 0.226981 0.101189 0.012115
11 0.507761 0.241519 0.193509 0.013255
11 0.508164 0.255701 0.192300 0.013683
9 0.422999 0.284350 0.106632 0.012543
11 0.610462 0.282212 0.044951 0.011973
5 0.444467 0.297748 0.107640 0.012828
9 0.423906 0.312571 0.107236 0.011403
5 0.437412 0.326040 0.094739 0.013255
11 0.610260 0.310718 0.044951 0.011403
9 0.424108 0.340579 0.107640 0.012970
5 0.433884 0.354903 0.088893 0.012543
11 0.610865 0.338940 0.044951 0.011688
11 0.380770 0.383267 0.064906 0.012543
3 0.615299 0.380844 0.036888 0.011403
4 0.419774 0.397092 0.144124 0.012828
8 0.616005 0.394954 0.035880 0.011688
4 0.434489 0.410918 0.173554 0.012543
8 0.616509 0.409208 0.034872 0.011403
11 0.363233 0.425599 0.031042 0.011688
8 0.615904 0.423176 0.036888 0.011403
5 0.392260 0.439495 0.087886 0.012115
9 0.487906 0.452181 0.220318 0.013255
4 0.388329 0.467645 0.079218 0.011688
5 0.512296 0.466078 0.044951 0.011403
4 0.622858 0.464795 0.024189 0.010547
11 0.374824 0.481756 0.050998 0.011688
8 0.519653 0.479832 0.031042 0.010975
8 0.618928 0.478905 0.030034 0.011403
11 0.366962 0.495510 0.036485 0.012115
8 0.520762 0.494227 0.030841 0.011830
8 0.619633 0.492873 0.030639 0.011403
2 0.406168 0.509692 0.115702 0.013113
9 0.577908 0.507982 0.114090 0.012828
9 0.427434 0.523731 0.157428 0.013255
5 0.506350 0.550456 0.115702 0.012828
11 0.506249 0.564923 0.170329 0.012115
5 0.506652 0.578749 0.200968 0.013255
5 0.502923 0.592503 0.123765 0.012828
5 0.512497 0.438569 0.072364 0.011688
8 0.618928 0.437215 0.030034 0.010690