4 0.497279 0.140964 0.082241 0.008837
0 0.497984 0.152794 0.104616 0.008837
4 0.498891 0.168686 0.198750 0.007839
5 0.495666 0.183010 0.210038 0.008837
5 0.496472 0.196622 0.226164 0.009835
1 0.498186 0.211303 0.292884 0.009835
11 0.497581 0.224202 0.042532 0.009407
5 0.408285 0.259621 0.121951 0.008409
5 0.576698 0.260690 0.097561 0.009407
11 0.367769 0.294897 0.039710 0.008837
11 0.454949 0.293971 0.041927 0.006984
11 0.537089 0.294897 0.016730 0.010832
11 0.610058 0.295040 0.078815 0.011403
11 0.427636 0.307725 0.161863 0.008837
5 0.415642 0.328677 0.136666 0.009407
11 0.433784 0.343144 0.170127 0.009835
5 0.380065 0.367660 0.065511 0.010405
6 0.358093 0.386901 0.011893 0.008409
6 0.358799 0.404290 0.010482 0.009835
8 0.577101 0.429091 0.041524 0.008694
11 0.390546 0.445838 0.087684 0.009122
11 0.522475 0.446123 0.007257 0.005416
11 0.381979 0.462443 0.071357 0.008124
11 0.522475 0.463369 0.005644 0.007127
3 0.596553 0.462871 0.038500 0.008124
5 0.406168 0.480259 0.120540 0.008694
11 0.522576 0.480188 0.003830 0.007127
8 0.595948 0.479119 0.040113 0.008409
11 0.390445 0.496223 0.089095 0.008124
11 0.521770 0.496508 0.004233 0.006129
8 0.599879 0.496294 0.031848 0.007697
5 0.373614 0.513754 0.056642 0.008409
11 0.522072 0.513184 0.005644 0.006414
8 0.600282 0.512828 0.031445 0.007697
5 0.385305 0.530502 0.080024 0.009407
11 0.521367 0.529860 0.006249 0.006129
8 0.595545 0.529290 0.038500 0.008409
4 0.409192 0.545824 0.128603 0.008409
11 0.520762 0.546679 0.004233 0.006129
8 0.600181 0.546394 0.032453 0.008124
5 0.494457 0.574330 0.239065 0.010120
5 0.494961 0.591790 0.159041 0.010832
5 0.494558 0.604689 0.111873 0.008409
5 0.494255 0.618729 0.207216 0.009407
5 0.497178 0.633908 0.288853 0.010120
5 0.494658 0.647306 0.176174 0.008409
9 0.493852 0.661559 0.223745 0.009265
5 0.483169 0.682440 0.254787 0.009122
5 0.482665 0.694769 0.141705 0.009550
11 0.484781 0.711303 0.204797 0.009835
5 0.483471 0.724772 0.144124 0.009407
5 0.482362 0.747719 0.270913 0.009122
5 0.482866 0.760975 0.238863 0.009407
5 0.483975 0.772948 0.202379 0.007982
5 0.482665 0.784350 0.142512 0.009407
5 0.483169 0.803164 0.064100 0.009122
5 0.482766 0.814994 0.226567 0.007982
0 0.483471 0.828036 0.129208 0.007554
6 0.636868 0.827608 0.007055 0.007269
2 0.586172 0.308153 0.116509 0.008837
11 0.456864 0.367375 0.034872 0.007839
5 0.513707 0.367588 0.048176 0.009407
11 0.573675 0.367303 0.034267 0.008837
11 0.632836 0.366876 0.042532 0.008837
11 0.395888 0.386545 0.034267 0.008837
11 0.445575 0.387115 0.032050 0.010832
5 0.519250 0.386545 0.064906 0.008837
8 0.628200 0.386545 0.038097 0.007697
11 0.396291 0.403863 0.034267 0.008694
11 0.445273 0.404789 0.026608 0.009407
5 0.519149 0.404148 0.063898 0.008124
8 0.628099 0.403649 0.039508 0.009122
8 0.626688 0.428877 0.039508 0.007697