11 0.167373 0.024949 0.125706 0.019822
8 0.526836 0.016405 0.081921 0.016405
8 0.808616 0.012303 0.086158 0.016405
5 0.456215 0.045455 0.666667 0.029392
10 0.270480 0.104580 0.422316 0.024607
5 0.771893 0.096377 0.278249 0.023240
2 0.254237 0.134313 0.378531 0.025290
0 0.497881 0.324334 0.665254 0.022556
9 0.475282 0.354751 0.227401 0.020506
1 0.483051 0.380725 0.646893 0.020506
1 0.485876 0.410458 0.807910 0.022556
11 0.371469 0.436432 0.494350 0.018455
11 0.776836 0.435748 0.144068 0.022556
4 0.478107 0.464115 0.481638 0.023240
4 0.488701 0.517088 0.468927 0.019822
9 0.283898 0.546138 0.443503 0.021873
2 0.766949 0.542379 0.299435 0.018455
6 0.201977 0.571770 0.271186 0.018455
11 0.454802 0.573137 0.019774 0.012987
6 0.605932 0.571087 0.016949 0.017088
3 0.841102 0.569720 0.148305 0.018455
5 0.233051 0.600478 0.338983 0.023923
5 0.230226 0.655502 0.336158 0.020506
11 0.401836 0.707792 0.425141 0.019822
5 0.781780 0.294942 0.329096 0.036227
8 0.805791 0.707792 0.210452 0.019822
11 0.508475 0.735133 0.209040 0.018455
8 0.805791 0.734108 0.210452 0.020506
4 0.177966 0.790841 0.228814 0.023240
5 0.464689 0.790499 0.211864 0.021189
4 0.774718 0.791183 0.148305 0.022556
11 0.165254 0.817157 0.129944 0.019822
8 0.523305 0.816473 0.105932 0.018455
8 0.808616 0.817157 0.088983 0.018455
11 0.166667 0.843472 0.132768 0.019139
8 0.530367 0.843814 0.083333 0.018455
8 0.810028 0.844498 0.086158 0.017088
5 0.458333 0.871839 0.665254 0.018455
10 0.273305 0.928913 0.425141 0.023240
5 0.774718 0.928571 0.272599 0.023923
2 0.254237 0.954887 0.375706 0.024607