0 0.501073 0.080142 0.384120 0.018700
11 0.500000 0.100401 0.190987 0.021817
5 0.498927 0.135352 0.416309 0.020481
1 0.499464 0.153829 0.387339 0.019145
5 0.500536 0.170971 0.234979 0.019590
1 0.500000 0.189448 0.351931 0.019145
4 0.506438 0.208148 0.409871 0.021817
4 0.509657 0.252449 0.221030 0.035619
9 0.387339 0.296082 0.504292 0.019590
2 0.686695 0.315004 0.276824 0.019145
11 0.660408 0.333927 0.219957 0.018700
9 0.290773 0.351069 0.309013 0.020926
5 0.611052 0.350401 0.121245 0.019590
6 0.832082 0.350846 0.106223 0.019590
5 0.243562 0.385797 0.206009 0.019145
5 0.777361 0.387578 0.181330 0.020926
9 0.414700 0.440561 0.561159 0.020926
6 0.296137 0.458816 0.221030 0.019145
11 0.812232 0.459706 0.180258 0.020926
9 0.329399 0.493321 0.388412 0.019590
11 0.804185 0.494212 0.196352 0.018700
4 0.376073 0.547863 0.481760 0.020036
3 0.755365 0.548308 0.096567 0.017364
5 0.256438 0.566118 0.242489 0.019145
8 0.763412 0.565895 0.084764 0.017809
11 0.262876 0.582814 0.253219 0.020481
8 0.757511 0.583704 0.103004 0.019590
5 0.232833 0.621327 0.195279 0.016474
8 0.749464 0.620659 0.121245 0.020481
4 0.168455 0.673197 0.060086 0.018700
11 0.252682 0.671861 0.050429 0.020481
6 0.404506 0.673197 0.053648 0.018700
8 0.586373 0.672752 0.101931 0.017809
8 0.761266 0.673197 0.084764 0.018700
4 0.268240 0.691674 0.274678 0.021817
8 0.756438 0.690784 0.098712 0.017364
5 0.248391 0.725957 0.234979 0.020926
6 0.793455 0.727738 0.028970 0.018255
5 0.506438 0.798976 0.549356 0.022707
9 0.514485 0.928762 0.561159 0.020481