0 0.497326 0.124395 0.806417 0.028479
1 0.498396 0.155024 0.173262 0.023106
1 0.497861 0.179742 0.480214 0.022031
5 0.500000 0.203385 0.182888 0.023106
1 0.497861 0.229715 0.424599 0.023106
9 0.502139 0.252284 0.324064 0.022031
4 0.499465 0.286674 0.404278 0.022031
4 0.499465 0.315153 0.496257 0.024181
11 0.105348 0.352499 0.114439 0.020419
5 0.119786 0.381784 0.139037 0.022031
5 0.496791 0.966416 0.773262 0.016658
9 0.404278 0.381515 0.260963 0.023643
2 0.748128 0.380441 0.311230 0.018270
10 0.118717 0.407039 0.136898 0.022031
11 0.349198 0.406771 0.157219 0.023643
8 0.843316 0.915368 0.080214 0.022031
11 0.734759 0.407577 0.278075 0.025255
5 0.174866 0.433369 0.257754 0.022031
11 0.647059 0.433907 0.096257 0.025255
11 0.089305 0.481462 0.082353 0.019344
11 0.402139 0.484148 0.068449 0.020419
5 0.567914 0.480656 0.134759 0.024181
5 0.750267 0.482536 0.152941 0.019344
4 0.891444 0.481999 0.086631 0.020419
6 0.100000 0.506985 0.090909 0.022031
6 0.404278 0.506717 0.036364 0.017195
3 0.565241 0.506717 0.088770 0.019344
8 0.780214 0.507523 0.088770 0.023106
11 0.894118 0.507254 0.064171 0.018270
5 0.255615 0.532241 0.434225 0.024181
11 0.222460 0.559377 0.162567 0.019344
6 0.401070 0.558302 0.029947 0.017195
8 0.779679 0.558839 0.096257 0.018270
4 0.388235 0.597260 0.498396 0.023106
8 0.778075 0.596991 0.088770 0.018270
5 0.538503 0.624127 0.189305 0.022031
8 0.779144 0.624395 0.078075 0.020419
4 0.531551 0.653949 0.207487 0.019344
8 0.783422 0.654487 0.082353 0.018270
5 0.541176 0.685384 0.194652 0.025255
8 0.781283 0.683772 0.090909 0.022031
4 0.350802 0.717625 0.564706 0.023106
8 0.781283 0.717356 0.082353 0.020419
11 0.564171 0.748791 0.146524 0.023106
8 0.779144 0.748522 0.082353 0.020419
5 0.547059 0.774852 0.180749 0.020419
8 0.779144 0.774584 0.082353 0.022031
4 0.268449 0.827243 0.303743 0.022031
4 0.213904 0.859484 0.171123 0.022031
11 0.395722 0.858947 0.027807 0.023106
11 0.580749 0.859753 0.168984 0.020419
4 0.802139 0.857335 0.160428 0.023106
11 0.153476 0.882053 0.056684 0.023106
6 0.398930 0.881784 0.034225 0.020419
8 0.622995 0.882859 0.084492 0.020419
8 0.841176 0.882590 0.086631 0.022031
11 0.379679 0.914831 0.132620 0.022031
8 0.622995 0.915637 0.088770 0.019344