0 0.454485 0.070339 0.432396 0.027119
0 0.454485 0.095339 0.571620 0.029661
1 0.454485 0.127966 0.646586 0.033898
5 0.453815 0.157627 0.538153 0.032203
1 0.459170 0.187712 0.385542 0.029661
9 0.457831 0.215678 0.248996 0.024576
4 0.453815 0.250847 0.433735 0.025424
4 0.457162 0.285593 0.293173 0.025424
11 0.141901 0.320763 0.093708 0.021186
11 0.132530 0.353814 0.072289 0.021186
10 0.170683 0.390254 0.153949 0.021186
6 0.274431 0.322458 0.125837 0.019492
11 0.267738 0.353814 0.104418 0.019492
9 0.344043 0.390678 0.125837 0.020339
2 0.684739 0.325847 0.311914 0.022881
11 0.139893 0.425000 0.060241 0.026271
5 0.291834 0.425424 0.184739 0.025424
11 0.607095 0.425000 0.084337 0.022881
11 0.801205 0.425847 0.081660 0.021186
5 0.457831 0.468644 0.722892 0.023729
6 0.155957 0.502542 0.020080 0.022034
6 0.240964 0.500847 0.107095 0.018644
3 0.602410 0.504237 0.093708 0.022034
8 0.795850 0.504661 0.092369 0.019492
6 0.159304 0.545763 0.026774 0.022034
11 0.242972 0.546610 0.092369 0.025424
6 0.354752 0.545339 0.018742 0.021186
11 0.481928 0.545763 0.088353 0.022034
8 0.797189 0.547458 0.092369 0.022034
5 0.226238 0.582627 0.227577 0.027966
8 0.807229 0.583051 0.069612 0.022034
4 0.291834 0.617373 0.358768 0.021186
11 0.163989 0.655508 0.105756 0.019492
5 0.180054 0.688559 0.135207 0.026271
4 0.257697 0.729237 0.290495 0.024576
11 0.155288 0.761441 0.088353 0.019492
11 0.137216 0.800424 0.054886 0.019492
11 0.271754 0.761017 0.034806 0.020339
6 0.262383 0.800000 0.053548 0.022034
5 0.432396 0.761017 0.139224 0.018644
8 0.452477 0.798729 0.099063 0.021186
4 0.643909 0.759746 0.080321 0.019492
8 0.647256 0.797881 0.070950 0.019492
11 0.149264 0.837288 0.084337 0.022034
8 0.451138 0.835169 0.093708 0.021186
8 0.647256 0.834746 0.065596 0.020339
8 0.797189 0.619068 0.089692 0.021186
8 0.796519 0.655508 0.091031 0.021186
8 0.795850 0.684322 0.092369 0.021186
11 0.803213 0.758475 0.080321 0.020339
8 0.799866 0.797881 0.095047 0.019492
8 0.800535 0.833898 0.093708 0.020339
5 0.456493 0.885169 0.749665 0.038136
5 0.459839 0.925424 0.705489 0.025424
5 0.462517 0.954237 0.194110 0.025424