0 0.500532 0.110496 0.790426 0.018777
1 0.496277 0.136013 0.175532 0.021666
1 0.496809 0.160568 0.474468 0.018777
5 0.492553 0.179827 0.182979 0.021666
1 0.496277 0.205344 0.413830 0.018777
9 0.500000 0.225084 0.319149 0.020703
4 0.494681 0.256861 0.395745 0.019740
4 0.492021 0.278527 0.496809 0.021666
11 0.099468 0.314155 0.111702 0.019740
5 0.120745 0.339913 0.137234 0.016370
5 0.499468 0.963168 0.798936 0.016851
9 0.414362 0.341839 0.271277 0.018296
2 0.744681 0.340154 0.323404 0.021666
10 0.116489 0.364227 0.137234 0.021666
8 0.830319 0.918151 0.092553 0.018296
11 0.354255 0.366635 0.159574 0.016851
11 0.723936 0.363024 0.267021 0.020221
5 0.172340 0.388782 0.248936 0.021666
11 0.640426 0.388782 0.093617 0.019740
11 0.086170 0.431151 0.080851 0.019740
11 0.398936 0.432114 0.057447 0.018777
5 0.565957 0.430429 0.131915 0.018296
5 0.745745 0.431391 0.146809 0.017333
4 0.884043 0.431391 0.068085 0.017333
6 0.092553 0.451854 0.078723 0.019740
6 0.399468 0.452335 0.032979 0.015888
8 0.565426 0.451854 0.071277 0.015888
8 0.775532 0.452817 0.072340 0.014925
11 0.885106 0.452576 0.048936 0.016370
5 0.216489 0.475927 0.328723 0.015888
6 0.090957 0.501444 0.081915 0.014925
6 0.396277 0.501444 0.022340 0.014925
8 0.563298 0.500963 0.090426 0.015888
8 0.759043 0.501926 0.113830 0.013962
11 0.887766 0.501685 0.060638 0.018296
5 0.267021 0.525518 0.427660 0.014925
6 0.094149 0.551757 0.077660 0.013481
6 0.398404 0.552480 0.024468 0.013962
8 0.565957 0.551998 0.091489 0.013962
8 0.763298 0.551035 0.088298 0.013962
11 0.885106 0.552239 0.044681 0.017333
5 0.268085 0.576553 0.429787 0.015888
11 0.223936 0.598941 0.156383 0.017333
6 0.394681 0.598219 0.038298 0.013962
3 0.758511 0.598459 0.110638 0.011555
4 0.388298 0.632162 0.482979 0.021184
8 0.755851 0.633365 0.105319 0.014925
5 0.535106 0.657920 0.176596 0.015888
8 0.777128 0.658402 0.077660 0.014925
4 0.531383 0.682475 0.203191 0.017814
8 0.773404 0.683197 0.080851 0.018296
5 0.534043 0.711363 0.200000 0.021666
8 0.770213 0.711363 0.093617 0.021666
4 0.348404 0.740732 0.560638 0.020703
8 0.755319 0.738806 0.121277 0.021666
11 0.557979 0.767694 0.152128 0.014925
8 0.751064 0.766490 0.117021 0.017333
5 0.540426 0.791286 0.187234 0.020703
8 0.770745 0.792008 0.086170 0.018296
4 0.263830 0.837987 0.304255 0.020703
4 0.203723 0.866394 0.164894 0.019740
11 0.386702 0.866394 0.043617 0.019740
11 0.570745 0.868560 0.160638 0.017333
4 0.796277 0.868079 0.152128 0.017333
11 0.157979 0.888541 0.058511 0.015888
6 0.394149 0.888541 0.047872 0.015888
8 0.590957 0.888060 0.118085 0.013962
8 0.832979 0.887578 0.076596 0.015888
11 0.373936 0.917670 0.113830 0.016370
8 0.593617 0.919114 0.123404 0.016370