0 0.493026 0.124378 0.638412 0.020805
9 0.493562 0.143374 0.270386 0.018091
1 0.491953 0.163727 0.443133 0.016282
1 0.500000 0.186567 0.510730 0.016735
9 0.310086 0.219358 0.319742 0.018996
9 0.674356 0.220262 0.320815 0.016282
4 0.491416 0.242877 0.405579 0.016282
4 0.489807 0.267978 0.256438 0.017639
5 0.106760 0.287879 0.123391 0.016735
5 0.320815 0.311624 0.549356 0.015378
5 0.223176 0.330393 0.354077 0.016735
1 0.220494 0.350294 0.350858 0.017639
5 0.232833 0.372682 0.375536 0.015378
9 0.155043 0.394166 0.226395 0.014925
5 0.114270 0.414292 0.138412 0.014473
11 0.278433 0.414971 0.018240 0.012212
9 0.413090 0.414744 0.216738 0.015378
2 0.788090 0.415875 0.299356 0.016735
10 0.111052 0.436454 0.138412 0.016282
11 0.277361 0.437359 0.013948 0.011759
11 0.356760 0.437359 0.104077 0.015378
11 0.769313 0.438263 0.259657 0.016282
5 0.144850 0.460651 0.206009 0.019448
11 0.277361 0.461782 0.020386 0.010855
11 0.693133 0.462008 0.085837 0.017639
11 0.077253 0.506558 0.068670 0.013569
11 0.331545 0.507689 0.057940 0.017639
5 0.466202 0.506332 0.106223 0.013116
4 0.608906 0.493216 0.095494 0.014925
4 0.798820 0.493668 0.093348 0.017639
5 0.608369 0.507010 0.109442 0.013569
5 0.777897 0.507915 0.120172 0.013569
4 0.915773 0.508820 0.056867 0.013569
6 0.097639 0.523519 0.109442 0.013116
11 0.098176 0.545907 0.101931 0.014473
6 0.332082 0.525780 0.039700 0.013116
8 0.468348 0.526459 0.084764 0.014473
8 0.609979 0.526459 0.078326 0.014473
8 0.793991 0.526911 0.098712 0.015378
11 0.921674 0.527815 0.045064 0.013569
6 0.099785 0.570330 0.109442 0.014473
5 0.165236 0.591361 0.240343 0.017639
6 0.333155 0.570330 0.020386 0.011759
8 0.466738 0.571009 0.066524 0.013116
8 0.609442 0.571687 0.066524 0.014473
8 0.803648 0.573722 0.081545 0.014925
11 0.924356 0.573496 0.046137 0.014473
11 0.165236 0.614202 0.160944 0.018996
6 0.333155 0.614654 0.041845 0.013569
3 0.790773 0.616689 0.109442 0.014925
4 0.398069 0.651741 0.446352 0.018996
11 0.653433 0.654003 0.015021 0.015378
8 0.791309 0.651741 0.112661 0.013569
5 0.556867 0.677069 0.152361 0.013569
11 0.654506 0.678878 0.017167 0.013569
8 0.807403 0.677974 0.078326 0.014473
4 0.539700 0.703302 0.169528 0.016282
11 0.651288 0.705111 0.015021 0.011759
8 0.799893 0.703754 0.093348 0.014473
5 0.546674 0.730213 0.155579 0.019448
11 0.653433 0.730439 0.015021 0.011759
8 0.809013 0.730439 0.077253 0.014473
4 0.367489 0.756671 0.526824 0.019900
11 0.653433 0.757576 0.021459 0.014473
8 0.788627 0.757350 0.120172 0.014925
11 0.571888 0.781999 0.107296 0.018996
11 0.654506 0.783582 0.017167 0.013116
8 0.788090 0.781999 0.110515 0.013569
5 0.556330 0.802352 0.144850 0.018091
11 0.656116 0.803709 0.011803 0.011759
8 0.808476 0.803256 0.074034 0.013569
4 0.245172 0.847806 0.277897 0.016735
4 0.197425 0.871777 0.167382 0.014925
11 0.393777 0.872908 0.034335 0.014473
11 0.587446 0.873360 0.159871 0.015378
4 0.824034 0.874039 0.156652 0.016735
11 0.141094 0.891904 0.052575 0.013569
6 0.395386 0.893261 0.024678 0.014473
8 0.612124 0.893261 0.114807 0.013569
8 0.859979 0.895070 0.093348 0.014473
11 0.374464 0.914744 0.118026 0.014925
8 0.608369 0.915875 0.113734 0.013569
8 0.858906 0.916780 0.091202 0.013569
5 0.493026 0.953415 0.782189 0.015378