0 0.497462 0.117965 0.727580 0.017624
5 0.493232 0.133030 0.725888 0.017055
5 0.498308 0.147527 0.556684 0.015350
1 0.496616 0.160603 0.181049 0.013076
5 0.498308 0.175099 0.580372 0.013644
5 0.494924 0.188744 0.468697 0.014781
1 0.500000 0.202956 0.617597 0.014781
9 0.494078 0.216600 0.788494 0.014781
4 0.496616 0.231097 0.428088 0.015350
4 0.497462 0.264355 0.477157 0.026151
11 0.109137 0.314667 0.096447 0.014213
2 0.466159 0.342808 0.807107 0.013644
11 0.446701 0.356737 0.764805 0.013076
11 0.110829 0.384025 0.086294 0.013076
11 0.478003 0.384309 0.065990 0.013644
11 0.642978 0.384594 0.071066 0.014213
5 0.808799 0.385731 0.135364 0.011939
11 0.631980 0.399659 0.089679 0.013644
11 0.826565 0.400512 0.082910 0.015350
6 0.200508 0.411597 0.279188 0.013644
6 0.455161 0.413587 0.033841 0.011939
8 0.625212 0.412735 0.106599 0.012507
3 0.816413 0.414440 0.113367 0.013644
11 0.902707 0.414440 0.025381 0.014781
5 0.485618 0.428084 0.846024 0.014781
11 0.211506 0.455941 0.301184 0.015918
6 0.604907 0.457078 0.021997 0.012507
4 0.545685 0.499147 0.323181 0.014781
11 0.554992 0.512791 0.091371 0.013644
5 0.597293 0.526435 0.172589 0.013644
11 0.216582 0.539227 0.206430 0.013076
11 0.200508 0.552871 0.164129 0.013076
5 0.241117 0.567368 0.255499 0.013644
8 0.862098 0.499147 0.113367 0.013644
8 0.873096 0.514213 0.094755 0.014213
8 0.874788 0.528141 0.091371 0.011370
8 0.809645 0.541501 0.214890 0.015350
8 0.792724 0.554576 0.248731 0.013076
8 0.813875 0.569073 0.216582 0.013644
4 0.488156 0.596362 0.576988 0.014781
4 0.489848 0.624218 0.235195 0.015918
11 0.120981 0.652644 0.099831 0.015918
5 0.477157 0.653212 0.135364 0.015918
11 0.658206 0.653496 0.027073 0.013076
4 0.826565 0.654065 0.147208 0.014213
11 0.100677 0.680500 0.052453 0.012507
8 0.490694 0.681353 0.118443 0.014213
6 0.658206 0.681637 0.033841 0.011370
8 0.861252 0.682490 0.091371 0.011939
4 0.583756 0.723422 0.213198 0.013076
8 0.860406 0.724559 0.086294 0.013076
5 0.489848 0.781410 0.627750 0.014213
5 0.488156 0.795623 0.546531 0.011939
5 0.485618 0.809267 0.747885 0.014213
5 0.489848 0.823764 0.827411 0.013644
1 0.491540 0.836555 0.793570 0.013076
5 0.487310 0.851336 0.456853 0.011939