0 0.472359 0.163169 0.735872 0.027082
1 0.469287 0.194651 0.149877 0.023697
5 0.466830 0.216655 0.432432 0.018957
5 0.466216 0.244076 0.158477 0.020988
1 0.466830 0.268450 0.378378 0.020988
9 0.466216 0.290792 0.288698 0.018280
4 0.467445 0.324306 0.362408 0.016249
4 0.467445 0.351049 0.443489 0.019634
11 0.106265 0.390318 0.094595 0.014218
5 0.121007 0.419093 0.121622 0.017603
9 0.387592 0.420785 0.232187 0.019634
2 0.700860 0.420108 0.276413 0.018280
10 0.118550 0.446852 0.116708 0.016249
11 0.334152 0.447190 0.130221 0.015572
11 0.680590 0.445159 0.238329 0.018280
5 0.170147 0.473934 0.227273 0.018957
11 0.601966 0.473595 0.081081 0.016926
11 0.378993 0.523020 0.055283 0.020988
5 0.532555 0.520311 0.114251 0.019634
5 0.697789 0.521327 0.127764 0.017603
4 0.831695 0.520988 0.061425 0.018280
6 0.097052 0.543331 0.073710 0.011510
6 0.380835 0.544008 0.024570 0.011510
8 0.533784 0.542993 0.079853 0.014895
3 0.720516 0.541977 0.082310 0.012864
11 0.837224 0.540623 0.050369 0.012864
5 0.238943 0.559580 0.362408 0.012864
11 0.223587 0.578538 0.144963 0.012864
6 0.385135 0.577183 0.023342 0.011510
8 0.738943 0.574137 0.089681 0.010833
4 0.384521 0.605958 0.457002 0.017603
8 0.746929 0.598849 0.090909 0.012864
5 0.533170 0.625254 0.174447 0.014218
8 0.762285 0.619160 0.070025 0.012864
4 0.530098 0.646242 0.192875 0.016926
8 0.769656 0.644550 0.072482 0.018957
5 0.531327 0.678741 0.180590 0.019634
8 0.764128 0.675017 0.071253 0.017603
4 0.357494 0.713270 0.530713 0.018280
8 0.751843 0.711239 0.088452 0.018280
11 0.549754 0.743399 0.133907 0.017603
8 0.747543 0.742722 0.089681 0.017603
5 0.533170 0.773866 0.162162 0.020311
8 0.754914 0.771496 0.070025 0.019634
4 0.262899 0.825999 0.280098 0.020311
4 0.210074 0.860528 0.149877 0.017603
11 0.382678 0.860867 0.025799 0.016926
11 0.555897 0.859513 0.151106 0.019634
4 0.769656 0.858158 0.146192 0.019634
11 0.158477 0.884225 0.049140 0.017603
6 0.383907 0.882194 0.020885 0.017603
8 0.583538 0.882532 0.095823 0.016926
8 0.800983 0.883209 0.076167 0.016926
11 0.367322 0.917400 0.105651 0.018957
8 0.579853 0.916723 0.095823 0.018957
8 0.797297 0.915708 0.073710 0.019634
5 0.472973 0.968517 0.719902 0.015572
11 0.067568 0.522343 0.029484 0.018280