0 0.493421 0.127065 0.753759 0.021243
4 0.473684 0.153816 0.714286 0.021243
1 0.392857 0.179780 0.556391 0.021243
5 0.352444 0.208104 0.479323 0.021243
1 0.302632 0.234854 0.375940 0.021243
11 0.324248 0.261605 0.422932 0.019670
11 0.322368 0.291503 0.422932 0.022817
4 0.284774 0.348151 0.216165 0.022817
4 0.425752 0.400865 0.622180 0.019670
2 0.573308 0.427616 0.285714 0.019670
1 0.363722 0.483478 0.501880 0.019670
3 0.762218 0.481117 0.148496 0.019670
2 0.421992 0.508655 0.622180 0.018096
5 0.462406 0.537766 0.695489 0.021243
9 0.494361 0.564910 0.567669 0.017309
4 0.407895 0.621164 0.323308 0.019670
11 0.761278 0.619984 0.146617 0.020456
11 0.390977 0.675846 0.285714 0.018883
11 0.763158 0.676633 0.142857 0.018883
4 0.314850 0.699843 0.122180 0.019670
11 0.765038 0.700629 0.146617 0.019670
5 0.502820 0.780094 0.186090 0.021243