0 0.481534 0.200925 0.562500 0.021150
5 0.491477 0.226371 0.548295 0.023133
5 0.482955 0.252148 0.286932 0.020489
1 0.493608 0.280238 0.427557 0.022472
5 0.490057 0.303371 0.389205 0.019828
4 0.494318 0.329478 0.514205 0.020489
1 0.499290 0.381362 0.572443 0.019828
11 0.172585 0.435228 0.146307 0.019167
6 0.503551 0.434898 0.129261 0.019828
2 0.826705 0.432915 0.164773 0.018506
5 0.370028 0.487112 0.546875 0.018506
5 0.368608 0.511897 0.552557 0.019167
5 0.371449 0.537343 0.546875 0.019828
5 0.367898 0.563450 0.542614 0.017845
5 0.372159 0.588235 0.542614 0.021150
11 0.814631 0.485790 0.186080 0.018506
11 0.821733 0.509914 0.163352 0.017845
11 0.825994 0.536682 0.163352 0.018506
11 0.811080 0.562128 0.184659 0.017845
11 0.824574 0.587905 0.166193 0.017845
5 0.482244 0.900529 0.566761 0.021811
9 0.488636 0.926305 0.789773 0.023133
5 0.352273 0.886649 0.326705 0.045605
8 0.840909 0.819894 0.082386 0.020489
8 0.568182 0.820886 0.105114 0.018506
4 0.402699 0.641441 0.603693 0.020489
5 0.479403 0.667878 0.444602 0.021811
5 0.594460 0.693985 0.223011 0.022472
5 0.610795 0.717449 0.184659 0.020489
5 0.615057 0.743225 0.184659 0.019167
8 0.816051 0.639458 0.100852 0.017845
11 0.832386 0.665235 0.065341 0.017845
3 0.814631 0.691672 0.100852 0.017845
8 0.811790 0.716457 0.103693 0.017184
11 0.835938 0.742895 0.061080 0.017184
4 0.210227 0.798414 0.224432 0.022472
5 0.519886 0.795440 0.198864 0.017845
4 0.813920 0.794779 0.139205 0.019167
11 0.158381 0.822538 0.120739 0.017845