0 0.472103 0.218716 0.487124 0.020675
1 0.462446 0.240751 0.328326 0.019042
11 0.459764 0.265506 0.726395 0.020675
5 0.460837 0.288629 0.683476 0.021219
1 0.473176 0.310936 0.665236 0.019042
4 0.461373 0.334331 0.547210 0.021219
5 0.460837 0.357182 0.586910 0.022307
4 0.461373 0.379217 0.242489 0.019587
5 0.307403 0.426823 0.556867 0.020131
11 0.895923 0.426551 0.049356 0.019587
11 0.185622 0.449674 0.309013 0.020131
6 0.106760 0.471436 0.153433 0.017954
8 0.619099 0.471708 0.193133 0.018498
8 0.818133 0.471708 0.108369 0.018498
9 0.263412 0.495375 0.466738 0.021219
11 0.893240 0.494831 0.046137 0.019042
11 0.185086 0.517954 0.307940 0.023939
6 0.173283 0.539717 0.284335 0.018498
8 0.616953 0.540805 0.197425 0.018498
8 0.827790 0.541077 0.089056 0.021219
11 0.107296 0.587051 0.150215 0.019587
11 0.244099 0.587051 0.063305 0.018498
11 0.758584 0.587867 0.128755 0.022307
11 0.885730 0.588139 0.059013 0.018498
4 0.230150 0.632481 0.398069 0.020131
11 0.075107 0.655332 0.087983 0.019042
5 0.097639 0.677367 0.133047 0.018498
3 0.861052 0.632753 0.110515 0.019587
8 0.861052 0.655060 0.108369 0.018498
8 0.864807 0.678183 0.107296 0.019042
4 0.149142 0.723885 0.246781 0.021219
4 0.120172 0.746192 0.178112 0.017954
11 0.760730 0.632753 0.045064 0.018498
11 0.760730 0.655332 0.049356 0.017954
11 0.504292 0.724157 0.156652 0.018498
8 0.572425 0.745919 0.112661 0.019587
4 0.725322 0.724429 0.152361 0.021219
8 0.805794 0.746464 0.090129 0.018498
2 0.120172 0.813928 0.175966 0.018498
11 0.285944 0.814472 0.108369 0.017410
11 0.464592 0.814472 0.201717 0.018498
11 0.761803 0.678183 0.042918 0.017954
9 0.773605 0.813656 0.289700 0.019042
10 0.296674 0.836779 0.531116 0.018498
5 0.465665 0.882753 0.598712 0.019042
9 0.460300 0.906420 0.414163 0.020675
5 0.470494 0.929815 0.526824 0.019587