0 0.481019 0.200065 0.225000 0.013752
9 0.480556 0.215128 0.090741 0.009823
5 0.480556 0.228225 0.168519 0.008513
1 0.481481 0.240995 0.196296 0.010478
1 0.480093 0.253766 0.143519 0.009823
11 0.425926 0.266863 0.112963 0.009823
4 0.492130 0.281598 0.156481 0.009168
4 0.492130 0.302554 0.182407 0.010478
11 0.332407 0.320891 0.038889 0.009168
5 0.343519 0.339882 0.061111 0.010478
9 0.424074 0.339227 0.079630 0.009168
5 0.351852 0.354617 0.077778 0.011133
2 0.588889 0.356254 0.103704 0.009168
10 0.338426 0.367060 0.054630 0.008513
11 0.390278 0.366405 0.036111 0.009823
11 0.584259 0.369679 0.092593 0.009823
11 0.561111 0.391290 0.031481 0.011133
11 0.633796 0.390963 0.030556 0.011788
11 0.325926 0.401768 0.027778 0.009823
11 0.508333 0.402750 0.022222 0.011788
11 0.561111 0.401768 0.025926 0.008513
5 0.623148 0.402423 0.050000 0.009823
6 0.326852 0.415848 0.029630 0.009168
6 0.507870 0.415193 0.006481 0.007859
8 0.561111 0.415193 0.027778 0.009168
8 0.636111 0.415193 0.025926 0.009168
5 0.403241 0.428946 0.182407 0.009168
5 0.378241 0.442698 0.062037 0.009168
6 0.437500 0.442371 0.006481 0.008513
8 0.635185 0.442043 0.027778 0.009168
4 0.462037 0.466929 0.203704 0.010478
8 0.630093 0.466274 0.025000 0.009168
5 0.513426 0.483628 0.100926 0.011133
8 0.630093 0.482973 0.026852 0.008513
4 0.508796 0.500982 0.108333 0.010478
8 0.630093 0.500000 0.028704 0.008513
5 0.498148 0.520629 0.137037 0.011788
8 0.626852 0.519646 0.033333 0.009823
11 0.515278 0.538310 0.097222 0.011788
3 0.625463 0.537001 0.032407 0.010478
11 0.532870 0.554028 0.060185 0.011788
8 0.625463 0.554028 0.034259 0.010478
5 0.505093 0.571054 0.119444 0.011788
8 0.625000 0.570399 0.033333 0.009168
4 0.378241 0.607073 0.134259 0.011788
4 0.351852 0.630321 0.064815 0.009823
11 0.447222 0.630321 0.011111 0.009823
5 0.533333 0.630976 0.055556 0.009823
4 0.626852 0.630648 0.029630 0.009168
11 0.331481 0.643746 0.020370 0.009168
6 0.448611 0.643091 0.008333 0.009168
8 0.544907 0.643091 0.028704 0.009168
8 0.626389 0.643746 0.030556 0.009168
11 0.430093 0.661100 0.043519 0.009823
8 0.543981 0.660773 0.028704 0.009168
8 0.625926 0.661428 0.027778 0.009168
5 0.474537 0.684348 0.254630 0.011788
5 0.473148 0.697119 0.083333 0.009823
11 0.557407 0.266863 0.114815 0.011133