0 0.503145 0.199833 0.757233 0.019455
9 0.493082 0.220122 0.206289 0.021123
1 0.503774 0.240133 0.763522 0.018899
1 0.502516 0.261256 0.454088 0.017788
4 0.501887 0.282101 0.525786 0.020567
4 0.485535 0.303502 0.422642 0.018899
5 0.274843 0.323791 0.300629 0.019455
1 0.320126 0.344358 0.323270 0.019455
1 0.710692 0.345192 0.269182 0.017788
11 0.159748 0.364925 0.083019 0.018344
11 0.267296 0.366870 0.008805 0.012229
2 0.476101 0.366037 0.361006 0.017232
10 0.200629 0.386048 0.159748 0.018344
10 0.400629 0.387715 0.212579 0.018344
11 0.733962 0.388827 0.137107 0.018344
6 0.870440 0.388271 0.027673 0.017232
11 0.150943 0.429405 0.057862 0.019455
5 0.340252 0.430517 0.215094 0.020567
4 0.794969 0.429683 0.176101 0.018899
6 0.189937 0.471373 0.015094 0.017788
11 0.623270 0.473596 0.023899 0.018899
11 0.747799 0.474430 0.154717 0.019455
5 0.188679 0.493052 0.138365 0.018899
6 0.189937 0.515564 0.017610 0.017232
11 0.622013 0.516954 0.021384 0.016676
11 0.747799 0.517510 0.154717 0.017788
5 0.206918 0.536965 0.174843 0.018899
6 0.189308 0.556976 0.016352 0.015564
11 0.622642 0.558366 0.022642 0.017232
11 0.755346 0.560033 0.137107 0.018344
5 0.214465 0.578377 0.192453 0.018344
6 0.188679 0.600056 0.015094 0.016120
11 0.621384 0.601723 0.025157 0.017232
11 0.754088 0.601445 0.137107 0.017788
5 0.194969 0.622012 0.150943 0.018899
6 0.188050 0.640912 0.018868 0.015564
11 0.620126 0.642579 0.025157 0.016676
11 0.752830 0.642857 0.137107 0.018344
5 0.261635 0.661757 0.289308 0.019455
4 0.326415 0.704002 0.416352 0.020567
3 0.829560 0.704558 0.099371 0.017232
4 0.353459 0.724569 0.470440 0.019455
8 0.828302 0.725959 0.094340 0.016676
11 0.225157 0.743469 0.216352 0.019455
8 0.776101 0.747082 0.196226 0.017788
5 0.200629 0.785714 0.174843 0.019455
2 0.572327 0.787104 0.188679 0.016676
11 0.797484 0.789049 0.153459 0.018344
10 0.296855 0.807949 0.359748 0.017232
11 0.173585 0.827682 0.110692 0.015564
8 0.825786 0.829628 0.094340 0.016120
4 0.222013 0.868538 0.210063 0.018344
11 0.138365 0.886604 0.042767 0.015564
11 0.363522 0.889939 0.108176 0.017788
5 0.589937 0.870762 0.188679 0.017232
8 0.636478 0.890773 0.098113 0.018344
4 0.805031 0.871039 0.133333 0.016676
8 0.835220 0.891606 0.077987 0.015564
5 0.486164 0.953585 0.368553 0.019455
5 0.445912 0.973874 0.210063 0.018899