0 0.475904 0.046388 0.560910 0.026204
5 0.475234 0.075779 0.238286 0.025496
1 0.475234 0.097734 0.722892 0.025496
5 0.473896 0.125354 0.503347 0.022663
1 0.470549 0.154391 0.475234 0.024079
5 0.470549 0.180241 0.204819 0.020538
0 0.470549 0.211048 0.539491 0.024079
4 0.468541 0.242564 0.460509 0.023371
4 0.465863 0.280453 0.227577 0.018414
5 0.177376 0.314093 0.188755 0.023371
11 0.131861 0.342068 0.097724 0.019830
2 0.467202 0.345255 0.273092 0.017705
5 0.166667 0.373938 0.170013 0.019830
10 0.411647 0.376771 0.161981 0.019830
11 0.656627 0.410411 0.065596 0.020538
11 0.800535 0.409348 0.099063 0.021246
5 0.266399 0.440864 0.377510 0.021955
8 0.153949 0.467068 0.066934 0.019122
11 0.350067 0.470255 0.022758 0.015581
3 0.450469 0.469547 0.087015 0.018414
8 0.643909 0.469901 0.085676 0.019122
11 0.823293 0.467776 0.056225 0.019122
11 0.318608 0.502125 0.152610 0.016997
8 0.642570 0.502479 0.088353 0.019122
4 0.253681 0.536473 0.279786 0.020538
8 0.641901 0.538244 0.087015 0.015581
4 0.257697 0.566572 0.269076 0.021246
8 0.641232 0.569051 0.088353 0.017705
11 0.242972 0.599504 0.298527 0.019122
8 0.639224 0.601275 0.087015 0.016997
5 0.310576 0.630312 0.160643 0.022663
8 0.637216 0.629249 0.093708 0.017705
5 0.283802 0.657932 0.216867 0.024079
8 0.637885 0.656516 0.095047 0.019830
11 0.198795 0.691572 0.239625 0.024788
11 0.097724 0.723442 0.029451 0.017705
5 0.459839 0.727337 0.204819 0.022663
4 0.715529 0.726275 0.148594 0.021955
11 0.111780 0.757436 0.052209 0.016289
11 0.257028 0.760623 0.096386 0.021246
8 0.518072 0.760623 0.088353 0.016997
8 0.750335 0.760623 0.073628 0.016997
5 0.443106 0.874292 0.206158 0.019122
5 0.444444 0.899433 0.706827 0.022663
9 0.444444 0.928116 0.645248 0.021955
1 0.412316 0.315510 0.155288 0.017705
5 0.248327 0.728399 0.124498 0.020538