0 0.518746 0.251212 0.125580 0.011260
0 0.498488 0.261616 0.081435 0.010120
1 0.559565 0.269598 0.208426 0.014111
1 0.522475 0.280929 0.131425 0.010262
11 0.493247 0.291904 0.068131 0.010262
5 0.496775 0.302452 0.073977 0.009122
4 0.484983 0.312999 0.052812 0.009407
9 0.548478 0.331742 0.053215 0.010690
9 0.514110 0.342859 0.107438 0.010690
11 0.573070 0.360177 0.162870 0.012543
5 0.506148 0.373076 0.087886 0.010975
11 0.585265 0.370154 0.015924 0.008552
3 0.642612 0.368800 0.053215 0.009835
11 0.512296 0.382697 0.038903 0.009122
11 0.555332 0.380844 0.016126 0.008837
11 0.581637 0.379632 0.006249 0.009550
11 0.612276 0.379704 0.038097 0.008552
11 0.482362 0.393743 0.036283 0.009835
11 0.585971 0.390536 0.016126 0.010547
8 0.636263 0.388540 0.037694 0.009122
11 0.479440 0.404219 0.031244 0.009122
11 0.586676 0.400371 0.014715 0.008837
8 0.636666 0.399159 0.039307 0.009550
4 0.502923 0.412985 0.076194 0.010405
11 0.579823 0.411274 0.032856 0.009835
8 0.640697 0.408495 0.032453 0.009122
11 0.507458 0.423888 0.084862 0.010832
11 0.580226 0.421180 0.031647 0.008837
8 0.638279 0.419897 0.037291 0.008837
2 0.533965 0.442774 0.076194 0.010405
11 0.613082 0.440493 0.061480 0.010120
5 0.570953 0.452181 0.105019 0.009835
5 0.512094 0.463797 0.090103 0.011973
6 0.643016 0.459022 0.062084 0.009550
5 0.497380 0.473988 0.059464 0.009550
1 0.624874 0.470353 0.098770 0.011403
5 0.508264 0.484820 0.083249 0.009835
11 0.655110 0.478977 0.038702 0.010405
11 0.486394 0.494726 0.036283 0.009122
5 0.606329 0.491733 0.137069 0.012543
5 0.626184 0.500214 0.101391 0.011830
5 0.506350 0.515180 0.074582 0.010690
5 0.631324 0.510191 0.093126 0.010120
5 0.507660 0.545966 0.073171 0.009835
5 0.494457 0.555658 0.045152 0.010975
11 0.487402 0.575684 0.029833 0.008552
11 0.555936 0.573047 0.029430 0.009550
11 0.598670 0.572548 0.023786 0.009122
11 0.643923 0.570482 0.021568 0.009835
2 0.502520 0.585875 0.063697 0.011260
5 0.553921 0.614310 0.161258 0.012258
5 0.574179 0.624501 0.200161 0.015251
4 0.562891 0.635048 0.177585 0.014681
5 0.509474 0.656072 0.069139 0.011403
5 0.540516 0.665906 0.132030 0.011688
9 0.592925 0.258552 0.083249 0.011973
6 0.577908 0.299245 0.068938 0.009550
6 0.567023 0.309934 0.093126 0.010120
6 0.626184 0.338298 0.085668 0.010975
11 0.561076 0.583238 0.038500 0.008552
6 0.607740 0.581956 0.040314 0.008837
6 0.641806 0.581528 0.018142 0.008552