0 0.417488 0.191509 0.766010 0.021680
5 0.282020 0.214092 0.495074 0.020777
5 0.274631 0.237127 0.485222 0.019874
1 0.371921 0.259937 0.677340 0.020325
9 0.203818 0.281843 0.338670 0.021680
0 0.294335 0.305556 0.519704 0.023035
4 0.270936 0.328591 0.475369 0.020325
11 0.727833 0.374661 0.056650 0.020325
8 0.115764 0.396116 0.162562 0.019874
9 0.289409 0.419377 0.522167 0.023939
11 0.850369 0.419151 0.178571 0.020777
5 0.182882 0.441960 0.301724 0.021229
5 0.203818 0.464318 0.346059 0.021680
11 0.827586 0.465221 0.120690 0.019874
5 0.206897 0.487579 0.298030 0.020325
11 0.219212 0.510614 0.182266 0.021229
3 0.818350 0.510388 0.099754 0.021680
4 0.215517 0.555104 0.359606 0.019874
11 0.083744 0.577913 0.103448 0.020325
5 0.261084 0.600949 0.463054 0.023035
5 0.151478 0.624661 0.253695 0.025294
8 0.818350 0.555104 0.097291 0.019874
8 0.808498 0.578139 0.134236 0.021680
11 0.837438 0.601852 0.140394 0.023035
8 0.804803 0.624435 0.131773 0.023035
5 0.286330 0.668248 0.503695 0.023035
8 0.822660 0.670280 0.096059 0.020777
4 0.072044 0.691509 0.077586 0.020777
11 0.049877 0.713640 0.033251 0.021680
6 0.218596 0.714770 0.052956 0.023939
8 0.508005 0.714092 0.097291 0.021680
8 0.705665 0.714318 0.100985 0.020325
1 0.486453 0.757904 0.495074 0.026197
5 0.472906 0.781617 0.253695 0.020325
5 0.474754 0.803523 0.476601 0.020777
5 0.482143 0.827010 0.666256 0.021680
0 0.471059 0.849819 0.791872 0.023035
5 0.483374 0.872629 0.836207 0.021680
9 0.472906 0.893180 0.879310 0.023035
5 0.484606 0.917118 0.678571 0.021229
4 0.488916 0.938799 0.726601 0.021229
11 0.340517 0.961834 0.119458 0.022132
2 0.596059 0.962060 0.184729 0.019874
11 0.216749 0.691734 0.098522 0.020325
4 0.486453 0.692638 0.182266 0.020325
4 0.739532 0.691734 0.161330 0.020325