0 0.464056 0.150204 0.389485 0.019348
9 0.449034 0.174898 0.250000 0.023931
5 0.454399 0.201884 0.597639 0.022912
1 0.466738 0.227088 0.693133 0.021385
1 0.460300 0.253055 0.482833 0.022403
4 0.461910 0.278004 0.513948 0.022403
4 0.440451 0.327902 0.466738 0.020367
9 0.213519 0.378819 0.349785 0.020367
10 0.587983 0.378819 0.343348 0.021385
11 0.078863 0.403513 0.089056 0.020876
2 0.410944 0.405295 0.448498 0.020367
5 0.152361 0.454939 0.238197 0.020876
11 0.386266 0.454684 0.066524 0.021385
5 0.578326 0.456212 0.152361 0.021385
11 0.747318 0.456212 0.104077 0.022403
4 0.857833 0.455703 0.076180 0.019348
11 0.106760 0.505855 0.140558 0.022912
11 0.363734 0.531568 0.070815 0.020367
8 0.567597 0.531314 0.085837 0.018839
8 0.760193 0.532587 0.089056 0.019348
11 0.856760 0.532587 0.065451 0.020367
11 0.116953 0.556517 0.165236 0.020367
11 0.366416 0.582230 0.067597 0.019857
8 0.567060 0.582739 0.091202 0.020876
8 0.760730 0.583758 0.090129 0.019857
11 0.856223 0.582994 0.066524 0.020367
5 0.131438 0.607943 0.194206 0.022403
11 0.363734 0.631874 0.068670 0.019348
8 0.565987 0.631619 0.091202 0.019857
8 0.761266 0.632637 0.086910 0.019857
11 0.856223 0.632383 0.066524 0.021385
6 0.164700 0.681008 0.267167 0.021894
4 0.268240 0.706466 0.478541 0.023931
3 0.846030 0.707994 0.089056 0.019857
4 0.298820 0.731670 0.526824 0.021385
8 0.845494 0.732179 0.090129 0.021385
11 0.156652 0.757637 0.242489 0.022403
8 0.805258 0.757892 0.170601 0.023931
11 0.096030 0.807536 0.125536 0.022403
8 0.846567 0.808554 0.090129 0.020367
4 0.149678 0.882637 0.239270 0.020876
5 0.561159 0.884165 0.212446 0.020876
4 0.808476 0.884420 0.142704 0.020367
11 0.067597 0.907587 0.066524 0.019857
11 0.311695 0.908859 0.116953 0.023422
8 0.632511 0.908350 0.089056 0.020367
8 0.844957 0.909369 0.091202 0.019348