0 0.475793 0.244200 0.197569 0.012790
1 0.474351 0.268441 0.062835 0.008031
1 0.476102 0.280190 0.216316 0.009518
1 0.473836 0.292311 0.136794 0.010262
9 0.475793 0.303837 0.207870 0.011303
5 0.474248 0.315065 0.172229 0.011749
4 0.475072 0.328153 0.171817 0.011749
4 0.474557 0.338489 0.099918 0.011303
9 0.369489 0.356782 0.070251 0.009816
11 0.352905 0.367638 0.032963 0.008031
2 0.490729 0.368084 0.158632 0.009816
10 0.358261 0.379610 0.047796 0.009667
5 0.446951 0.379387 0.069839 0.009518
5 0.433354 0.391731 0.195097 0.011005
5 0.363206 0.414337 0.074578 0.009221
11 0.463638 0.414783 0.027400 0.008923
11 0.509065 0.414188 0.030902 0.008923
5 0.567779 0.414039 0.048620 0.009518
6 0.353420 0.425640 0.058714 0.008923
6 0.468995 0.426606 0.010507 0.009369
8 0.510507 0.425863 0.029666 0.009369
3 0.590544 0.426606 0.056242 0.009964
5 0.423259 0.440586 0.200453 0.011749
6 0.345282 0.462968 0.038731 0.011005
5 0.477132 0.461853 0.057272 0.009667
8 0.576226 0.461779 0.030078 0.008626
4 0.445612 0.473602 0.123197 0.010262
8 0.575402 0.473528 0.029666 0.008923
5 0.468995 0.484830 0.071487 0.008626
8 0.575711 0.484533 0.028224 0.008923
11 0.477647 0.498215 0.055418 0.011303
8 0.571590 0.498587 0.038525 0.011749
5 0.439328 0.513905 0.098269 0.009667
8 0.568191 0.514500 0.045735 0.009369
5 0.460239 0.526547 0.056860 0.010262
8 0.571075 0.526324 0.036259 0.008328
4 0.384837 0.542906 0.087351 0.009964
5 0.481562 0.543501 0.077668 0.009667
4 0.562114 0.543278 0.052122 0.011005
11 0.374021 0.555101 0.067779 0.009369
8 0.498867 0.555101 0.028224 0.009369
8 0.574269 0.555175 0.029048 0.008923
5 0.462711 0.595925 0.271941 0.011005
5 0.462402 0.607451 0.251957 0.012046
1 0.450865 0.356187 0.076432 0.008923