0 0.481223 0.077695 0.554721 0.020999
11 0.460300 0.100093 0.212446 0.019132
5 0.479614 0.123892 0.446352 0.020999
5 0.471030 0.146757 0.452790 0.020065
1 0.461910 0.170322 0.771459 0.023332
4 0.450644 0.217685 0.240343 0.020999
4 0.461910 0.261549 0.642704 0.019132
5 0.144850 0.284881 0.233906 0.019132
11 0.773605 0.287214 0.233906 0.021932
1 0.140558 0.329211 0.216738 0.020999
5 0.826180 0.331078 0.126609 0.019132
2 0.479614 0.354410 0.446352 0.020999
11 0.222639 0.383574 0.380901 0.039197
5 0.281652 0.437238 0.370172 0.015866
11 0.785408 0.437471 0.124464 0.018199
5 0.280579 0.458469 0.372318 0.020065
11 0.783798 0.461269 0.129828 0.020065
5 0.251073 0.483668 0.302575 0.018199
11 0.784871 0.484134 0.131974 0.017266
11 0.139485 0.504200 0.090129 0.017266
8 0.748927 0.506066 0.115880 0.017266
8 0.749464 0.551330 0.104077 0.017266
11 0.182940 0.573728 0.166309 0.020065
8 0.754828 0.573728 0.104077 0.018199
5 0.219957 0.598693 0.236052 0.023332
8 0.761803 0.597993 0.085837 0.018199
11 0.159335 0.618992 0.129828 0.018199
3 0.756974 0.621792 0.104077 0.019132
5 0.174893 0.642091 0.154506 0.015866
11 0.778970 0.644190 0.115880 0.020065
5 0.215665 0.665656 0.242489 0.020999
8 0.753755 0.667056 0.101931 0.019132
5 0.172747 0.688054 0.156652 0.019132
8 0.748391 0.690387 0.110515 0.018199
5 0.204936 0.710453 0.216738 0.020065
8 0.760730 0.710919 0.087983 0.017266
2 0.472639 0.734251 0.709227 0.019132
5 0.470494 0.756183 0.621245 0.019132
4 0.475858 0.780448 0.198498 0.020999
4 0.204399 0.823845 0.219957 0.021932
5 0.461373 0.825712 0.214592 0.019132
4 0.687768 0.826178 0.150215 0.020065
4 0.204936 0.846710 0.210300 0.017266
8 0.411481 0.846244 0.106223 0.018199
8 0.656652 0.848110 0.087983 0.018199
4 0.202790 0.869109 0.212446 0.020065
8 0.398069 0.870275 0.087983 0.015866
8 0.653433 0.870975 0.096567 0.019132
6 0.045601 0.438404 0.018240 0.018199
6 0.044528 0.458703 0.020386 0.014932
6 0.043455 0.481801 0.018240 0.017266