6 0.117932 0.061841 0.232633 0.018303
0 0.469305 0.098724 0.757674 0.016639
5 0.473344 0.114531 0.539580 0.014975
5 0.470113 0.130616 0.620355 0.016084
1 0.469305 0.147255 0.667205 0.014975
1 0.458805 0.161675 0.416801 0.013866
4 0.474152 0.176650 0.618740 0.017194
4 0.448304 0.206323 0.483037 0.015530
5 0.204362 0.242651 0.357027 0.026068
1 0.183360 0.262618 0.315024 0.013866
1 0.237480 0.278148 0.426494 0.014975
5 0.726979 0.279811 0.203554 0.014975
11 0.068659 0.293955 0.092084 0.013311
2 0.419225 0.294786 0.460420 0.014975
10 0.181745 0.311148 0.315024 0.016639
5 0.147819 0.341098 0.250404 0.014420
11 0.391761 0.341653 0.069467 0.014420
5 0.594507 0.341930 0.161551 0.014975
11 0.768982 0.341930 0.109855 0.013866
4 0.880452 0.341653 0.067851 0.013311
5 0.126817 0.371048 0.208401 0.014420
11 0.369952 0.386855 0.071082 0.013866
8 0.583199 0.386578 0.090468 0.014420
8 0.781099 0.387133 0.092084 0.013311
11 0.894184 0.387687 0.046850 0.012202
5 0.147011 0.401276 0.245557 0.013866
11 0.372375 0.417360 0.066236 0.012757
8 0.572698 0.417637 0.108239 0.013311
8 0.772213 0.417915 0.109855 0.013866
11 0.893376 0.418192 0.048465 0.013311
8 0.137318 0.432612 0.226171 0.013311
11 0.360258 0.448419 0.090468 0.012757
8 0.582391 0.448419 0.088853 0.013866
8 0.772213 0.448419 0.109855 0.013866
11 0.893376 0.449251 0.048465 0.013311
8 0.137318 0.463394 0.229402 0.014975
11 0.371567 0.480311 0.067851 0.012202
8 0.579968 0.480033 0.090468 0.013866
8 0.781906 0.480865 0.090468 0.013311
11 0.891761 0.480588 0.045234 0.013866
4 0.268982 0.510815 0.483037 0.015530
8 0.857835 0.511647 0.113086 0.013866
5 0.233441 0.526345 0.424879 0.014420
8 0.869952 0.527177 0.088853 0.012757
4 0.153473 0.541043 0.264943 0.014975
8 0.869144 0.541875 0.090468 0.013311
4 0.301292 0.556295 0.554120 0.015530
8 0.857027 0.557682 0.114701 0.012757
5 0.167205 0.571547 0.289176 0.014975
8 0.857835 0.573211 0.116317 0.012757
11 0.152666 0.608708 0.260097 0.027177
3 0.800485 0.610094 0.221325 0.024404
2 0.346527 0.644481 0.651050 0.016639
11 0.824717 0.645313 0.179321 0.013866
5 0.168013 0.660843 0.290792 0.014975
11 0.067044 0.705491 0.092084 0.012202
8 0.857027 0.707155 0.114701 0.013311
4 0.145396 0.766778 0.248788 0.014975
5 0.575121 0.768164 0.222940 0.014420
4 0.834410 0.767887 0.153473 0.014975
11 0.044426 0.781475 0.046850 0.014420
11 0.313409 0.782585 0.129241 0.015530
8 0.634895 0.783139 0.109855 0.013311
8 0.868336 0.783417 0.092084 0.013866
5 0.477383 0.859124 0.376414 0.015530
5 0.463651 0.949806 0.268174 0.014975
5 0.466074 0.965058 0.447496 0.015530
5 0.465267 0.981697 0.626817 0.014420