0 0.326458 0.102254 0.476529 0.017592
11 0.174964 0.119021 0.156472 0.017042
4 0.336415 0.135514 0.490754 0.014843
1 0.500000 0.152831 0.823613 0.018692
9 0.424609 0.168774 0.678521 0.017592
4 0.295875 0.187466 0.409673 0.017592
4 0.198435 0.221825 0.220484 0.014843
5 0.231152 0.253986 0.294452 0.015393
2 0.476529 0.284772 0.788051 0.015393
11 0.129445 0.319956 0.088193 0.015393
11 0.385491 0.319406 0.071124 0.015393
5 0.611664 0.317482 0.187767 0.013744
5 0.805832 0.315833 0.123755 0.013744
6 0.218350 0.351567 0.271693 0.014843
6 0.381223 0.351017 0.022760 0.012644
8 0.558321 0.350467 0.078236 0.012644
8 0.681366 0.350192 0.085349 0.012095
8 0.827881 0.349093 0.079659 0.012095
11 0.900427 0.348543 0.028450 0.013194
11 0.142248 0.368334 0.110953 0.015393
5 0.148649 0.384552 0.126600 0.012644
6 0.221195 0.400220 0.268848 0.015393
6 0.386202 0.399945 0.027027 0.014843
8 0.558321 0.399670 0.089616 0.013194
8 0.682788 0.398571 0.091038 0.013194
8 0.823613 0.398021 0.085349 0.014294
11 0.898293 0.396372 0.027027 0.013194
11 0.142248 0.416987 0.102418 0.013744
5 0.147226 0.433205 0.135135 0.014294
11 0.231863 0.464541 0.290185 0.015393
6 0.610242 0.465091 0.028450 0.013194
4 0.239687 0.497526 0.297297 0.013194
8 0.547653 0.496427 0.105263 0.013194
11 0.129445 0.514294 0.088193 0.014843
8 0.432432 0.513744 0.088193 0.012644
4 0.120910 0.530786 0.068279 0.014843
8 0.436700 0.529687 0.091038 0.014843
5 0.164296 0.546729 0.152205 0.013744
8 0.396871 0.545904 0.085349 0.012095
5 0.173542 0.562397 0.167852 0.014294
8 0.423898 0.562397 0.110953 0.014294
11 0.136558 0.578889 0.102418 0.014294
3 0.428165 0.578889 0.108108 0.014294
11 0.132290 0.595932 0.093883 0.013194
8 0.429587 0.594557 0.113798 0.013744
5 0.149360 0.611325 0.128023 0.014294
8 0.426743 0.611600 0.108108 0.013744
4 0.201280 0.660803 0.226174 0.014294
11 0.128734 0.693788 0.083926 0.012095
5 0.475818 0.693513 0.129445 0.013744
11 0.649360 0.692413 0.032717 0.013744
4 0.814367 0.691864 0.146515 0.013744
11 0.109531 0.726223 0.036984 0.012095
8 0.488620 0.725948 0.100996 0.013744
6 0.651494 0.725124 0.022760 0.013194
8 0.847795 0.725399 0.082504 0.012644
4 0.580370 0.774052 0.199147 0.013194
8 0.846373 0.773502 0.088193 0.012095
5 0.259602 0.855690 0.339972 0.014843
5 0.593172 0.854865 0.275960 0.013194
5 0.185633 0.872183 0.192034 0.012644
4 0.298720 0.888675 0.412518 0.012644
5 0.254623 0.952446 0.327169 0.013744
5 0.235420 0.969489 0.288762 0.014843