0 0.463225 0.141986 0.533239 0.018002
5 0.467468 0.163473 0.471004 0.014518
5 0.467468 0.188734 0.304102 0.017422
1 0.470297 0.210801 0.564356 0.016260
11 0.466054 0.232578 0.233380 0.015679
4 0.466761 0.255226 0.444130 0.016841
9 0.466761 0.283101 0.342291 0.014518
9 0.258133 0.310395 0.383310 0.016841
2 0.691655 0.308362 0.370580 0.015099
10 0.205092 0.333914 0.277228 0.019744
11 0.098303 0.357433 0.066478 0.019164
5 0.288543 0.356852 0.223479 0.016841
11 0.628006 0.355691 0.107496 0.018002
11 0.774399 0.355110 0.100424 0.015679
5 0.489392 0.380372 0.859972 0.017422
6 0.105375 0.407085 0.026874 0.017422
6 0.219236 0.409988 0.161245 0.016260
8 0.620226 0.407375 0.103253 0.015679
11 0.833098 0.406504 0.110325 0.013937
5 0.367751 0.438444 0.605375 0.019744
6 0.106082 0.465447 0.016973 0.016841
6 0.222772 0.466028 0.142857 0.015679
8 0.623762 0.463415 0.104668 0.016260
11 0.838048 0.463705 0.123055 0.014518
5 0.439180 0.490708 0.756719 0.016260
6 0.108204 0.518002 0.015559 0.013937
6 0.220651 0.519164 0.135785 0.015099
8 0.611740 0.516841 0.128713 0.015099
11 0.820368 0.516260 0.132956 0.015099
6 0.108911 0.548780 0.025460 0.015099
11 0.231966 0.551974 0.104668 0.019164
6 0.352900 0.549361 0.021216 0.013937
11 0.158416 0.576945 0.183876 0.016841
8 0.813296 0.574332 0.132956 0.015099
5 0.219943 0.599593 0.304102 0.016841
5 0.206506 0.624274 0.280057 0.020906
8 0.837341 0.620790 0.090523 0.016260
4 0.324611 0.649826 0.513437 0.018583
3 0.792079 0.648955 0.178218 0.020325
5 0.157001 0.676249 0.181047 0.018002
8 0.815417 0.674797 0.142857 0.017422
4 0.212871 0.716318 0.298444 0.018002
5 0.615276 0.713415 0.164074 0.015679
4 0.856436 0.711963 0.074965 0.017422
11 0.623762 0.732869 0.124470 0.018583
11 0.829562 0.733159 0.123055 0.018002
11 0.095474 0.764518 0.060820 0.018002
8 0.622348 0.762776 0.130127 0.015679
8 0.844413 0.761614 0.101839 0.015679
11 0.106082 0.827816 0.079208 0.015679
8 0.637199 0.826945 0.103253 0.015099
8 0.855021 0.826365 0.086280 0.015099
5 0.245403 0.885889 0.360679 0.015679
5 0.136492 0.912602 0.142857 0.016841
6 0.101132 0.930894 0.083451 0.016260
5 0.485149 0.945993 0.257426 0.020906
5 0.487977 0.969803 0.463932 0.019744
8 0.826025 0.598142 0.118812 0.016260