0 0.451577 0.159271 0.560811 0.018893
5 0.463401 0.180580 0.539414 0.021090
5 0.456081 0.202109 0.283784 0.016696
1 0.469595 0.224736 0.421171 0.018893
5 0.459459 0.246485 0.362613 0.017575
4 0.473536 0.268014 0.505631 0.018453
1 0.483108 0.312390 0.563063 0.018453
11 0.157658 0.358743 0.148649 0.018014
6 0.482545 0.356107 0.122748 0.018014
2 0.803491 0.353691 0.161036 0.016696
5 0.358108 0.401582 0.542793 0.019332
11 0.805180 0.398726 0.164414 0.016257
5 0.358108 0.423330 0.545045 0.018014
11 0.805180 0.421573 0.164414 0.016257
5 0.351914 0.445958 0.523649 0.018453
11 0.807432 0.443541 0.159910 0.016257
5 0.356419 0.467487 0.543919 0.018453
11 0.805180 0.464631 0.159910 0.018014
8 0.250563 0.490334 0.242117 0.015817
5 0.360923 0.511863 0.548423 0.017575
11 0.805743 0.509886 0.161036 0.016257
5 0.342342 0.534051 0.502252 0.018014
11 0.809685 0.532293 0.164414 0.016257
5 0.362050 0.555580 0.543919 0.017135
11 0.798423 0.554921 0.182432 0.017575
9 0.364302 0.578207 0.539414 0.017575
11 0.811374 0.576230 0.161036 0.018014
11 0.362613 0.599297 0.538288 0.018453
11 0.809685 0.599517 0.164414 0.016257
5 0.268581 0.622364 0.345721 0.016257
11 0.814752 0.621485 0.161036 0.016257
8 0.255631 0.644991 0.247748 0.016696
4 0.396396 0.687830 0.603604 0.018014
8 0.805180 0.686951 0.101351 0.016257
5 0.473536 0.710896 0.444820 0.019332
11 0.824887 0.708919 0.064189 0.014499
5 0.585586 0.732425 0.222973 0.018453
3 0.805743 0.730668 0.102477 0.017575
5 0.625563 0.753735 0.140766 0.015378
8 0.804617 0.753076 0.102477 0.016696
5 0.604167 0.775044 0.185811 0.016696
8 0.817005 0.775044 0.084459 0.016696
4 0.210586 0.821178 0.222973 0.020211
5 0.515203 0.818761 0.197072 0.016257
4 0.804617 0.818761 0.138514 0.016257
11 0.157095 0.841608 0.125000 0.016257
8 0.567005 0.841388 0.104730 0.017575
8 0.835586 0.841169 0.083333 0.016257
5 0.479730 0.907513 0.558559 0.021529
9 0.485923 0.930141 0.780405 0.019332