0 0.508117 0.062291 0.902597 0.022575
1 0.503247 0.081522 0.441558 0.020903
1 0.500000 0.101171 0.483766 0.020067
9 0.345779 0.118311 0.298701 0.019231
9 0.667208 0.120819 0.295455 0.019231
4 0.504870 0.138378 0.392857 0.020903
4 0.504058 0.181020 0.563312 0.032609
11 0.609578 0.227843 0.436688 0.032609
9 0.110390 0.253344 0.136364 0.021739
2 0.678571 0.257943 0.318182 0.019231
5 0.319805 0.286789 0.571429 0.030100
5 0.272727 0.314799 0.464286 0.019231
5 0.186688 0.334030 0.288961 0.017559
1 0.301136 0.352843 0.534091 0.018395
11 0.235390 0.372074 0.386364 0.020067
2 0.541396 0.391722 0.258117 0.017559
11 0.750000 0.392140 0.094156 0.016722
5 0.142045 0.415134 0.215909 0.017559
11 0.408279 0.415134 0.063312 0.015886
11 0.487825 0.415970 0.060065 0.015886
11 0.565747 0.415552 0.063312 0.016722
11 0.640422 0.416388 0.021104 0.016722
11 0.708604 0.416388 0.082792 0.018395
11 0.850649 0.417224 0.136364 0.018395
5 0.131494 0.445652 0.201299 0.018395
8 0.400162 0.446488 0.082792 0.018395
6 0.504870 0.447324 0.025974 0.016722
6 0.584416 0.447742 0.025974 0.017559
6 0.639610 0.447742 0.022727 0.017559
6 0.736201 0.447742 0.027597 0.015886
8 0.879870 0.448579 0.081169 0.017559
5 0.119318 0.464883 0.183442 0.018395
8 0.400162 0.466555 0.079545 0.016722
6 0.504870 0.465301 0.022727 0.015886
6 0.581981 0.466973 0.017857 0.015886
6 0.639610 0.466973 0.022727 0.015886
6 0.733766 0.466973 0.022727 0.015886
8 0.879870 0.467809 0.087662 0.015886
5 0.121753 0.484114 0.181818 0.016722
8 0.399351 0.484950 0.087662 0.016722
6 0.504870 0.484114 0.019481 0.015050
6 0.581169 0.486204 0.022727 0.015886
6 0.639610 0.485786 0.022727 0.015050
6 0.733766 0.485368 0.022727 0.015886
8 0.880682 0.486622 0.082792 0.016722
11 0.476461 0.519649 0.355519 0.035953
8 0.774351 0.518813 0.107143 0.029264
5 0.189123 0.552258 0.313312 0.019231
8 0.399351 0.553512 0.081169 0.016722
6 0.504870 0.553512 0.025974 0.015050
6 0.580357 0.553512 0.021104 0.016722
6 0.640422 0.555602 0.021104 0.015886
6 0.736201 0.555602 0.030844 0.017559
8 0.880682 0.555602 0.082792 0.017559
5 0.132305 0.571906 0.199675 0.016722
8 0.399351 0.572742 0.087662 0.016722
6 0.496753 0.573579 0.038961 0.016722
6 0.582792 0.573997 0.025974 0.015886
6 0.641234 0.573997 0.022727 0.015886
6 0.727273 0.574833 0.042208 0.015886
8 0.879870 0.574415 0.084416 0.016722
4 0.355519 0.608278 0.587662 0.037625
8 0.774351 0.607441 0.103896 0.027592
4 0.610390 0.645903 0.077922 0.030936
8 0.781656 0.645903 0.079545 0.027592
4 0.369318 0.690635 0.563312 0.036789
8 0.775974 0.688545 0.103896 0.027592
11 0.477273 0.729933 0.350649 0.036789
8 0.774351 0.728261 0.107143 0.030100
11 0.510552 0.771321 0.267857 0.035953
3 0.773539 0.769649 0.099026 0.029264
11 0.116883 0.815217 0.152597 0.020067
5 0.472403 0.835284 0.860390 0.020067
5 0.414773 0.855769 0.751623 0.019231
5 0.472403 0.876672 0.863636 0.019231
4 0.397727 0.894649 0.711039 0.018395
4 0.418019 0.914298 0.754870 0.019231
5 0.185877 0.933110 0.293831 0.018395
5 0.501623 0.955686 0.392857 0.018395