0 0.480182 0.251397 0.212942 0.011460
0 0.479778 0.265793 0.205258 0.010170
5 0.479980 0.280046 0.149039 0.010314
1 0.479676 0.293797 0.199798 0.010314
1 0.479575 0.305257 0.195551 0.008881
9 0.479171 0.318293 0.132861 0.008881
4 0.479575 0.333262 0.178564 0.011030
4 0.382103 0.367569 0.106168 0.010314
11 0.577654 0.359762 0.061274 0.013322
11 0.577654 0.377023 0.043478 0.013752
5 0.353792 0.384401 0.052781 0.009311
6 0.416380 0.384615 0.048129 0.008881
10 0.377553 0.400874 0.098281 0.009597
11 0.347826 0.415771 0.039232 0.011030
2 0.458241 0.415915 0.135895 0.010743
11 0.338625 0.429523 0.020425 0.008452
5 0.391405 0.429380 0.060061 0.009597
4 0.610313 0.428520 0.080485 0.009311
6 0.343579 0.447572 0.007280 0.008165
6 0.376036 0.446999 0.026087 0.008452
11 0.621234 0.447214 0.062285 0.011173
5 0.413145 0.458029 0.101517 0.008452
5 0.476036 0.474072 0.228109 0.009311
5 0.411830 0.488755 0.093630 0.011173
11 0.387159 0.508380 0.118301 0.011173
8 0.609606 0.507879 0.034985 0.009597
4 0.353893 0.523421 0.053792 0.010314
8 0.613549 0.522704 0.028311 0.008881
5 0.390597 0.545982 0.125177 0.011889
8 0.612235 0.546268 0.027705 0.009311
11 0.355612 0.567182 0.056421 0.009597
3 0.599292 0.566681 0.051163 0.011460
11 0.346309 0.588168 0.038625 0.010027
8 0.603337 0.589027 0.043478 0.010314
5 0.384732 0.611947 0.118706 0.011746
11 0.602326 0.612376 0.047523 0.010314
5 0.370273 0.632717 0.088979 0.010314
4 0.371082 0.655923 0.089383 0.011460
5 0.500000 0.655708 0.079474 0.009597
4 0.596057 0.655493 0.058038 0.011173
11 0.353691 0.670176 0.053387 0.009597
8 0.520121 0.669317 0.035996 0.009311
8 0.608190 0.670176 0.026087 0.009597
5 0.475733 0.710643 0.068554 0.010314
5 0.475935 0.725827 0.120324 0.011173
5 0.476036 0.739077 0.194540 0.009597
5 0.372902 0.756554 0.094237 0.009597
2 0.570475 0.755766 0.110415 0.008881
5 0.475430 0.773886 0.240647 0.013035