0 0.488813 0.246080 0.251562 0.011545
0 0.488914 0.257625 0.147752 0.012400
1 0.490224 0.269598 0.261641 0.012400
5 0.489921 0.282141 0.176376 0.011830
1 0.489216 0.294185 0.262850 0.011403
11 0.490224 0.306015 0.121347 0.011403
4 0.489921 0.318130 0.163475 0.011117
4 0.486495 0.329319 0.157831 0.012400
2 0.410099 0.354547 0.112679 0.010690
9 0.585265 0.353905 0.101391 0.011973
11 0.363032 0.367802 0.024995 0.011545
5 0.443560 0.366947 0.085668 0.013255
5 0.612477 0.366092 0.046966 0.010690
6 0.355573 0.391534 0.010079 0.011117
5 0.454646 0.390892 0.107438 0.010405
11 0.626688 0.389752 0.047571 0.010120
6 0.354969 0.402651 0.010079 0.011117
5 0.475509 0.403221 0.149163 0.011403
11 0.628099 0.401725 0.043943 0.010405
6 0.354969 0.428022 0.008466 0.010832
11 0.434691 0.426311 0.070349 0.011403
3 0.600282 0.425955 0.068938 0.010690
11 0.416146 0.438426 0.032453 0.011117
8 0.617315 0.437500 0.038903 0.009265
5 0.442753 0.450328 0.085668 0.010120
8 0.607136 0.449758 0.058859 0.012400
4 0.443560 0.462728 0.085668 0.011830
8 0.619835 0.461517 0.029026 0.011117
4 0.494961 0.486103 0.164685 0.011545
4 0.390949 0.512828 0.081637 0.011973
5 0.542532 0.511331 0.045757 0.010690
4 0.623866 0.510120 0.022979 0.012258
4 0.371800 0.523304 0.042532 0.010120
8 0.545555 0.522306 0.038097 0.010690
8 0.619129 0.522520 0.032453 0.011117
5 0.397299 0.535918 0.098367 0.011117
8 0.549184 0.535348 0.030034 0.011403
8 0.620036 0.534849 0.030639 0.010405
11 0.368978 0.560861 0.034872 0.012258
5 0.487301 0.571978 0.139690 0.011403
5 0.492643 0.582811 0.073775 0.011117
5 0.473896 0.607825 0.246724 0.010690
5 0.499294 0.619441 0.253578 0.011973
5 0.462508 0.631842 0.234025 0.011117
4 0.501512 0.643600 0.259222 0.011545
5 0.462911 0.656143 0.188470 0.010120
5 0.475307 0.668971 0.207216 0.011260
5 0.473292 0.680160 0.249143 0.011973
4 0.479742 0.692346 0.222133 0.011545
5 0.480951 0.704532 0.219714 0.011403
4 0.468555 0.715721 0.236041 0.010690
5 0.493550 0.729333 0.247329 0.011117
5 0.456158 0.740522 0.169724 0.013255
9 0.432272 0.765108 0.167103 0.011973
9 0.427333 0.776226 0.158436 0.011973
5 0.472788 0.190351 0.192502 0.069983