0 0.492453 0.198430 0.761006 0.020179
9 0.485535 0.221413 0.211321 0.021300
1 0.496226 0.241592 0.761006 0.017937
1 0.493082 0.263453 0.452830 0.017937
4 0.492453 0.284193 0.532075 0.021300
4 0.472956 0.304933 0.422642 0.020179
5 0.269182 0.325953 0.301887 0.019619
1 0.312579 0.347534 0.333333 0.017937
1 0.702516 0.348094 0.267925 0.017937
11 0.155346 0.369675 0.089308 0.016256
2 0.450314 0.370516 0.400000 0.019058
10 0.305660 0.391256 0.382390 0.019058
11 0.728302 0.390975 0.133333 0.020740
6 0.862264 0.390415 0.026415 0.017377
11 0.142138 0.433016 0.057862 0.019619
5 0.334591 0.432455 0.213836 0.020740
4 0.791195 0.433016 0.171069 0.017377
6 0.183019 0.473374 0.016352 0.016256
11 0.618239 0.474496 0.026415 0.020740
11 0.751572 0.475336 0.137107 0.019058
5 0.238994 0.495235 0.251572 0.017377
6 0.183019 0.515975 0.016352 0.014013
11 0.616352 0.517096 0.022642 0.016256
11 0.745912 0.518217 0.155975 0.016256
5 0.286164 0.537556 0.345912 0.017937
6 0.187421 0.558857 0.017610 0.019058
11 0.620126 0.558016 0.027673 0.017377
11 0.744654 0.558857 0.150943 0.019058
5 0.417610 0.579596 0.608805 0.019058
6 0.183648 0.600336 0.012579 0.015695
11 0.619497 0.601457 0.026415 0.019058
11 0.749686 0.601457 0.138365 0.016816
5 0.193082 0.622478 0.157233 0.021861
6 0.184906 0.643778 0.015094 0.016256
11 0.618239 0.644058 0.026415 0.016816
11 0.743396 0.644058 0.150943 0.017937
5 0.287421 0.664518 0.343396 0.019619
4 0.324528 0.706558 0.417610 0.019619
3 0.826415 0.705157 0.100629 0.016816
4 0.352830 0.727298 0.476730 0.019619
8 0.830189 0.726457 0.100629 0.017937
11 0.225786 0.747197 0.215094 0.019058
8 0.776730 0.747758 0.194969 0.019058
5 0.200629 0.788117 0.174843 0.017937
2 0.571698 0.788957 0.189937 0.017377
11 0.799371 0.788677 0.149686 0.019058
5 0.285535 0.809417 0.344654 0.016816
11 0.171698 0.829316 0.122013 0.016256
8 0.827044 0.830157 0.094340 0.016816
4 0.222013 0.871357 0.210063 0.018498
5 0.589308 0.872197 0.187421 0.016816
4 0.805660 0.872478 0.134591 0.018498
11 0.137736 0.891536 0.041509 0.018498
11 0.362264 0.892937 0.110692 0.020179
8 0.635220 0.892096 0.098113 0.016256
8 0.837107 0.892657 0.081761 0.017377
5 0.485535 0.954316 0.369811 0.017377
5 0.506918 0.976457 0.324528 0.020179