0 0.511290 0.069225 0.900000 0.021361
1 0.505645 0.087421 0.443548 0.018196
1 0.505645 0.106804 0.485484 0.018987
9 0.350000 0.124604 0.296774 0.016614
4 0.508065 0.142801 0.393548 0.018196
4 0.509677 0.181171 0.574194 0.030063
11 0.618548 0.227453 0.430645 0.030854
11 0.065323 0.253165 0.030645 0.017405
2 0.681452 0.255142 0.314516 0.018196
5 0.325806 0.284019 0.561290 0.030063
5 0.280645 0.311313 0.467742 0.016614
5 0.196774 0.330301 0.293548 0.019778
1 0.310484 0.347310 0.527419 0.017405
1 0.246774 0.364320 0.390323 0.019778
2 0.545161 0.382120 0.261290 0.017405
5 0.151613 0.405854 0.222581 0.015823
11 0.416129 0.404668 0.064516 0.015032
11 0.494355 0.404668 0.059677 0.015032
11 0.570161 0.405459 0.062903 0.015032
11 0.645161 0.405459 0.025806 0.015032
11 0.713710 0.404272 0.079032 0.015823
11 0.851613 0.405063 0.141935 0.017405
5 0.139516 0.435127 0.198387 0.017405
8 0.404839 0.435918 0.080645 0.017405
6 0.512097 0.434335 0.027419 0.015823
6 0.589516 0.435522 0.030645 0.015032
6 0.645161 0.435522 0.025806 0.016614
11 0.731452 0.434731 0.046774 0.016614
8 0.872581 0.435522 0.100000 0.015032
5 0.131452 0.454905 0.185484 0.017405
8 0.406452 0.454905 0.083871 0.015823
6 0.510484 0.453323 0.027419 0.015823
6 0.586290 0.453718 0.024194 0.015032
6 0.644355 0.453718 0.030645 0.016614
6 0.740323 0.454509 0.025806 0.015032
8 0.881452 0.453718 0.085484 0.015032
5 0.133871 0.473497 0.187097 0.018196
8 0.405645 0.472310 0.085484 0.015823
6 0.512097 0.473101 0.024194 0.015823
6 0.587903 0.472706 0.027419 0.015032
6 0.645161 0.473101 0.029032 0.015823
6 0.740323 0.471915 0.029032 0.015032
8 0.881452 0.472706 0.082258 0.015032
11 0.483065 0.505934 0.362903 0.032437
8 0.777419 0.503560 0.106452 0.027690
5 0.198387 0.537975 0.312903 0.017405
8 0.405645 0.537579 0.082258 0.016614
6 0.511290 0.538370 0.025806 0.015032
6 0.587097 0.536788 0.025806 0.015032
6 0.643548 0.536788 0.025806 0.015032
11 0.729839 0.537579 0.043548 0.015032
8 0.874194 0.537579 0.100000 0.016614
5 0.112903 0.556566 0.145161 0.016614
8 0.404839 0.555775 0.083871 0.016614
6 0.500000 0.555775 0.045161 0.016614
6 0.587097 0.556171 0.025806 0.015823
6 0.644355 0.556962 0.030645 0.015823
6 0.728226 0.555775 0.046774 0.015032
8 0.875000 0.556566 0.101613 0.016614
5 0.138710 0.576345 0.196774 0.016614
8 0.405645 0.575158 0.088710 0.017405
6 0.504032 0.575158 0.046774 0.015823
6 0.588710 0.574763 0.029032 0.015032
6 0.644355 0.575554 0.024194 0.016614
6 0.731452 0.574763 0.043548 0.015032
8 0.874194 0.574367 0.100000 0.015823
5 0.141129 0.594146 0.201613 0.017405
8 0.407258 0.593750 0.079032 0.016614
6 0.511290 0.593750 0.025806 0.016614
6 0.587097 0.593750 0.029032 0.016614
6 0.644355 0.593354 0.030645 0.017405
6 0.738710 0.592959 0.025806 0.015032
8 0.873387 0.592959 0.101613 0.016614
4 0.366129 0.626582 0.574194 0.034810
8 0.775806 0.625791 0.103226 0.028481
4 0.614516 0.661392 0.083871 0.028481
8 0.786290 0.661392 0.079032 0.028481
4 0.379032 0.706092 0.558065 0.035601
8 0.776613 0.703323 0.108065 0.026899
11 0.480645 0.741297 0.348387 0.034810
8 0.775806 0.740902 0.106452 0.027690
11 0.515323 0.782041 0.272581 0.034019
3 0.776613 0.779272 0.104839 0.028481
11 0.124194 0.825158 0.158065 0.017405
5 0.476613 0.844937 0.859677 0.018987
5 0.420161 0.864320 0.753226 0.019778
5 0.474194 0.883307 0.867742 0.018196
4 0.404839 0.901503 0.722581 0.018196
4 0.422581 0.919699 0.767742 0.018196
5 0.189516 0.938291 0.295161 0.017405
5 0.509677 0.957674 0.383871 0.018196
9 0.670968 0.124604 0.296774 0.016614
11 0.754032 0.381725 0.091935 0.016614
6 0.175000 0.253956 0.027419 0.017405