0 0.447030 0.098232 0.756019 0.026513
1 0.437400 0.126785 0.743178 0.018355
1 0.231140 0.143780 0.317817 0.012916
11 0.379615 0.162814 0.624398 0.018355
11 0.247191 0.182869 0.349920 0.019035
4 0.295345 0.202583 0.439807 0.014956
4 0.807384 0.211761 0.292135 0.021074
5 0.140449 0.222978 0.162119 0.013596
9 0.332263 0.239293 0.545746 0.016315
5 0.274478 0.274303 0.417335 0.015636
11 0.199839 0.318151 0.223114 0.013596
5 0.685393 0.316791 0.494382 0.014956
5 0.691011 0.336506 0.505618 0.017675
5 0.555377 0.355540 0.237560 0.016315
3 0.231140 0.375935 0.195827 0.014956
8 0.801766 0.375935 0.094703 0.014956
11 0.914928 0.376615 0.051364 0.016315
4 0.297753 0.401088 0.502408 0.014956
8 0.798555 0.403127 0.101124 0.017675
5 0.463082 0.422502 0.142857 0.014276
8 0.810594 0.424881 0.077047 0.013596
11 0.428571 0.450374 0.083467 0.016995
8 0.805778 0.452073 0.096308 0.013596
5 0.475120 0.473487 0.170144 0.016995
8 0.814607 0.473827 0.075441 0.013596
11 0.475120 0.499660 0.166934 0.016315
8 0.805778 0.500680 0.099518 0.014276
11 0.437400 0.537050 0.094703 0.013596
5 0.459069 0.559483 0.134831 0.014956
8 0.805778 0.539089 0.096308 0.013596
8 0.813804 0.560843 0.073836 0.013596
4 0.168539 0.590075 0.231140 0.016315
5 0.519262 0.590075 0.207063 0.016315
4 0.840289 0.590075 0.139647 0.016315
11 0.129213 0.611829 0.152488 0.016315
8 0.574639 0.611149 0.093098 0.014956
8 0.879615 0.611489 0.073836 0.014276
9 0.260835 0.665194 0.415730 0.015636
2 0.678170 0.665194 0.325843 0.015636
5 0.516854 0.754249 0.808989 0.016995
5 0.515249 0.789259 0.658106 0.016315
5 0.518459 0.811013 0.398074 0.016315
5 0.516051 0.838885 0.643660 0.014956
9 0.516051 0.874235 0.804173 0.016315
5 0.516854 0.895309 0.860353 0.014956
5 0.520867 0.916044 0.235955 0.015636
5 0.517657 0.953433 0.736758 0.019714