0 0.518665 0.186387 0.627828 0.028145
1 0.507353 0.214819 0.559955 0.025273
5 0.509615 0.244687 0.478507 0.024124
1 0.514140 0.269385 0.462670 0.020678
9 0.512443 0.301264 0.432127 0.020103
4 0.513009 0.336875 0.270362 0.020103
4 0.514706 0.368179 0.674208 0.025273
2 0.219457 0.402642 0.262443 0.020678
10 0.764706 0.400345 0.328054 0.021827
11 0.194005 0.432797 0.204751 0.021252
5 0.419683 0.433372 0.178733 0.021252
9 0.766403 0.431074 0.329186 0.021252
5 0.215498 0.477025 0.245475 0.022401
11 0.489253 0.478173 0.080317 0.024698
11 0.662330 0.475876 0.125566 0.020103
11 0.876697 0.475589 0.097285 0.019529
5 0.351244 0.512349 0.505656 0.024124
6 0.182692 0.544802 0.179864 0.020103
6 0.514706 0.543079 0.027149 0.021252
11 0.339367 0.578690 0.226244 0.023550
6 0.519796 0.577254 0.026018 0.020678
8 0.667986 0.542504 0.121041 0.020103
11 0.908937 0.508903 0.053167 0.019529
3 0.869344 0.541930 0.125566 0.020103
4 0.301471 0.624641 0.417421 0.017806
4 0.313914 0.660827 0.453620 0.024698
8 0.870475 0.622056 0.125566 0.018380
8 0.886312 0.653647 0.100679 0.019529
11 0.159502 0.733774 0.135747 0.021252
5 0.204751 0.776278 0.219457 0.021252
8 0.869344 0.699598 0.130090 0.020678
8 0.872738 0.730902 0.127828 0.022401
8 0.869344 0.772257 0.125566 0.020103
4 0.230769 0.825101 0.278281 0.023550
5 0.553733 0.823090 0.229638 0.020678
4 0.856900 0.822229 0.152715 0.020103
11 0.204186 0.858989 0.229638 0.021252
8 0.600679 0.858128 0.124434 0.019529
8 0.880090 0.858415 0.099548 0.017806
8 0.615385 0.890293 0.104072 0.019529
8 0.880090 0.890580 0.104072 0.020103
5 0.510747 0.919012 0.811086 0.019529
5 0.510181 0.953188 0.782805 0.020103