0 0.493562 0.187211 0.763948 0.018006
9 0.483369 0.208910 0.207082 0.018006
1 0.495708 0.228070 0.768240 0.018467
1 0.491953 0.249077 0.451717 0.016159
4 0.495172 0.269160 0.526824 0.017544
4 0.476395 0.289012 0.414163 0.018467
5 0.269313 0.310018 0.300429 0.017082
1 0.313841 0.329640 0.318670 0.017544
1 0.702790 0.330794 0.268240 0.015235
11 0.151824 0.349261 0.080472 0.015235
2 0.452790 0.350646 0.394850 0.018006
10 0.304185 0.369575 0.380901 0.017082
11 0.728541 0.371422 0.130901 0.017082
11 0.143240 0.412050 0.061159 0.018006
5 0.331545 0.412973 0.210300 0.017082
4 0.789700 0.412973 0.173820 0.018006
6 0.182403 0.452216 0.015021 0.014312
11 0.618562 0.452909 0.022532 0.014774
11 0.741416 0.452447 0.152361 0.017544
5 0.228004 0.472299 0.232833 0.017544
6 0.181867 0.492151 0.016094 0.014774
11 0.616953 0.492844 0.023605 0.016159
11 0.749464 0.493767 0.131974 0.016159
5 0.209764 0.512696 0.192060 0.017082
6 0.183476 0.533010 0.015021 0.016159
11 0.616953 0.533472 0.023605 0.017082
11 0.743026 0.533934 0.149142 0.017082
5 0.236052 0.553555 0.244635 0.018467
6 0.184013 0.574100 0.016094 0.017082
11 0.616953 0.574561 0.021459 0.017082
11 0.748927 0.573869 0.133047 0.017544
5 0.416845 0.595799 0.612661 0.018929
6 0.182403 0.614728 0.015021 0.017082
11 0.618026 0.614497 0.025751 0.015697
11 0.749464 0.614728 0.136266 0.018006
5 0.188841 0.635272 0.154506 0.019391
4 0.321352 0.674515 0.417382 0.018467
8 0.825644 0.674746 0.097639 0.016159
4 0.226395 0.695060 0.227468 0.016159
8 0.836373 0.695753 0.076180 0.015697
4 0.349785 0.715605 0.472103 0.019391
8 0.826180 0.715836 0.096567 0.016159
5 0.235515 0.735226 0.247854 0.018929
8 0.825107 0.735919 0.098712 0.015697
11 0.224249 0.754386 0.221030 0.018467
3 0.777897 0.756002 0.188841 0.018006
5 0.196888 0.794783 0.174893 0.018006
2 0.570815 0.796861 0.193133 0.018467
11 0.797210 0.796861 0.156652 0.016620
10 0.293991 0.815559 0.364807 0.017082
11 0.170601 0.835180 0.115880 0.014774
8 0.826180 0.835642 0.100858 0.016620
4 0.218348 0.876039 0.213519 0.018929
5 0.587983 0.876731 0.190987 0.018467
4 0.805258 0.876962 0.131974 0.018006
11 0.131438 0.895891 0.043991 0.016159
11 0.361588 0.896353 0.111588 0.019852
8 0.636266 0.896814 0.100858 0.018006
8 0.835837 0.896353 0.077253 0.016159
5 0.483906 0.957295 0.360515 0.016159
5 0.504292 0.977608 0.330472 0.018929
6 0.865343 0.371884 0.022532 0.015235