0 0.464926 0.239952 0.272727 0.014396
2 0.467043 0.251140 0.099174 0.009692
1 0.467043 0.264538 0.060472 0.010547
1 0.468454 0.275513 0.233421 0.011973
1 0.467849 0.286916 0.176174 0.013398
4 0.468454 0.298176 0.076597 0.009407
9 0.404152 0.310433 0.165692 0.011973
11 0.334106 0.328891 0.024390 0.008409
11 0.426426 0.327680 0.019149 0.009407
11 0.603205 0.323047 0.028019 0.008694
9 0.394779 0.341576 0.142512 0.010120
8 0.338944 0.355259 0.030034 0.008124
6 0.420984 0.353977 0.006652 0.008124
8 0.601693 0.349487 0.028623 0.009122
9 0.388531 0.371651 0.127192 0.009835
8 0.340355 0.386474 0.030034 0.008409
6 0.422395 0.384550 0.006249 0.009122
8 0.602701 0.380274 0.029026 0.009407
3 0.565914 0.401796 0.106632 0.009407
4 0.573977 0.414125 0.091715 0.010405
3 0.576497 0.425385 0.085467 0.008979
5 0.365954 0.447263 0.077605 0.009407
5 0.598770 0.441420 0.042935 0.007697
11 0.343882 0.459521 0.034267 0.007697
8 0.604818 0.454461 0.030034 0.008409
5 0.348922 0.472848 0.041524 0.010120
8 0.606027 0.466505 0.029631 0.009407
4 0.362326 0.500071 0.067124 0.008409
5 0.501814 0.497506 0.046160 0.008124
4 0.607841 0.495225 0.029631 0.008409
4 0.363435 0.513184 0.068535 0.008694
8 0.517335 0.510405 0.019956 0.007697
8 0.612679 0.508623 0.019149 0.008124
4 0.475711 0.528934 0.141504 0.009692
5 0.475509 0.540693 0.188672 0.011260
4 0.476013 0.552665 0.125983 0.011260
5 0.475912 0.564495 0.139085 0.010120
5 0.475610 0.576326 0.171941 0.010120
5 0.476618 0.587942 0.152993 0.011117