0 0.488156 0.120836 0.719120 0.014681
5 0.498308 0.136081 0.725888 0.012422
5 0.491540 0.148504 0.553299 0.014681
1 0.495770 0.162338 0.172589 0.011858
5 0.491540 0.175607 0.573604 0.013552
5 0.495770 0.190006 0.470389 0.014116
1 0.495770 0.204404 0.629442 0.014681
9 0.498308 0.218803 0.803723 0.015246
4 0.492386 0.233484 0.443316 0.015246
4 0.489848 0.266798 0.482234 0.025409
11 0.110829 0.317617 0.096447 0.016375
2 0.472081 0.345285 0.812183 0.014116
5 0.264805 0.359401 0.407783 0.014116
11 0.684433 0.359401 0.309645 0.014116
11 0.115059 0.387916 0.098139 0.013552
11 0.480541 0.386505 0.071066 0.014116
11 0.649746 0.386222 0.067682 0.013552
5 0.812183 0.386222 0.135364 0.013552
11 0.643824 0.400903 0.089679 0.014681
11 0.832487 0.400903 0.081218 0.013552
6 0.168359 0.415867 0.187817 0.011858
6 0.464467 0.415584 0.032149 0.011293
3 0.632826 0.415867 0.104907 0.011858
8 0.822335 0.414455 0.118443 0.012422
11 0.907783 0.414173 0.028765 0.011858
5 0.375635 0.430548 0.612521 0.012987
11 0.218274 0.458216 0.297800 0.012987
6 0.609983 0.457369 0.025381 0.011293
4 0.551607 0.498871 0.318105 0.012987
11 0.563452 0.512140 0.087986 0.011293
5 0.609137 0.526821 0.172589 0.012422
11 0.227580 0.541220 0.204738 0.012987
11 0.213198 0.554771 0.169205 0.011858
5 0.250423 0.569170 0.257191 0.014681
8 0.872250 0.498871 0.106599 0.010728
8 0.879019 0.511858 0.089679 0.010728
8 0.882403 0.526256 0.089679 0.011293
8 0.823181 0.540090 0.204738 0.012987
8 0.825719 0.553924 0.206430 0.012422
8 0.840948 0.568041 0.172589 0.014681
4 0.501692 0.597967 0.587140 0.014681
4 0.499154 0.625635 0.250423 0.014681
11 0.132826 0.653021 0.096447 0.014116
5 0.494078 0.653303 0.131980 0.014681
11 0.669205 0.653303 0.032149 0.016940
4 0.840948 0.652456 0.159052 0.015246
11 0.113367 0.680971 0.043993 0.013552
8 0.505076 0.680407 0.113367 0.016940
6 0.672589 0.681254 0.028765 0.016375
8 0.871404 0.680689 0.091371 0.014116
4 0.595601 0.722473 0.216582 0.017504
8 0.872250 0.721909 0.089679 0.012987
5 0.505076 0.781479 0.631134 0.011293
5 0.506768 0.796725 0.546531 0.013552
5 0.507614 0.810277 0.754653 0.012422
5 0.503384 0.822981 0.834179 0.010728
1 0.502538 0.835686 0.798646 0.012422
5 0.500846 0.849238 0.460237 0.013552