0 0.506452 0.082820 0.896774 0.017720
1 0.500000 0.100924 0.441935 0.016949
1 0.503226 0.117488 0.480645 0.016179
9 0.506452 0.134823 0.612903 0.016949
4 0.506452 0.152928 0.390323 0.016179
4 0.503226 0.190293 0.554839 0.027735
11 0.614516 0.234977 0.435484 0.026194
11 0.061290 0.260401 0.025806 0.015408
2 0.674194 0.261171 0.306452 0.016949
5 0.325806 0.288906 0.564516 0.027735
5 0.274194 0.315485 0.458065 0.017720
5 0.189516 0.333590 0.288710 0.016949
1 0.306452 0.351310 0.522581 0.015408
11 0.237903 0.368259 0.385484 0.018490
2 0.541935 0.384438 0.258065 0.016949
11 0.750806 0.384052 0.088710 0.016179
5 0.148387 0.407935 0.219355 0.016179
11 0.410484 0.406394 0.062903 0.014638
11 0.490323 0.406394 0.061290 0.014638
11 0.564516 0.407165 0.061290 0.013097
11 0.639516 0.406009 0.024194 0.013867
11 0.707258 0.406780 0.075806 0.013867
11 0.848387 0.406780 0.138710 0.016949
5 0.135484 0.435670 0.196774 0.016179
8 0.401613 0.436055 0.077419 0.013867
6 0.505645 0.435285 0.030645 0.010786
6 0.582258 0.434515 0.022581 0.015408
6 0.640323 0.435670 0.025806 0.014638
6 0.733871 0.435285 0.022581 0.012327
8 0.878226 0.435670 0.082258 0.016179
5 0.123387 0.453005 0.175806 0.015408
8 0.400806 0.454160 0.079032 0.014638
6 0.504032 0.453005 0.020968 0.012327
6 0.579839 0.454160 0.020968 0.013097
6 0.639516 0.453390 0.020968 0.014638
6 0.730645 0.453005 0.022581 0.013867
8 0.878226 0.452234 0.085484 0.015408
5 0.125000 0.471109 0.179032 0.014638
8 0.403226 0.471880 0.080645 0.016179
6 0.508065 0.471880 0.022581 0.013097
6 0.584677 0.471495 0.020968 0.012327
6 0.638710 0.471880 0.019355 0.011556
6 0.733871 0.471495 0.025806 0.012327
8 0.877419 0.471880 0.080645 0.014638
11 0.476613 0.503082 0.343548 0.030817
8 0.772581 0.501156 0.100000 0.025424
5 0.193548 0.534284 0.312903 0.014638
8 0.403226 0.533128 0.080645 0.015408
6 0.506452 0.534284 0.019355 0.013097
6 0.583065 0.533513 0.024194 0.014638
6 0.639516 0.533898 0.027419 0.013867
6 0.733065 0.534284 0.027419 0.016179
8 0.879032 0.533128 0.083871 0.016949
5 0.126613 0.551618 0.175806 0.016949
8 0.400806 0.552003 0.079032 0.014638
6 0.500806 0.552388 0.037097 0.013867
6 0.581452 0.552003 0.020968 0.014638
6 0.637903 0.552003 0.020968 0.014638
6 0.729839 0.552003 0.043548 0.014638
8 0.879032 0.551618 0.080645 0.013867
5 0.146774 0.570493 0.219355 0.016179
8 0.400806 0.570108 0.082258 0.016949
6 0.500806 0.570878 0.037097 0.013867
6 0.583871 0.570878 0.016129 0.012327
6 0.637903 0.570493 0.020968 0.014638
6 0.736290 0.570878 0.024194 0.015408
8 0.875000 0.570108 0.085484 0.016949
5 0.138710 0.589753 0.196774 0.019260
8 0.400806 0.588598 0.085484 0.015408
6 0.506452 0.588598 0.022581 0.013867
6 0.581452 0.588213 0.020968 0.014638
6 0.639516 0.589368 0.024194 0.015408
6 0.735484 0.589368 0.029032 0.015408
8 0.875000 0.588598 0.085484 0.013867
5 0.135484 0.607473 0.200000 0.016179
8 0.400000 0.607088 0.083871 0.015408
6 0.506452 0.606317 0.019355 0.015408
6 0.575806 0.607088 0.032258 0.013867
6 0.637903 0.606317 0.020968 0.013867
11 0.716129 0.607473 0.064516 0.014638
8 0.870968 0.607088 0.093548 0.015408
4 0.357258 0.637134 0.575806 0.033898
8 0.769355 0.636749 0.103226 0.026965
4 0.608065 0.672573 0.080645 0.026194
8 0.779032 0.672188 0.090323 0.023883
4 0.370968 0.712635 0.558065 0.032357
8 0.778226 0.710709 0.101613 0.025424
11 0.475000 0.749230 0.343548 0.031587
8 0.774194 0.747304 0.103226 0.024653
11 0.512097 0.788906 0.262903 0.033898
3 0.769355 0.787365 0.106452 0.029276
11 0.119355 0.828582 0.151613 0.014638
5 0.471774 0.848228 0.850000 0.015408
5 0.416129 0.867488 0.751613 0.018490
5 0.476613 0.884823 0.862903 0.014638
4 0.402419 0.902542 0.708065 0.017720
4 0.415323 0.919877 0.750000 0.015408
5 0.189516 0.938752 0.291935 0.017720
5 0.503226 0.957242 0.377419 0.016179
6 0.170161 0.260015 0.020968 0.014638