0 0.458097 0.207265 0.563920 0.021368
1 0.470170 0.236823 0.545455 0.024929
5 0.461648 0.263533 0.289773 0.021368
1 0.478693 0.292379 0.426136 0.020655
5 0.463068 0.321225 0.363636 0.018519
4 0.475142 0.349003 0.512784 0.019943
1 0.488636 0.406695 0.579545 0.022792
11 0.159091 0.462607 0.144886 0.020655
6 0.487216 0.462607 0.125000 0.022080
2 0.811080 0.462251 0.167614 0.021368
5 0.359375 0.519587 0.545455 0.023504
11 0.799006 0.519231 0.188920 0.021368
5 0.356534 0.548433 0.545455 0.022792
11 0.805398 0.547721 0.167614 0.021368
4 0.385653 0.603276 0.609375 0.022792
8 0.797585 0.603989 0.103693 0.021368
5 0.468750 0.632479 0.448864 0.024217
11 0.819602 0.633191 0.062500 0.019943
5 0.578125 0.662037 0.230114 0.026353
3 0.799006 0.660969 0.109375 0.021368
5 0.600142 0.689103 0.188920 0.023504
8 0.801847 0.689459 0.106534 0.019943
5 0.595881 0.717236 0.188920 0.021368
11 0.818892 0.717236 0.066761 0.021368
4 0.195312 0.773504 0.223011 0.027066
5 0.503551 0.772792 0.203125 0.021368
4 0.795455 0.773860 0.142045 0.023504
11 0.149858 0.800570 0.126420 0.018519
8 0.557528 0.801282 0.106534 0.022792
8 0.832386 0.802350 0.085227 0.020655
5 0.468750 0.887464 0.571023 0.027066
9 0.480824 0.915598 0.788352 0.024929