0 0.315315 0.095041 0.522523 0.013085
1 0.323761 0.109504 0.532658 0.013774
1 0.202703 0.126550 0.288288 0.013430
9 0.194820 0.143079 0.270270 0.012741
1 0.194820 0.160296 0.274775 0.012741
4 0.261824 0.176825 0.404279 0.012741
4 0.337838 0.212121 0.216216 0.013085
1 0.234797 0.228478 0.352477 0.014807
11 0.099099 0.245868 0.083333 0.012397
9 0.387387 0.281853 0.653153 0.014118
8 0.207770 0.297693 0.228604 0.012052
11 0.744369 0.297693 0.121622 0.013430
5 0.332207 0.316116 0.545045 0.015840
8 0.205518 0.331784 0.217342 0.012741
11 0.738739 0.331784 0.135135 0.012052
9 0.386824 0.350379 0.654279 0.013430
8 0.205518 0.366391 0.228604 0.015840
8 0.735360 0.367769 0.137387 0.015840
11 0.365428 0.384642 0.615991 0.015840
8 0.206644 0.400310 0.226351 0.012741
11 0.746059 0.400654 0.122748 0.012052
9 0.395833 0.419077 0.672297 0.014463
8 0.216216 0.435606 0.250000 0.015840
11 0.139077 0.452652 0.082207 0.012741
8 0.499437 0.452307 0.129505 0.012052
9 0.396959 0.470213 0.672297 0.014807
8 0.220721 0.487087 0.250000 0.014807
11 0.140766 0.504304 0.085586 0.012741
8 0.490991 0.504304 0.108108 0.012741
8 0.737050 0.504304 0.143018 0.012741
5 0.268018 0.538567 0.204955 0.016529
11 0.224099 0.555613 0.103604 0.012741
4 0.224099 0.574208 0.096847 0.015496
8 0.726914 0.537534 0.097973 0.015840
3 0.711149 0.555957 0.118243 0.014118
5 0.203266 0.607094 0.172297 0.012397
11 0.261261 0.624483 0.288288 0.012741
5 0.176802 0.641357 0.119369 0.012052
11 0.139077 0.659091 0.122748 0.013774
8 0.712838 0.623795 0.114865 0.014118
8 0.729167 0.641701 0.084459 0.012741
8 0.716216 0.658230 0.126126 0.013430
11 0.140203 0.743629 0.120495 0.012741
11 0.337275 0.743974 0.104730 0.012741
4 0.547297 0.744663 0.063063 0.012052
11 0.120495 0.778581 0.121622 0.013774
11 0.119932 0.795971 0.122748 0.012052
8 0.329392 0.777720 0.120495 0.012052
8 0.338401 0.795799 0.100225 0.013774
8 0.538288 0.778409 0.083333 0.012741
8 0.537162 0.795455 0.078829 0.012397
5 0.176239 0.829029 0.237613 0.012741
11 0.259009 0.863292 0.364865 0.013085
5 0.354167 0.881026 0.557432 0.014807
5 0.223536 0.897383 0.332207 0.013774
5 0.337275 0.914428 0.561937 0.012741
4 0.403716 0.931474 0.652027 0.013774
9 0.534910 0.142390 0.272523 0.012052
2 0.415541 0.246212 0.443694 0.012397
8 0.730293 0.452479 0.161036 0.013774
11 0.359234 0.556990 0.020270 0.009986
8 0.423423 0.573003 0.150901 0.015840
11 0.394707 0.643251 0.019144 0.011019