0 0.721584 0.117785 0.293229 0.024369
9 0.722189 0.131680 0.076784 0.009406
1 0.722491 0.140872 0.245466 0.013254
5 0.721584 0.151988 0.123942 0.010688
11 0.665961 0.160111 0.091294 0.008978
11 0.772370 0.163104 0.096131 0.009833
4 0.720979 0.171227 0.155381 0.013254
4 0.723398 0.198162 0.243652 0.016674
11 0.590689 0.223386 0.071342 0.016674
1 0.648730 0.252886 0.192261 0.014964
2 0.824365 0.256306 0.126360 0.012398
5 0.685611 0.923044 0.256348 0.015391
5 0.684401 0.935656 0.083434 0.012398
11 0.592503 0.280248 0.047158 0.012398
11 0.667473 0.282599 0.037485 0.011971
11 0.713724 0.282172 0.029625 0.011116
11 0.770859 0.284310 0.053204 0.011971
5 0.853688 0.281531 0.071342 0.010688
11 0.852177 0.292433 0.034462 0.011116
6 0.586759 0.306755 0.086457 0.011543
6 0.585248 0.345661 0.087062 0.011543
6 0.582527 0.384994 0.087666 0.011543
6 0.580713 0.423899 0.086457 0.010688
6 0.578900 0.463446 0.086457 0.010261
6 0.577690 0.503420 0.087666 0.010688
6 0.574667 0.547029 0.087666 0.009833
6 0.663543 0.308038 0.013906 0.009833
6 0.661125 0.347584 0.007860 0.008551
6 0.659311 0.386704 0.009069 0.010688
6 0.657195 0.425395 0.007255 0.008551
6 0.655079 0.465370 0.009069 0.009833
6 0.653265 0.504917 0.007860 0.009406
6 0.651149 0.548953 0.008464 0.009406
8 0.707981 0.308679 0.038694 0.010261
8 0.705865 0.347371 0.039299 0.009833
8 0.708283 0.387559 0.032044 0.010688
8 0.706469 0.426678 0.030834 0.009406
8 0.704655 0.465584 0.033253 0.010261
8 0.702237 0.505558 0.030834 0.010688
8 0.700423 0.549166 0.032044 0.009833
8 0.766324 0.310389 0.032044 0.010261
8 0.764510 0.349508 0.032044 0.009833
8 0.762092 0.389269 0.033253 0.009833
8 0.760883 0.428174 0.030834 0.010688
8 0.758162 0.467507 0.032648 0.009833
8 0.756348 0.507054 0.031439 0.009406
8 0.754232 0.550876 0.032044 0.009833
8 0.854293 0.312313 0.055623 0.010688
8 0.855804 0.351646 0.048972 0.009833
8 0.858525 0.391193 0.041112 0.010261
8 0.856106 0.430098 0.041112 0.009406
8 0.855200 0.469431 0.040508 0.010261
8 0.852781 0.508978 0.040508 0.010688
8 0.850363 0.553014 0.040508 0.011543
5 0.634522 0.323856 0.169891 0.012398
5 0.674426 0.364472 0.253325 0.014109
5 0.594015 0.402095 0.098549 0.010688
5 0.642080 0.442069 0.197098 0.013681
5 0.622733 0.481616 0.159613 0.011543
5 0.707981 0.522659 0.336155 0.016674
5 0.609734 0.532706 0.119105 0.011971
5 0.685308 0.566054 0.294438 0.015391
11 0.571040 0.576528 0.046554 0.009833
11 0.569831 0.602822 0.077993 0.013681
6 0.662334 0.603677 0.015115 0.009406
11 0.595526 0.630825 0.126965 0.012398
4 0.575574 0.647713 0.089480 0.011971
5 0.574365 0.664173 0.088271 0.011543
11 0.564692 0.681274 0.072551 0.013254
11 0.556832 0.699230 0.056832 0.013254
5 0.570738 0.718897 0.090689 0.013254
8 0.836457 0.607311 0.046554 0.010688
8 0.834643 0.635742 0.047763 0.010261
8 0.842503 0.652843 0.030834 0.010261
8 0.838271 0.669731 0.033253 0.010688
3 0.823156 0.687687 0.063482 0.014109
8 0.822249 0.705002 0.062878 0.013681
8 0.832830 0.725096 0.040508 0.011971
4 0.700121 0.783241 0.133011 0.014536
4 0.564087 0.806969 0.077388 0.010688
11 0.648428 0.808893 0.013906 0.009406
5 0.743349 0.806541 0.068319 0.010688
11 0.740931 0.817443 0.034462 0.011116
4 0.837364 0.808893 0.032648 0.009406
11 0.834341 0.819795 0.036276 0.010688
11 0.542322 0.831338 0.022975 0.008978
8 0.650242 0.833476 0.030834 0.009833
8 0.737304 0.836041 0.046554 0.009833
8 0.831318 0.838606 0.031439 0.009833
11 0.549274 0.855494 0.061064 0.011116
8 0.735490 0.859983 0.047763 0.010688
8 0.830713 0.862548 0.031439 0.009833
5 0.682890 0.880504 0.328295 0.017529
4 0.624849 0.892048 0.208585 0.015819