0 0.453150 0.103051 0.764136 0.025763
1 0.447496 0.131525 0.743134 0.016271
1 0.235864 0.147119 0.326333 0.017627
11 0.389338 0.165424 0.623586 0.014915
11 0.250404 0.186102 0.355412 0.016949
4 0.298869 0.204407 0.455574 0.016949
4 0.815024 0.214576 0.295638 0.019661
5 0.145396 0.224407 0.168013 0.016271
9 0.327141 0.241017 0.531502 0.015593
5 0.280291 0.278305 0.421648 0.016949
11 0.201131 0.320000 0.231018 0.013559
5 0.705977 0.321017 0.529887 0.015593
11 0.500808 0.338644 0.119548 0.016949
11 0.223748 0.359322 0.192246 0.016271
3 0.817447 0.360678 0.077544 0.013559
11 0.923263 0.361017 0.046850 0.015593
4 0.302908 0.385085 0.512116 0.016271
8 0.818255 0.386780 0.075929 0.014237
5 0.466074 0.405085 0.159935 0.015593
8 0.818255 0.408136 0.079160 0.013559
11 0.434572 0.433220 0.090468 0.013559
8 0.819871 0.435254 0.075929 0.013559
5 0.481422 0.455932 0.174475 0.018305
8 0.820679 0.457288 0.077544 0.014237
11 0.479806 0.484407 0.171244 0.016949
8 0.819871 0.486102 0.079160 0.016271
11 0.438611 0.521695 0.095315 0.012881
8 0.816640 0.524068 0.098546 0.016271
5 0.462843 0.543051 0.150242 0.016271
8 0.821486 0.544068 0.085622 0.015593
4 0.169628 0.572203 0.232633 0.016271
5 0.522617 0.571864 0.211632 0.016949
4 0.847334 0.573898 0.147011 0.016949
11 0.133279 0.592542 0.163166 0.014915
8 0.588853 0.593559 0.075929 0.014237
8 0.886107 0.593898 0.079160 0.013559
9 0.261712 0.647119 0.423263 0.016949
2 0.680937 0.647119 0.324717 0.016949
5 0.521002 0.744068 0.819063 0.019661
5 0.521809 0.779661 0.665590 0.014915
5 0.519386 0.801017 0.395800 0.015593
5 0.521809 0.836949 0.659128 0.016949
9 0.521809 0.871525 0.817447 0.015593
5 0.520194 0.894576 0.869144 0.016949
5 0.520194 0.915254 0.235864 0.014915
5 0.521002 0.951186 0.751212 0.018983