0 0.417382 0.151743 0.354077 0.024665
9 0.416845 0.174531 0.234979 0.019839
5 0.417382 0.197855 0.542918 0.023592
1 0.424356 0.221180 0.636266 0.023056
1 0.415236 0.242895 0.431330 0.024665
4 0.418455 0.266488 0.465665 0.023592
4 0.398605 0.312064 0.430258 0.027882
9 0.193133 0.357909 0.311159 0.020912
11 0.076180 0.379357 0.085837 0.021984
5 0.143777 0.427078 0.223176 0.024129
11 0.347103 0.427882 0.069742 0.025737
5 0.521996 0.429759 0.136266 0.025201
11 0.672210 0.427614 0.101931 0.023056
11 0.098712 0.472922 0.133047 0.025737
11 0.338519 0.496515 0.082618 0.025737
8 0.513412 0.496515 0.089056 0.019303
4 0.770923 0.428150 0.059013 0.025201
11 0.778970 0.497319 0.042918 0.021984
11 0.114270 0.519035 0.153433 0.023592
11 0.339592 0.539678 0.069742 0.023056
8 0.511266 0.539946 0.089056 0.020375
8 0.684549 0.542895 0.081545 0.021984
11 0.776288 0.542627 0.033262 0.021448
5 0.133047 0.564879 0.197425 0.024129
11 0.333691 0.587399 0.057940 0.021984
8 0.510193 0.588204 0.076180 0.021448
8 0.687232 0.587399 0.086910 0.019839
11 0.776824 0.587399 0.042918 0.019839
5 0.125536 0.610724 0.173820 0.022520
11 0.333691 0.630295 0.062232 0.018767
8 0.510730 0.631903 0.079399 0.020912
8 0.679721 0.631635 0.080472 0.023592
11 0.776824 0.632708 0.040773 0.021448
6 0.152361 0.676139 0.231760 0.022520
4 0.247854 0.697587 0.427039 0.023592
8 0.760730 0.699196 0.083691 0.016086
4 0.202253 0.723056 0.329399 0.024129
8 0.756438 0.722520 0.079399 0.019839
4 0.276288 0.746649 0.475322 0.023056
3 0.759657 0.744236 0.083691 0.017158
11 0.151824 0.769169 0.219957 0.026273
8 0.714056 0.769169 0.166309 0.021984
11 0.092275 0.813137 0.115880 0.024129
8 0.754292 0.813405 0.094421 0.022520
4 0.134120 0.880161 0.218884 0.023056
5 0.509657 0.882842 0.188841 0.021984
4 0.724249 0.880965 0.133047 0.023592
11 0.055794 0.902413 0.053648 0.021448
6 0.280579 0.903753 0.116953 0.023056
8 0.566524 0.904290 0.077253 0.019839
8 0.759657 0.902949 0.094421 0.019303
10 0.534335 0.356836 0.313305 0.025201
2 0.378755 0.383110 0.407725 0.018767