0 0.493506 0.127907 0.246753 0.027132
9 0.496753 0.160853 0.386364 0.029070
4 0.495130 0.192345 0.451299 0.030039
1 0.498377 0.227713 0.886364 0.027132
0 0.493506 0.257752 0.685065 0.027132
4 0.461039 0.328488 0.383117 0.032946
9 0.147727 0.373062 0.139610 0.025194
9 0.411526 0.372093 0.284091 0.027132
11 0.120942 0.406977 0.092532 0.025194
2 0.490260 0.407946 0.441558 0.025194
10 0.149351 0.437016 0.142857 0.027132
11 0.413961 0.440407 0.282468 0.024225
11 0.123377 0.482074 0.087662 0.026163
11 0.444805 0.484981 0.071429 0.026163
11 0.583604 0.482558 0.095779 0.027132
5 0.737013 0.484012 0.146104 0.024225
1 0.326299 0.519864 0.500000 0.026163
6 0.226461 0.548450 0.290584 0.025194
6 0.474838 0.549419 0.024351 0.021318
3 0.587662 0.549903 0.107143 0.024225
11 0.785714 0.549903 0.168831 0.026163
6 0.138799 0.584787 0.128247 0.026163
11 0.434253 0.586725 0.193182 0.026163
11 0.398539 0.621124 0.125000 0.025194
5 0.411526 0.664729 0.141234 0.029070
11 0.583604 0.587209 0.017857 0.017442
11 0.582792 0.623547 0.012987 0.018411
11 0.583604 0.664729 0.014610 0.019380
8 0.751623 0.589147 0.103896 0.025194
8 0.751623 0.622578 0.100649 0.024225
8 0.759740 0.665213 0.081169 0.022287
4 0.195617 0.729651 0.248377 0.027132
11 0.161526 0.769864 0.173701 0.026163
11 0.113636 0.807171 0.081169 0.023256
5 0.566558 0.730620 0.136364 0.027132
8 0.606331 0.771802 0.102273 0.022287
8 0.603896 0.807171 0.097403 0.023256
4 0.738636 0.729651 0.064935 0.025194
8 0.760552 0.771318 0.086039 0.023256
8 0.756494 0.808624 0.087662 0.026163
5 0.469156 0.853682 0.262987 0.027132
5 0.465909 0.880329 0.454545 0.028101