0 0.455317 0.198370 0.564480 0.026087
5 0.464932 0.225815 0.542986 0.028804
5 0.451923 0.251359 0.281674 0.023370
1 0.463801 0.280707 0.425339 0.022283
5 0.464367 0.306250 0.345023 0.021196
4 0.463235 0.333967 0.505656 0.021196
1 0.468326 0.388315 0.565611 0.023370
11 0.139706 0.441304 0.145928 0.019565
6 0.465498 0.442391 0.125566 0.019565
2 0.786765 0.442935 0.161765 0.019565
5 0.336538 0.497554 0.541855 0.021196
11 0.785068 0.497283 0.167421 0.019565
5 0.339367 0.524728 0.549774 0.019022
11 0.785633 0.524457 0.161765 0.021739
11 0.327489 0.552174 0.528281 0.022826
11 0.786199 0.552174 0.162896 0.021739
4 0.365385 0.604891 0.604072 0.020652
8 0.776018 0.605163 0.104072 0.021196
5 0.446267 0.634239 0.446833 0.023913
11 0.795249 0.631250 0.058824 0.019022
5 0.558824 0.660870 0.221719 0.022826
3 0.777715 0.658967 0.100679 0.019022
5 0.596719 0.685870 0.145928 0.019565
8 0.775452 0.686141 0.102941 0.019022
5 0.576357 0.713587 0.182127 0.019565
8 0.785068 0.712772 0.083710 0.019022
4 0.178167 0.769293 0.229638 0.023370
5 0.485860 0.766848 0.197964 0.021739
4 0.776018 0.767663 0.140271 0.020109
11 0.128959 0.794293 0.128959 0.020109
8 0.536765 0.794565 0.100679 0.019565
11 0.817873 0.794293 0.070136 0.022283
5 0.449661 0.877446 0.569005 0.025543
9 0.455882 0.904348 0.791855 0.022826