0 0.457997 0.094757 0.767367 0.024005
1 0.450727 0.121605 0.739903 0.013266
1 0.238288 0.135186 0.321486 0.012634
11 0.391761 0.152243 0.634895 0.016425
11 0.257674 0.169615 0.360258 0.015793
4 0.303716 0.187618 0.452342 0.015161
4 0.819063 0.197094 0.297254 0.018951
5 0.147819 0.206886 0.166397 0.014529
9 0.340872 0.223310 0.552504 0.015793
5 0.285137 0.257107 0.428110 0.018951
11 0.205977 0.297220 0.234249 0.015793
11 0.238288 0.349337 0.208401 0.016425
11 0.204362 0.370815 0.234249 0.017688
11 0.226171 0.408086 0.184168 0.015161
5 0.695477 0.297852 0.508885 0.015793
5 0.701939 0.314908 0.515347 0.015793
5 0.563813 0.332596 0.232633 0.015793
8 0.809370 0.351548 0.093700 0.014529
11 0.927302 0.351864 0.048465 0.013898
5 0.710016 0.372078 0.525040 0.015161
11 0.505654 0.387555 0.116317 0.015793
8 0.819871 0.408718 0.079160 0.012634
11 0.924879 0.409033 0.046850 0.013266
4 0.307754 0.431143 0.512116 0.017056
5 0.469305 0.451990 0.143780 0.018320
11 0.435380 0.476943 0.092084 0.012634
5 0.481422 0.497789 0.174475 0.016425
11 0.478998 0.523689 0.172859 0.015161
11 0.444265 0.557486 0.096931 0.014529
5 0.466074 0.578016 0.143780 0.013898
3 0.809370 0.432723 0.103393 0.013898
8 0.820679 0.452937 0.080775 0.016425
8 0.811793 0.479785 0.098546 0.012003
8 0.820679 0.498737 0.093700 0.015793
8 0.815024 0.526216 0.101777 0.012634
8 0.813409 0.559065 0.105008 0.018951
8 0.824717 0.580227 0.082391 0.013266
4 0.168013 0.605812 0.235864 0.016425
5 0.524233 0.606759 0.214863 0.017056
4 0.849758 0.606759 0.145396 0.017056
11 0.133279 0.624763 0.159935 0.017688
8 0.579160 0.626342 0.098546 0.015793
8 0.882876 0.626027 0.079160 0.015161
9 0.264136 0.675932 0.424879 0.016425
2 0.683360 0.677827 0.326333 0.015161
5 0.521002 0.766267 0.815832 0.017688
5 0.521809 0.798168 0.668821 0.015793
5 0.523425 0.818699 0.410339 0.016425
5 0.520194 0.852179 0.655897 0.016425
9 0.523425 0.884397 0.817447 0.016425
5 0.521002 0.906191 0.867528 0.015793
5 0.521809 0.925142 0.239095 0.015793
5 0.519386 0.958623 0.744750 0.020846