4 0.508047 0.056178 0.224249 0.010078
5 0.511266 0.072228 0.277897 0.010825
4 0.513412 0.094065 0.533262 0.011945
5 0.507511 0.112169 0.495708 0.010078
1 0.511266 0.131206 0.606223 0.013065
5 0.513948 0.150989 0.343348 0.011571
1 0.512876 0.169839 0.390558 0.013438
5 0.254292 0.215566 0.285408 0.010078
5 0.722639 0.215379 0.258584 0.011945
11 0.167382 0.261478 0.109442 0.009332
11 0.328326 0.279769 0.431330 0.010078
11 0.401824 0.260918 0.112661 0.010452
11 0.620172 0.261665 0.045064 0.011945
11 0.762339 0.260172 0.106223 0.011945
11 0.640558 0.278462 0.094421 0.010452
2 0.803648 0.278462 0.188841 0.010452
5 0.254292 0.307951 0.285408 0.010452
5 0.245708 0.328294 0.255365 0.012318
11 0.484979 0.326054 0.169528 0.010825
5 0.200107 0.360022 0.172747 0.013065
11 0.401824 0.358903 0.089056 0.011571
5 0.559549 0.358903 0.129828 0.012318
11 0.719421 0.358343 0.093348 0.011945
11 0.878755 0.358156 0.105150 0.013065
6 0.141094 0.385778 0.016094 0.011571
6 0.142704 0.408361 0.019313 0.013438
11 0.243026 0.385218 0.093348 0.011945
11 0.253219 0.407801 0.109442 0.012318
11 0.375000 0.385592 0.074034 0.013438
11 0.377682 0.408361 0.075107 0.013438
6 0.457618 0.385032 0.033262 0.010078
6 0.456009 0.407242 0.032189 0.011198
11 0.573498 0.384099 0.168455 0.011945
11 0.576180 0.407615 0.167382 0.010452
8 0.863734 0.382979 0.111588 0.010452
8 0.868026 0.406495 0.107296 0.010452
3 0.795064 0.440276 0.238197 0.011571
11 0.230687 0.463606 0.238197 0.011945
11 0.206009 0.485816 0.195279 0.010825
5 0.274142 0.509145 0.327253 0.011945
11 0.230150 0.530235 0.234979 0.010825
5 0.186695 0.553191 0.150215 0.011198
5 0.218884 0.575588 0.214592 0.013438
4 0.287554 0.596305 0.345494 0.010825
11 0.582618 0.463419 0.012876 0.007092
11 0.583691 0.486189 0.012876 0.007839
11 0.582082 0.508212 0.013948 0.007092
11 0.582618 0.529862 0.012876 0.008585
11 0.582618 0.552445 0.012876 0.007465
11 0.581545 0.574095 0.015021 0.007465
11 0.582082 0.596678 0.013948 0.008585
8 0.782725 0.485069 0.106223 0.010825
8 0.783798 0.507092 0.110515 0.010078
8 0.780043 0.528555 0.111588 0.011198
8 0.780579 0.550392 0.108369 0.010825
8 0.782189 0.573535 0.107296 0.010078
8 0.793455 0.595931 0.086910 0.010078
5 0.511266 0.634005 0.640558 0.011571
5 0.512339 0.656588 0.430258 0.011945
5 0.515558 0.674692 0.299356 0.009332
5 0.510730 0.692609 0.555794 0.012318
5 0.523069 0.711833 0.771459 0.011198
5 0.513412 0.730683 0.473176 0.012318
5 0.342811 0.748973 0.258584 0.012318
9 0.655579 0.748040 0.319742 0.011945
5 0.488734 0.776409 0.687768 0.013438
5 0.485515 0.793206 0.378755 0.011945
11 0.488734 0.813736 0.533262 0.010452
5 0.487124 0.832587 0.384120 0.013811
5 0.484442 0.862635 0.726395 0.011945
5 0.487124 0.879246 0.645923 0.012318
5 0.486588 0.895670 0.535408 0.010078
5 0.486052 0.909668 0.377682 0.011945
5 0.488197 0.935610 0.169528 0.011571
0 0.488197 0.951848 0.600858 0.010452
1 0.490343 0.968645 0.345494 0.010452
6 0.901288 0.968085 0.017167 0.010078