0 0.406116 0.159295 0.666309 0.020717
1 0.413627 0.183931 0.604077 0.020717
1 0.423283 0.208007 0.623391 0.021837
9 0.425966 0.232083 0.551502 0.020717
5 0.434013 0.289194 0.571888 0.036394
5 0.170064 0.352744 0.262876 0.038074
5 0.109979 0.407615 0.149142 0.020157
6 0.286481 0.406215 0.109442 0.018477
5 0.615343 0.407335 0.174893 0.021837
11 0.074034 0.430851 0.077253 0.018477
2 0.372854 0.430571 0.398069 0.019037
5 0.093348 0.454647 0.115880 0.019037
10 0.258584 0.454927 0.167382 0.019597
6 0.047747 0.502520 0.013948 0.019597
5 0.309013 0.503639 0.360515 0.021837
8 0.757511 0.502800 0.081545 0.019037
6 0.047210 0.550392 0.023605 0.019037
5 0.358369 0.551232 0.452790 0.021837
8 0.756974 0.550952 0.076180 0.017917
6 0.047747 0.597144 0.013948 0.019597
5 0.207082 0.597424 0.152361 0.020157
8 0.750536 0.598544 0.091202 0.019037
6 0.046674 0.645017 0.016094 0.019037
5 0.244635 0.644457 0.229614 0.020157
8 0.750536 0.646697 0.093348 0.020157
6 0.049356 0.692889 0.015021 0.019597
11 0.169528 0.693169 0.077253 0.020157
8 0.756974 0.693449 0.078326 0.018477
6 0.048283 0.740202 0.012876 0.017917
5 0.198498 0.740202 0.137339 0.021277
8 0.757511 0.741321 0.081545 0.019037
6 0.045601 0.786394 0.020386 0.018477
5 0.366953 0.787794 0.472103 0.021277
8 0.747854 0.788914 0.098712 0.019037
11 0.129292 0.858903 0.187768 0.020157
3 0.746781 0.860022 0.094421 0.019037
11 0.146459 0.916573 0.217811 0.038074
8 0.697961 0.917133 0.189914 0.035834