5 0.504167 0.204516 0.321296 0.045157
5 0.559259 0.226440 0.146296 0.013089
0 0.504167 0.258835 0.199074 0.012435
0 0.504630 0.272251 0.157407 0.011780
4 0.505556 0.284031 0.192593 0.011780
1 0.505093 0.296466 0.319444 0.014398
1 0.506019 0.309555 0.206481 0.013089
5 0.506019 0.336387 0.117593 0.014398
9 0.505556 0.355366 0.177778 0.013089
2 0.393519 0.375327 0.114815 0.011126
10 0.449537 0.388089 0.226852 0.011780
11 0.387500 0.401505 0.100926 0.012435
5 0.538889 0.398560 0.062963 0.010471
11 0.358333 0.413613 0.044444 0.010471
6 0.340741 0.438809 0.005556 0.009817
5 0.412963 0.437500 0.085185 0.009817
11 0.618056 0.434882 0.013889 0.009817
8 0.656019 0.433901 0.043519 0.009162
6 0.341204 0.450589 0.008333 0.009817
5 0.455556 0.449935 0.168519 0.012435
11 0.618056 0.446990 0.013889 0.009162
8 0.656019 0.446335 0.041667 0.009162
11 0.385185 0.462369 0.027778 0.009817
6 0.341204 0.475458 0.006481 0.009817
5 0.417130 0.475785 0.091667 0.011780
11 0.618519 0.471531 0.014815 0.009817
8 0.659722 0.470877 0.034259 0.009817
6 0.341204 0.489202 0.006481 0.009817
5 0.431944 0.488220 0.121296 0.011780
11 0.618056 0.484620 0.013889 0.008508
8 0.660648 0.483966 0.034259 0.008508
6 0.341667 0.501309 0.005556 0.009162
5 0.406944 0.500327 0.071296 0.011126
11 0.618519 0.496728 0.012963 0.009162
8 0.660185 0.496401 0.033333 0.009817
6 0.341667 0.513416 0.007407 0.009817
5 0.435648 0.512107 0.130556 0.011126
11 0.618981 0.509817 0.013889 0.009162
8 0.659259 0.508508 0.037037 0.010471
6 0.341667 0.525524 0.007407 0.010471
5 0.439352 0.524869 0.136111 0.011780
11 0.618519 0.522579 0.014815 0.009817
8 0.659259 0.521270 0.035185 0.009817
6 0.341204 0.537631 0.010185 0.009817
5 0.421759 0.537631 0.100926 0.011126
11 0.618981 0.534359 0.013889 0.009817
8 0.659722 0.533704 0.036111 0.009817
11 0.472222 0.560864 0.068519 0.010471
3 0.656944 0.558573 0.043519 0.009817
4 0.446296 0.575262 0.125926 0.011780
8 0.660648 0.571335 0.034259 0.010471
11 0.484259 0.586060 0.050000 0.009817
11 0.368519 0.600458 0.057407 0.009817
11 0.477778 0.602749 0.061111 0.014398
8 0.643519 0.600458 0.066667 0.016361
4 0.368981 0.657723 0.058333 0.010471
11 0.565741 0.655759 0.055556 0.010471
4 0.653704 0.654450 0.048148 0.010471
11 0.350463 0.671139 0.023148 0.008508
6 0.410648 0.669830 0.013889 0.009817
8 0.573611 0.667539 0.041667 0.009162
8 0.661111 0.666230 0.035185 0.009162
11 0.350463 0.683573 0.021296 0.008508
6 0.410648 0.682592 0.013889 0.009162
8 0.580556 0.679647 0.027778 0.009817
6 0.675463 0.678665 0.008333 0.009162