5 0.480235 0.133897 0.556624 0.018683
0 0.504808 0.156139 0.712607 0.018683
0 0.483440 0.179048 0.419872 0.019128
4 0.480769 0.202625 0.608974 0.020018
1 0.479701 0.222865 0.807692 0.016904
1 0.482372 0.245996 0.669872 0.018683
5 0.472756 0.267349 0.451923 0.018683
9 0.483440 0.310498 0.471154 0.016904
2 0.220620 0.355872 0.338675 0.017794
9 0.696581 0.355427 0.472222 0.016904
5 0.208333 0.378336 0.309829 0.020018
1 0.675748 0.377224 0.289530 0.020463
5 0.184295 0.421708 0.261752 0.017794
5 0.791132 0.422375 0.139957 0.019128
5 0.267628 0.465747 0.426282 0.020463
3 0.862714 0.467082 0.139957 0.020463
5 0.301816 0.488434 0.494658 0.018683
4 0.303419 0.532918 0.491453 0.016904
8 0.840278 0.533363 0.092949 0.020463
11 0.107372 0.556272 0.101496 0.019128
8 0.815705 0.553826 0.142094 0.018683
5 0.127671 0.578514 0.139957 0.019128
8 0.839744 0.576512 0.094017 0.021352
5 0.173611 0.623443 0.238248 0.023577
6 0.883013 0.622109 0.048077 0.023577
4 0.185363 0.644573 0.263889 0.018683
5 0.492521 0.645018 0.258547 0.018683
4 0.786859 0.643238 0.193376 0.020463
11 0.127137 0.664591 0.145299 0.020463
8 0.572115 0.665036 0.099359 0.016904
8 0.833868 0.664146 0.088675 0.017794
11 0.130342 0.686610 0.153846 0.019128
8 0.581197 0.688390 0.094017 0.016459
8 0.838675 0.687278 0.102564 0.017794
11 0.209936 0.732206 0.306624 0.018683
8 0.842415 0.732651 0.099359 0.018683
5 0.485577 0.776690 0.573718 0.021352
5 0.497863 0.797598 0.638889 0.016904
5 0.491453 0.819173 0.681624 0.020018
5 0.482372 0.842527 0.426282 0.014235
5 0.486645 0.862322 0.573718 0.016459
5 0.487179 0.885676 0.574786 0.015125