0 0.485390 0.095638 0.717532 0.021812
9 0.491883 0.116191 0.185065 0.019295
5 0.482955 0.135067 0.371753 0.021812
1 0.489448 0.154362 0.498377 0.021812
5 0.492695 0.172819 0.365260 0.021812
9 0.492695 0.192953 0.202922 0.023490
4 0.056818 0.221896 0.061688 0.019295
6 0.271916 0.223154 0.206169 0.021812
4 0.290584 0.244128 0.529221 0.020134
11 0.192370 0.283138 0.326299 0.019295
6 0.923701 0.283557 0.032468 0.018456
6 0.053571 0.301174 0.058442 0.016779
2 0.708604 0.302433 0.170455 0.019295
11 0.869318 0.300755 0.137987 0.019295
5 0.163961 0.339765 0.301948 0.023490
9 0.120942 0.359480 0.163961 0.015940
11 0.644481 0.357383 0.107143 0.021812
11 0.875812 0.361577 0.125000 0.020134
9 0.117695 0.379195 0.157468 0.016779
11 0.637987 0.380872 0.100649 0.020134
11 0.884740 0.381711 0.120130 0.021812
11 0.045455 0.399748 0.042208 0.019295
8 0.145292 0.398490 0.076299 0.016779
8 0.862825 0.400168 0.092532 0.020134
5 0.223214 0.419463 0.404221 0.018456
11 0.177760 0.440436 0.303571 0.021812
9 0.138799 0.457215 0.199675 0.020134
11 0.640422 0.460570 0.105519 0.021812
11 0.885552 0.460151 0.095779 0.026007
9 0.129870 0.502517 0.181818 0.021812
11 0.646916 0.503775 0.118506 0.022651
11 0.883929 0.501678 0.105519 0.021812
11 0.081981 0.542366 0.105519 0.022651
4 0.487013 0.542366 0.275974 0.024329
3 0.893669 0.542785 0.086039 0.021812
6 0.066558 0.563758 0.094156 0.021812
5 0.548701 0.563758 0.155844 0.020134
8 0.902597 0.564597 0.077922 0.016779
8 0.121753 0.582215 0.185065 0.020134
5 0.561688 0.583893 0.126623 0.020134
8 0.899351 0.581795 0.068182 0.015940
11 0.590097 0.603607 0.092532 0.019295
8 0.895292 0.602349 0.092532 0.016779
11 0.598214 0.621644 0.089286 0.018456
8 0.895292 0.622483 0.089286 0.020134
5 0.578734 0.641779 0.108766 0.020134
8 0.891234 0.643037 0.107143 0.015940
4 0.121753 0.680369 0.185065 0.020134
5 0.366883 0.680369 0.178571 0.020134
4 0.870130 0.681208 0.126623 0.021812
11 0.067370 0.700084 0.086039 0.026007
8 0.406656 0.700923 0.092532 0.022651
8 0.901786 0.699664 0.076299 0.016779
2 0.414773 0.739513 0.176948 0.019295
11 0.580357 0.738255 0.128247 0.021812
5 0.497565 0.835570 0.706169 0.023490
5 0.483766 0.856544 0.487013 0.018456
5 0.487013 0.875839 0.506494 0.020134
5 0.491071 0.897651 0.297078 0.018456