0 0.466539 0.213891 0.891013 0.026679
5 0.455067 0.245170 0.646272 0.024839
5 0.435946 0.276449 0.627151 0.024839
1 0.454111 0.307728 0.652008 0.024839
9 0.437859 0.337167 0.569790 0.024839
4 0.451243 0.367985 0.596558 0.025759
4 0.478967 0.459522 0.602294 0.022999
11 0.112811 0.517479 0.191205 0.024839
3 0.806883 0.821527 0.240918 0.023919
11 0.274379 0.520699 0.032505 0.022079
9 0.627151 0.518859 0.619503 0.023919
11 0.111855 0.548298 0.189293 0.025759
1 0.720841 0.550598 0.435946 0.022999
5 0.151052 0.580957 0.275335 0.028519
5 0.140535 0.609476 0.246654 0.024839
5 0.179732 0.639834 0.328872 0.026679
2 0.636711 0.581417 0.596558 0.022079
2 0.638623 0.610856 0.600382 0.022079
11 0.807839 0.852806 0.242830 0.023919
11 0.808795 0.882245 0.244742 0.022079
5 0.519120 0.912603 0.250478 0.025759
4 0.529637 0.942502 0.424474 0.022999
11 0.882409 0.641674 0.116635 0.022999
11 0.072658 0.670193 0.114723 0.026679
11 0.526769 0.672493 0.166348 0.022079
11 0.853728 0.670653 0.170172 0.022079
5 0.164436 0.731831 0.302103 0.028519
4 0.193117 0.760350 0.351816 0.024839
8 0.526769 0.762190 0.166348 0.022999
11 0.855641 0.730911 0.170172 0.024839
11 0.854685 0.761270 0.168260 0.022999
11 0.146272 0.820607 0.254302 0.027599
11 0.129063 0.849586 0.223709 0.024839
5 0.181644 0.882705 0.325048 0.028519