0 0.470270 0.167256 0.494595 0.016490
0 0.470270 0.187279 0.400000 0.018846
11 0.457432 0.206419 0.733784 0.019435
5 0.458784 0.227032 0.690541 0.019435
1 0.472973 0.246761 0.678378 0.017668
4 0.460811 0.266490 0.562162 0.019435
5 0.461486 0.285925 0.295946 0.018257
4 0.460135 0.305359 0.290541 0.017079
5 0.268919 0.343640 0.502703 0.020612
11 0.893243 0.345406 0.051351 0.017079
11 0.174324 0.364252 0.308108 0.017079
6 0.100676 0.384570 0.155405 0.017668
11 0.547973 0.384570 0.071622 0.016490
8 0.818919 0.385159 0.110811 0.016490
5 0.416216 0.404299 0.786486 0.018257
11 0.917568 0.404888 0.045946 0.018257
11 0.147297 0.424028 0.245946 0.017668
6 0.169595 0.442580 0.298649 0.017079
8 0.616892 0.444346 0.201351 0.018257
8 0.821622 0.444935 0.113514 0.018257
5 0.175000 0.463192 0.298649 0.018257
11 0.898649 0.464370 0.045946 0.018257
11 0.216216 0.483804 0.386486 0.020612
6 0.101351 0.502650 0.162162 0.017079
11 0.552027 0.502945 0.063514 0.018846
8 0.832432 0.503534 0.089189 0.016490
1 0.191892 0.522674 0.340541 0.019435
11 0.900000 0.523263 0.051351 0.015901
11 0.195270 0.542108 0.347297 0.019435
6 0.099324 0.560954 0.158108 0.019435
11 0.552027 0.562426 0.068919 0.017668
8 0.830405 0.561543 0.098649 0.020612
1 0.283108 0.581567 0.531081 0.019435
11 0.896622 0.582450 0.044595 0.016490
11 0.171622 0.601001 0.302703 0.018257
6 0.107432 0.621025 0.174324 0.017079
11 0.550676 0.622203 0.074324 0.017079
8 0.827703 0.622203 0.104054 0.019435
5 0.151351 0.661955 0.264865 0.021201
5 0.810811 0.661366 0.243243 0.021201
4 0.233108 0.700530 0.414865 0.018257
3 0.829730 0.699941 0.181081 0.017079
11 0.058108 0.721731 0.075676 0.019435
8 0.828378 0.719670 0.183784 0.016490
11 0.281081 0.740872 0.516216 0.021201
4 0.310811 0.798881 0.586486 0.018257
8 0.772973 0.799176 0.159459 0.017668
2 0.292568 0.838634 0.541892 0.017668
9 0.773649 0.838045 0.293243 0.017668
10 0.295270 0.858363 0.539189 0.019435
5 0.462838 0.897232 0.606757 0.019435
9 0.660811 0.838045 0.067568 0.022379
5 0.806081 0.837750 0.233784 0.017079
8 0.671622 0.561837 0.094595 0.017668
8 0.829730 0.562426 0.089189 0.017668
8 0.675000 0.621908 0.095946 0.017668
8 0.831081 0.622203 0.091892 0.020612
11 0.574324 0.522085 0.335135 0.018257
8 0.672297 0.383981 0.093243 0.017668
8 0.820270 0.385159 0.110811 0.017668
8 0.820270 0.443463 0.108108 0.017668
8 0.675000 0.502945 0.085135 0.017668
8 0.831081 0.503239 0.086486 0.018257