0 0.439317 0.128936 0.699115 0.026987
9 0.438053 0.163418 0.221239 0.019490
1 0.437421 0.185157 0.457649 0.017991
5 0.434260 0.210270 0.441214 0.018741
1 0.435525 0.234258 0.231353 0.017241
5 0.437421 0.258621 0.192162 0.017991
4 0.436789 0.283358 0.448799 0.019490
4 0.439949 0.318591 0.343869 0.029985
1 0.719975 0.372189 0.243995 0.023238
6 0.065740 0.405922 0.053097 0.015742
11 0.259798 0.407046 0.082174 0.014993
2 0.687737 0.408171 0.262958 0.017241
5 0.112516 0.434033 0.151707 0.016492
11 0.493047 0.437031 0.594185 0.019490
11 0.106195 0.471514 0.136536 0.019490
11 0.479772 0.471514 0.077118 0.017991
5 0.605563 0.471889 0.144121 0.020240
11 0.787611 0.472264 0.073325 0.017991
6 0.165613 0.507496 0.257901 0.017991
6 0.507585 0.508621 0.016435 0.018741
3 0.639697 0.508621 0.070796 0.017241
11 0.777497 0.508621 0.091024 0.020240
5 0.222503 0.542729 0.374210 0.017991
11 0.135272 0.575712 0.197219 0.017991
8 0.804046 0.576087 0.070796 0.017241
4 0.136536 0.609070 0.199747 0.023238
8 0.804678 0.610945 0.072061 0.017991
11 0.137168 0.641304 0.206068 0.020240
11 0.319848 0.642804 0.042984 0.018741
11 0.146018 0.673163 0.226296 0.023988
11 0.329962 0.671664 0.040455 0.017991
11 0.800253 0.711769 0.070796 0.023238
4 0.221871 0.752249 0.372946 0.026237
8 0.775601 0.754873 0.120101 0.031484
5 0.156131 0.804348 0.243995 0.031484
8 0.770544 0.802474 0.122630 0.030735
5 0.135904 0.851574 0.198483 0.031484
8 0.773704 0.848951 0.118837 0.029235
5 0.307206 0.902549 0.541087 0.020990
4 0.071429 0.939280 0.072061 0.016492
11 0.125158 0.985757 0.179520 0.017991
4 0.301517 0.940030 0.178255 0.019490
8 0.333755 0.985382 0.065740 0.018741
4 0.471555 0.940405 0.134008 0.017241
8 0.439317 0.985757 0.064475 0.019490