0 0.495495 0.161098 0.578829 0.018307
11 0.494369 0.185355 0.698198 0.020137
5 0.494932 0.208238 0.649775 0.021968
1 0.510698 0.230664 0.649775 0.018307
4 0.499437 0.255378 0.537162 0.021968
5 0.497748 0.278261 0.191441 0.021053
5 0.290541 0.322426 0.423423 0.020595
11 0.906532 0.324256 0.049550 0.016934
11 0.210586 0.346453 0.256757 0.021968
6 0.222973 0.370481 0.277027 0.019680
11 0.582770 0.369794 0.068694 0.018307
5 0.384009 0.392449 0.599099 0.020595
11 0.908221 0.391762 0.048423 0.018307
11 0.210023 0.416018 0.262387 0.016476
6 0.157095 0.438444 0.154279 0.017391
11 0.581644 0.439359 0.066441 0.018307
5 0.247748 0.462014 0.353604 0.019680
11 0.905405 0.462243 0.042793 0.017391
11 0.191441 0.486041 0.218468 0.016476
6 0.161036 0.508696 0.157658 0.020595
11 0.581644 0.508924 0.070946 0.017391
11 0.253378 0.531579 0.342342 0.020595
11 0.906532 0.532265 0.049550 0.016476
11 0.181306 0.555606 0.200450 0.017391
6 0.158221 0.579405 0.158784 0.016476
11 0.581644 0.578947 0.066441 0.017391
5 0.203829 0.626545 0.234234 0.021968
5 0.825450 0.625400 0.220721 0.024256
4 0.275338 0.670481 0.381757 0.018307
3 0.845721 0.671167 0.177928 0.017849
11 0.126126 0.693593 0.094595 0.016018
8 0.847973 0.693135 0.186937 0.019680
5 0.150901 0.717162 0.135135 0.017391
8 0.855856 0.717391 0.157658 0.020595
4 0.349099 0.762929 0.536036 0.016476
2 0.337275 0.807780 0.505631 0.017391
9 0.791104 0.809840 0.280405 0.016934
5 0.297860 0.831808 0.429054 0.018764
5 0.497748 0.878261 0.578829 0.017391
9 0.492117 0.901602 0.405405 0.017391
5 0.502815 0.924943 0.512387 0.017391
8 0.695383 0.369336 0.091216 0.017391
8 0.844595 0.370252 0.094595 0.016476
8 0.695946 0.438673 0.090090 0.016018
8 0.844595 0.438902 0.092342 0.016476
8 0.696509 0.509382 0.088964 0.016476
8 0.844032 0.508924 0.093468 0.016476
8 0.696509 0.579176 0.088964 0.016018
8 0.844595 0.578719 0.090090 0.016934
8 0.791667 0.763158 0.155405 0.016934