0 0.444687 0.064205 0.484716 0.030498
0 0.448326 0.087079 0.634643 0.034510
1 0.451237 0.114767 0.721980 0.038523
5 0.446143 0.145265 0.598253 0.038523
1 0.448326 0.176565 0.436681 0.024077
9 0.443231 0.203050 0.278020 0.025682
4 0.445415 0.239567 0.477438 0.029695
4 0.443959 0.272071 0.326055 0.027287
11 0.105531 0.313804 0.103348 0.022472
11 0.093886 0.342697 0.080058 0.020867
10 0.135371 0.375201 0.165939 0.018459
6 0.245269 0.310995 0.138282 0.020064
11 0.237263 0.339888 0.119360 0.020064
9 0.318777 0.372793 0.142649 0.021669
2 0.701601 0.302970 0.366812 0.029695
11 0.101892 0.408507 0.066958 0.024077
5 0.264192 0.407303 0.202329 0.024880
11 0.612082 0.402087 0.097525 0.022472
11 0.837700 0.396870 0.097525 0.024880
5 0.411936 0.445425 0.704512 0.027287
11 0.828239 0.439005 0.058224 0.020867
6 0.120087 0.481140 0.030568 0.020064
6 0.211063 0.479535 0.122271 0.021669
8 0.620087 0.476324 0.084425 0.020064
8 0.834061 0.472311 0.110626 0.020064
5 0.270015 0.516453 0.222707 0.016854
3 0.480349 0.514848 0.072780 0.020064
8 0.843523 0.508828 0.091703 0.017657
6 0.118632 0.545746 0.027656 0.020867
11 0.214702 0.548154 0.103348 0.025682
6 0.334061 0.543339 0.024745 0.019262
11 0.475255 0.543339 0.100437 0.020867
8 0.832606 0.537319 0.104803 0.021669
5 0.196507 0.579053 0.247453 0.024880
8 0.839884 0.571429 0.078603 0.020867
4 0.268559 0.611958 0.385735 0.023274
11 0.130277 0.647271 0.114993 0.021669
5 0.150655 0.677368 0.147016 0.025682
8 0.832606 0.605136 0.104803 0.019262
8 0.831878 0.640851 0.109170 0.018459
8 0.842067 0.668941 0.082969 0.020064
4 0.232897 0.714687 0.317322 0.021669
11 0.126638 0.747592 0.101892 0.020064
11 0.106259 0.784109 0.058224 0.020867
11 0.120087 0.817817 0.094614 0.020867
11 0.248908 0.745185 0.043668 0.021669
6 0.237263 0.781701 0.066958 0.020867
5 0.421397 0.745185 0.149927 0.020064
8 0.455604 0.779695 0.084425 0.020064
8 0.457060 0.815409 0.084425 0.020867
4 0.652111 0.741974 0.093159 0.023274
8 0.655750 0.778892 0.085881 0.023274
8 0.658661 0.813403 0.088792 0.023274
11 0.838428 0.739968 0.101892 0.022472
8 0.834061 0.777287 0.107715 0.020064
8 0.834789 0.812199 0.109170 0.024077
5 0.259098 0.863563 0.387191 0.022472
5 0.459243 0.907705 0.819505 0.035313
5 0.465793 0.944222 0.774381 0.026485
5 0.458515 0.971910 0.218341 0.027287