0 0.420025 0.159406 0.343829 0.021782
9 0.415617 0.185149 0.224181 0.017822
5 0.418766 0.209241 0.525189 0.022442
1 0.428212 0.233993 0.619647 0.021782
1 0.420025 0.257756 0.416877 0.021782
4 0.421285 0.281188 0.457179 0.019802
4 0.400504 0.329703 0.415617 0.021782
9 0.194584 0.377558 0.303526 0.019802
10 0.534635 0.377558 0.303526 0.019802
11 0.081864 0.400660 0.078086 0.019802
2 0.378463 0.401320 0.396725 0.021122
5 0.149244 0.449175 0.210327 0.020462
11 0.355164 0.448845 0.055416 0.022442
5 0.525189 0.449835 0.133501 0.021782
11 0.676952 0.449175 0.091940 0.020462
4 0.772040 0.448845 0.060453 0.019802
11 0.110202 0.496040 0.132242 0.020462
11 0.338161 0.519472 0.059194 0.019802
8 0.515743 0.519472 0.076826 0.018482
8 0.685768 0.520462 0.074307 0.019142
11 0.779597 0.520132 0.042821 0.018482
5 0.139169 0.542244 0.190176 0.020462
11 0.338791 0.567987 0.052897 0.019142
8 0.519521 0.567987 0.074307 0.017822
8 0.688917 0.567657 0.075567 0.017162
11 0.780227 0.567327 0.039043 0.017822
5 0.131612 0.592409 0.167506 0.021782
11 0.336902 0.615182 0.061713 0.017162
8 0.516373 0.614851 0.075567 0.017822
8 0.686398 0.615842 0.078086 0.017162
11 0.782746 0.616502 0.039043 0.018482
6 0.157431 0.661386 0.226700 0.021122
4 0.250000 0.687789 0.411839 0.023762
8 0.762594 0.686799 0.081864 0.017822
4 0.203401 0.711551 0.318640 0.022442
8 0.761335 0.711221 0.079345 0.019142
4 0.279597 0.734983 0.473552 0.021782
3 0.760076 0.734983 0.079345 0.017822
11 0.153023 0.757756 0.215365 0.021122
8 0.722922 0.758086 0.161209 0.020462
11 0.099496 0.803960 0.110831 0.021122
8 0.760076 0.805611 0.079345 0.019142
4 0.146725 0.876238 0.207809 0.023102
5 0.515113 0.876238 0.191436 0.020462
4 0.729219 0.876568 0.130982 0.021122
11 0.066121 0.900000 0.039043 0.020462
11 0.291562 0.900000 0.109572 0.020462
8 0.573678 0.900660 0.079345 0.017822
8 0.761335 0.900000 0.076826 0.019142