9 0.575783 0.049035 0.400329 0.034749
0 0.490939 0.115058 0.675453 0.020077
9 0.488468 0.135907 0.261944 0.018533
5 0.490115 0.162548 0.383855 0.019305
5 0.490939 0.189575 0.405272 0.019305
1 0.495058 0.211969 0.344316 0.017761
11 0.303130 0.235521 0.342669 0.021622
11 0.687809 0.237066 0.357496 0.020077
5 0.498353 0.260618 0.462932 0.022394
4 0.498353 0.286873 0.433278 0.017761
4 0.491763 0.316988 0.285008 0.023938
5 0.098023 0.338996 0.123558 0.020077
11 0.091433 0.367954 0.110379 0.017761
5 0.103789 0.396911 0.141680 0.020077
2 0.805601 0.393436 0.349259 0.022394
10 0.101318 0.420077 0.133443 0.016988
11 0.775124 0.420849 0.265239 0.018533
5 0.158155 0.448263 0.247117 0.017761
11 0.697694 0.447876 0.084020 0.018533
4 0.614498 0.483012 0.102142 0.020849
4 0.804778 0.483012 0.097199 0.016216
11 0.068369 0.502317 0.077430 0.019305
11 0.330313 0.503861 0.064250 0.016216
5 0.467875 0.503089 0.108731 0.019305
5 0.616969 0.501544 0.110379 0.016216
5 0.790774 0.501158 0.118616 0.016988
4 0.929984 0.501931 0.057661 0.016988
6 0.079901 0.525869 0.087315 0.018533
6 0.334432 0.523552 0.026359 0.012355
8 0.466227 0.525097 0.088962 0.013900
8 0.614498 0.523166 0.085667 0.017761
8 0.803954 0.523166 0.102142 0.014672
11 0.934926 0.523938 0.047776 0.013127
5 0.205107 0.550193 0.337727 0.017761
11 0.162273 0.575676 0.169687 0.020849
8 0.803954 0.574131 0.125206 0.014672
4 0.420099 0.613900 0.500824 0.018533
8 0.811367 0.615830 0.103789 0.022394
5 0.576606 0.650193 0.187809 0.016988
8 0.822076 0.646718 0.079077 0.017761
4 0.565074 0.676834 0.210873 0.020849
8 0.825371 0.679151 0.098847 0.022394
5 0.574135 0.710039 0.202636 0.019305
8 0.813015 0.709266 0.087315 0.019305
4 0.380560 0.742471 0.586491 0.017761
3 0.803954 0.740927 0.128501 0.019305
11 0.604613 0.770656 0.161450 0.015444
8 0.803130 0.769112 0.130148 0.021622
5 0.577430 0.792278 0.179572 0.020077
8 0.820428 0.789575 0.088962 0.022394
4 0.247117 0.847104 0.280066 0.021622
4 0.199341 0.876062 0.181219 0.019305
11 0.399506 0.875676 0.031301 0.016988
11 0.594728 0.877220 0.168040 0.016988
4 0.836903 0.873745 0.164745 0.019305
11 0.144152 0.899614 0.057661 0.016988
6 0.397035 0.896525 0.036244 0.018533
8 0.627677 0.898456 0.092257 0.013127
8 0.883031 0.897297 0.082372 0.016988
11 0.378913 0.925097 0.131796 0.020077
8 0.623558 0.926255 0.103789 0.020849
8 0.887974 0.923166 0.092257 0.019305
5 0.497529 0.969884 0.800659 0.013900
9 0.394563 0.394981 0.258649 0.020849
11 0.336079 0.421622 0.141680 0.018533
6 0.336903 0.447876 0.080725 0.016988
6 0.327018 0.573359 0.041186 0.019305