11 0.381313 0.063348 0.432660 0.041629
0 0.452862 0.216742 0.552189 0.026244
5 0.463805 0.248416 0.533670 0.028054
5 0.451178 0.275566 0.279461 0.024434
1 0.468013 0.307240 0.417508 0.024434
5 0.453704 0.337104 0.365320 0.024434
4 0.462963 0.366063 0.501684 0.024434
1 0.470539 0.425792 0.553872 0.026244
11 0.147306 0.484615 0.146465 0.024434
6 0.473906 0.486425 0.126263 0.022624
2 0.791246 0.486425 0.158249 0.020814
5 0.344276 0.544344 0.537037 0.022624
11 0.788721 0.546154 0.163300 0.022624
11 0.339226 0.574208 0.533670 0.022624
11 0.786195 0.575113 0.161616 0.022624
4 0.368687 0.634842 0.599327 0.020814
3 0.776936 0.635747 0.106061 0.020814
5 0.601852 0.665158 0.143098 0.021719
8 0.781145 0.663801 0.101010 0.022624
5 0.579966 0.694570 0.186869 0.020814
8 0.775253 0.694570 0.102694 0.020814
4 0.184343 0.754299 0.220539 0.026244
5 0.486532 0.753394 0.198653 0.024434
4 0.774411 0.753394 0.138047 0.022624
11 0.138047 0.782353 0.121212 0.020814
8 0.542088 0.782805 0.101010 0.021719
11 0.818182 0.781448 0.067340 0.019005
5 0.455387 0.872851 0.567340 0.026244
9 0.457071 0.902715 0.782828 0.024434