0 0.512987 0.064542 0.905844 0.019608
1 0.508117 0.084559 0.441558 0.018791
1 0.508117 0.104167 0.487013 0.018791
9 0.351461 0.122141 0.300325 0.017157
4 0.511364 0.141340 0.392857 0.016340
4 0.513799 0.180147 0.569805 0.028595
11 0.616883 0.227533 0.431818 0.028595
11 0.064123 0.253676 0.027597 0.017157
2 0.681818 0.254493 0.314935 0.017157
5 0.325487 0.284722 0.566558 0.028595
5 0.278409 0.312908 0.459416 0.017974
5 0.192370 0.332108 0.284091 0.017157
1 0.307630 0.350899 0.527597 0.017157
1 0.246753 0.368873 0.396104 0.018791
2 0.546266 0.386846 0.258117 0.017157
5 0.149351 0.411356 0.217532 0.015523
5 0.138799 0.440359 0.196429 0.016340
5 0.128247 0.459559 0.178571 0.017157
5 0.129058 0.478350 0.176948 0.015523
11 0.479708 0.513072 0.345779 0.032680
8 0.780032 0.510621 0.105519 0.027778
5 0.137987 0.545343 0.198052 0.015523
5 0.140422 0.564542 0.199675 0.016340
5 0.139610 0.584150 0.198052 0.016340
4 0.362825 0.617647 0.579545 0.034314
8 0.780844 0.616013 0.103896 0.027778
4 0.613636 0.653595 0.077922 0.027778
8 0.789773 0.653595 0.082792 0.027778
4 0.373377 0.697712 0.555195 0.032680
8 0.780032 0.695261 0.102273 0.027778
11 0.480519 0.735703 0.347403 0.033497
8 0.776786 0.733660 0.099026 0.027778
11 0.517857 0.777778 0.272727 0.035948
3 0.779221 0.774918 0.107143 0.028595
11 0.120130 0.820261 0.152597 0.017974
5 0.477273 0.840278 0.860390 0.018791
5 0.418019 0.858660 0.748377 0.017974
5 0.482955 0.878268 0.878247 0.017974
4 0.405032 0.898284 0.715909 0.018791
4 0.421266 0.917892 0.758117 0.018791
5 0.191558 0.936275 0.295455 0.017974
5 0.508117 0.957516 0.386364 0.016340
9 0.674513 0.121732 0.297078 0.016340
6 0.172078 0.254085 0.022727 0.016340
11 0.756494 0.386846 0.094156 0.017157
11 0.320617 0.410539 0.063312 0.015523
11 0.399351 0.410131 0.058442 0.014706
11 0.477273 0.410539 0.064935 0.015523
11 0.550325 0.410131 0.022727 0.014706
11 0.618506 0.409722 0.077922 0.015523
11 0.760552 0.410539 0.137987 0.017157
8 0.310877 0.440359 0.082792 0.016340
6 0.418019 0.439951 0.024351 0.015523
6 0.492695 0.439951 0.024351 0.013889
6 0.549513 0.440768 0.024351 0.015523
6 0.646104 0.439951 0.022727 0.015523
8 0.780032 0.440359 0.095779 0.016340
8 0.310877 0.459559 0.082792 0.015523
6 0.416396 0.459559 0.024351 0.015523
6 0.493506 0.459150 0.025974 0.014706
6 0.551136 0.459559 0.027597 0.015523
6 0.644481 0.458742 0.025974 0.015523
8 0.789773 0.459559 0.082792 0.015523
8 0.311688 0.478758 0.084416 0.016340
6 0.415584 0.478350 0.029221 0.013889
6 0.494318 0.478350 0.021104 0.013889
6 0.551948 0.478758 0.025974 0.014706
6 0.645292 0.478758 0.021104 0.014706
8 0.789773 0.478350 0.082792 0.015523
8 0.309253 0.546160 0.082792 0.015523
6 0.407468 0.545752 0.042208 0.016340
6 0.494318 0.546160 0.027597 0.015523
6 0.550325 0.545343 0.025974 0.015523
6 0.637987 0.546160 0.042208 0.015523
8 0.778409 0.545343 0.102273 0.015523
8 0.309253 0.564951 0.086039 0.015523
6 0.414773 0.564542 0.027597 0.014706
6 0.491883 0.564134 0.025974 0.015523
6 0.549513 0.564134 0.024351 0.015523
11 0.637987 0.564951 0.038961 0.015523
8 0.779221 0.564951 0.100649 0.015523
8 0.311688 0.583742 0.081169 0.015523
6 0.416396 0.582925 0.024351 0.015523
6 0.491883 0.583742 0.025974 0.015523
6 0.549513 0.583742 0.024351 0.013889
6 0.646104 0.582925 0.022727 0.015523
8 0.780844 0.582925 0.100649 0.015523