0 0.477468 0.105796 0.791845 0.025838
5 0.480150 0.130587 0.258584 0.023743
4 0.479614 0.156425 0.448498 0.022346
5 0.472639 0.182961 0.458155 0.023743
1 0.472639 0.208101 0.511803 0.023743
1 0.474785 0.233240 0.511803 0.025140
11 0.272532 0.256983 0.379828 0.025140
9 0.223176 0.306913 0.356223 0.021648
2 0.723176 0.312849 0.388412 0.023743
10 0.207618 0.342528 0.325107 0.023045
2 0.723176 0.346020 0.384120 0.024441
5 0.285408 0.401885 0.482833 0.023045
6 0.203863 0.425628 0.270386 0.023045
11 0.675966 0.427723 0.113734 0.023045
5 0.258047 0.461243 0.430258 0.024441
6 0.143240 0.485335 0.142704 0.019553
1 0.642167 0.489525 0.189914 0.020950
5 0.115343 0.545042 0.149142 0.023045
4 0.514485 0.546788 0.348712 0.023743
8 0.875000 0.548883 0.076180 0.019553
11 0.084227 0.577165 0.078326 0.024441
5 0.598176 0.579609 0.183476 0.025140
8 0.875536 0.581704 0.075107 0.020950
3 0.233369 0.608589 0.380901 0.024441
11 0.635193 0.611383 0.109442 0.023045
3 0.879828 0.612081 0.079399 0.018855
5 0.621781 0.658869 0.134120 0.024441
11 0.647532 0.694483 0.082618 0.020251
8 0.873391 0.695880 0.094421 0.023045
5 0.620708 0.724860 0.144850 0.023743
8 0.876073 0.728003 0.095494 0.023045
4 0.193670 0.753492 0.219957 0.022346
11 0.429721 0.753841 0.101931 0.018855
4 0.627146 0.754888 0.198498 0.023743
11 0.187768 0.787011 0.130901 0.020950
8 0.444742 0.788757 0.076180 0.020251
8 0.682403 0.790154 0.083691 0.018855
11 0.185086 0.825419 0.127682 0.020950
8 0.443670 0.828911 0.076180 0.019553
8 0.684549 0.828911 0.079399 0.020950
5 0.180794 0.872207 0.265021 0.020950
11 0.490880 0.900140 0.760730 0.027933
5 0.491416 0.927374 0.416309 0.020950
5 0.491416 0.949721 0.502146 0.022346
5 0.489807 0.975559 0.666309 0.023743
11 0.689378 0.260126 0.372318 0.023045
11 0.855150 0.428422 0.122318 0.023045
11 0.855150 0.489525 0.122318 0.020950
6 0.173820 0.576466 0.025751 0.021648