0 0.469925 0.119691 0.759398 0.018533
4 0.447368 0.144402 0.721805 0.021622
1 0.366541 0.172973 0.556391 0.023166
5 0.327068 0.197683 0.477444 0.021622
1 0.275376 0.225097 0.381579 0.020849
11 0.298872 0.250193 0.421053 0.018533
11 0.298872 0.279151 0.421053 0.023938
4 0.258459 0.331660 0.219925 0.020849
4 0.395677 0.384170 0.629699 0.020849
2 0.548872 0.410811 0.281955 0.018533
1 0.343045 0.463707 0.509398 0.020849
3 0.735902 0.462162 0.152256 0.016216
2 0.394737 0.490734 0.635338 0.019305
5 0.432331 0.516602 0.699248 0.020077
9 0.468985 0.543629 0.562030 0.021622
4 0.388158 0.596911 0.321429 0.018533
11 0.738722 0.598069 0.142857 0.020849
11 0.368421 0.650965 0.281955 0.020077
11 0.733083 0.651351 0.161654 0.020849
5 0.289474 0.678378 0.124060 0.019305
11 0.740602 0.676448 0.150376 0.018533
11 0.283835 0.704633 0.124060 0.020849
8 0.529135 0.704247 0.088346 0.016988
11 0.739662 0.703861 0.140977 0.016216
5 0.483083 0.782625 0.180451 0.019305