6 0.164786 0.029714 0.311512 0.034286
5 0.538375 0.115429 0.557562 0.025143
0 0.515801 0.148571 0.652370 0.029714
1 0.512415 0.180000 0.726862 0.030857
4 0.531603 0.213143 0.760722 0.028571
1 0.495485 0.277143 0.828442 0.028571
1 0.501129 0.308571 0.830700 0.029714
11 0.510158 0.340000 0.645598 0.028571
4 0.529345 0.369714 0.756208 0.028571
11 0.138826 0.433143 0.124153 0.029714
2 0.441309 0.433143 0.349887 0.034286
11 0.741535 0.435429 0.164786 0.027429
11 0.152370 0.464571 0.142212 0.028571
11 0.507901 0.466857 0.216704 0.026286
6 0.830700 0.466286 0.216704 0.025143
5 0.313770 0.528000 0.465011 0.029714
11 0.384876 0.560571 0.038375 0.024000
3 0.827314 0.562857 0.218962 0.026286
11 0.618510 0.594857 0.135440 0.024000
4 0.363431 0.652000 0.352144 0.026286
11 0.828442 0.653714 0.216704 0.027429
4 0.295711 0.682857 0.230248 0.028571
11 0.823928 0.685714 0.216704 0.025143
11 0.274266 0.742286 0.173815 0.028571
11 0.714447 0.746286 0.422122 0.027429
11 0.259594 0.774286 0.148984 0.026286
11 0.825056 0.777143 0.218962 0.029714
4 0.466140 0.836000 0.638826 0.030857
5 0.463883 0.898857 0.652370 0.026286
5 0.467269 0.931429 0.365688 0.027429