4 0.494255 0.105188 0.085870 0.008837
0 0.496573 0.117303 0.106632 0.009122
4 0.495565 0.132127 0.200968 0.008837
5 0.492945 0.146522 0.249748 0.009407
1 0.493953 0.160704 0.290062 0.010690
1 0.495767 0.173746 0.154606 0.009977
5 0.397299 0.222777 0.108043 0.009122
5 0.572969 0.222420 0.097359 0.010975
11 0.364140 0.257625 0.041725 0.008124
11 0.451623 0.256913 0.043338 0.007839
11 0.533763 0.257412 0.017335 0.009977
11 0.586777 0.255915 0.040718 0.008409
11 0.423705 0.271095 0.162064 0.009977
2 0.580730 0.269812 0.116509 0.009122
5 0.399415 0.291975 0.114291 0.008409
11 0.429147 0.305944 0.170933 0.011260
11 0.354868 0.330673 0.024390 0.009407
11 0.390748 0.329889 0.034066 0.008409
11 0.451220 0.329818 0.036081 0.008837
5 0.509172 0.330245 0.049587 0.009122
11 0.569946 0.328606 0.034469 0.008409
11 0.628200 0.328321 0.042935 0.008409
6 0.352248 0.348845 0.010280 0.008124
11 0.391756 0.349273 0.034066 0.008409
11 0.440335 0.349344 0.029631 0.009692
5 0.515017 0.348988 0.063697 0.007839
8 0.623564 0.347777 0.041725 0.009122
6 0.352651 0.366021 0.011086 0.008837
11 0.390546 0.366163 0.034469 0.009122
11 0.440335 0.366733 0.029631 0.009407
5 0.514614 0.365807 0.063697 0.008409
8 0.624068 0.365165 0.041121 0.008837
6 0.352550 0.383053 0.008869 0.007839
11 0.390748 0.383053 0.034066 0.007839
5 0.514009 0.382483 0.063697 0.008409
8 0.623866 0.381628 0.040718 0.008124
8 0.571659 0.406571 0.040718 0.007839
8 0.622052 0.406856 0.040718 0.007839
11 0.385507 0.424387 0.091715 0.008409
11 0.516831 0.424031 0.008063 0.006271
11 0.376638 0.440422 0.073977 0.009122
11 0.516327 0.440778 0.006249 0.007269
8 0.591413 0.440137 0.041121 0.009122
5 0.400726 0.457953 0.122153 0.009692
11 0.515723 0.457098 0.006652 0.006271
8 0.591010 0.456528 0.040314 0.009407
11 0.383592 0.473560 0.089498 0.008409
11 0.515118 0.473347 0.007458 0.006842
3 0.589901 0.473489 0.042532 0.008837
5 0.366660 0.491448 0.058456 0.009122
11 0.515319 0.490023 0.005846 0.006271
8 0.585769 0.489809 0.049587 0.008409
5 0.379057 0.507697 0.082443 0.009692
11 0.514110 0.507198 0.007055 0.007554
8 0.589196 0.506129 0.041121 0.009122
4 0.404152 0.523304 0.129813 0.008409
11 0.514110 0.522948 0.006249 0.006271
8 0.592522 0.522520 0.034469 0.009122
5 0.486293 0.550029 0.240073 0.009692
5 0.487704 0.567275 0.164281 0.009692
5 0.488006 0.580601 0.116912 0.008409
5 0.486696 0.594498 0.209837 0.009977
5 0.490526 0.608894 0.289256 0.009977
5 0.486192 0.622862 0.178996 0.010262
9 0.486495 0.636331 0.226366 0.010690
5 0.475307 0.657070 0.256400 0.009692
5 0.475005 0.670753 0.146543 0.009407
11 0.474703 0.685718 0.202782 0.008837
5 0.474400 0.699829 0.146543 0.009977
5 0.473594 0.722777 0.271518 0.009692
5 0.473594 0.735248 0.243701 0.009265
5 0.474300 0.747434 0.201975 0.008837
5 0.472889 0.758694 0.144326 0.010262
5 0.472889 0.777865 0.066519 0.010690
5 0.473191 0.789267 0.226366 0.008409
0 0.473997 0.802594 0.132433 0.009407
6 0.626083 0.801668 0.009675 0.008409