0 0.500000 0.123991 0.803209 0.027434
1 0.505348 0.154922 0.185027 0.020441
1 0.496257 0.177515 0.477005 0.019365
5 0.504278 0.204411 0.182888 0.020441
1 0.498930 0.229155 0.418182 0.017214
9 0.501070 0.253362 0.321925 0.020441
4 0.498930 0.285100 0.394652 0.019365
4 0.500000 0.310920 0.493048 0.020441
11 0.104278 0.349919 0.112299 0.022055
5 0.116578 0.380850 0.136898 0.020441
9 0.409091 0.378698 0.262032 0.020441
2 0.754011 0.379774 0.308021 0.020441
10 0.114973 0.408284 0.152941 0.019365
11 0.355615 0.407746 0.155080 0.018289
11 0.734759 0.405863 0.269519 0.022055
5 0.177005 0.434373 0.253476 0.022055
5 0.498930 0.963690 0.775401 0.018827
11 0.648128 0.431415 0.100535 0.020441
11 0.089840 0.479290 0.074866 0.019365
11 0.400000 0.481711 0.064171 0.024207
5 0.565775 0.479828 0.132620 0.020441
5 0.752406 0.480097 0.152941 0.025282
4 0.889840 0.480904 0.072727 0.018289
6 0.098396 0.506186 0.100535 0.016138
6 0.402139 0.506455 0.032086 0.023131
3 0.570588 0.504572 0.086631 0.019365
8 0.781283 0.506993 0.082353 0.022055
11 0.893048 0.505110 0.068449 0.016138
5 0.324599 0.530662 0.552941 0.023131
11 0.225134 0.558096 0.157219 0.023131
6 0.402139 0.556751 0.032086 0.018289
8 0.781283 0.556213 0.082353 0.019365
4 0.389840 0.595750 0.486631 0.025282
8 0.783422 0.597095 0.082353 0.020441
5 0.543850 0.625336 0.182888 0.022055
8 0.781283 0.624529 0.082353 0.020441
4 0.533690 0.654922 0.209626 0.022055
8 0.782353 0.652501 0.084492 0.019365
5 0.538503 0.681818 0.191444 0.025282
8 0.781818 0.684239 0.074866 0.020441
4 0.354545 0.716245 0.563636 0.022055
8 0.772727 0.715707 0.088770 0.024207
11 0.559893 0.746100 0.157219 0.016138
8 0.780214 0.744755 0.086631 0.022055
11 0.572727 0.856643 0.182888 0.023131
4 0.805348 0.856374 0.173262 0.018289
8 0.626738 0.881657 0.098396 0.020441
8 0.837433 0.880312 0.096257 0.022055
8 0.619786 0.912587 0.084492 0.023131
8 0.840107 0.915008 0.090909 0.020441