0 0.467849 0.265251 0.278170 0.014253
2 0.466035 0.276653 0.099980 0.010547
1 0.465733 0.289196 0.061480 0.011117
1 0.465632 0.300171 0.231405 0.011403
1 0.463919 0.313141 0.176779 0.011688
4 0.463314 0.323831 0.078008 0.010832
9 0.400121 0.333951 0.165692 0.009977
11 0.328260 0.350485 0.024390 0.009977
9 0.387926 0.365023 0.141302 0.011403
3 0.331788 0.376568 0.029833 0.009977
3 0.555432 0.400798 0.106229 0.010547
4 0.562286 0.412343 0.094537 0.010832
3 0.564604 0.423746 0.088692 0.009122
5 0.353659 0.437999 0.079621 0.009692
11 0.330780 0.451539 0.034670 0.009407
5 0.334106 0.463512 0.042935 0.010547
4 0.346100 0.491876 0.068535 0.010547
4 0.346503 0.505416 0.070147 0.009407
4 0.455755 0.523589 0.149163 0.013540
5 0.455856 0.536916 0.190486 0.011117
4 0.456057 0.548603 0.127998 0.011688
5 0.454445 0.560718 0.142108 0.011973
5 0.454243 0.571337 0.178391 0.010690
5 0.456259 0.583951 0.158234 0.011688
11 0.420177 0.351625 0.021568 0.010262
11 0.596352 0.352765 0.028422 0.009122
6 0.413122 0.378492 0.005039 0.008694
8 0.594235 0.380131 0.030236 0.009692
8 0.592219 0.454532 0.031848 0.008837
8 0.590808 0.465792 0.033058 0.009692
5 0.485588 0.494584 0.047571 0.008837
4 0.591312 0.495368 0.029228 0.008694
8 0.499496 0.507483 0.020964 0.008409
8 0.594638 0.509122 0.020964 0.009407