0 0.501610 0.152778 0.893720 0.020062
1 0.498390 0.171296 0.439614 0.016975
1 0.496779 0.189043 0.481481 0.018519
9 0.346216 0.205633 0.302738 0.017747
4 0.503221 0.224537 0.384863 0.016975
4 0.501610 0.261188 0.555556 0.028549
11 0.610306 0.305941 0.434783 0.028549
9 0.112721 0.331404 0.132045 0.017747
2 0.672303 0.332176 0.307568 0.017747
5 0.321256 0.360340 0.568438 0.026235
5 0.272947 0.387346 0.452496 0.018519
5 0.189211 0.405478 0.288245 0.016204
1 0.301932 0.422454 0.526570 0.014660
1 0.242351 0.437886 0.404187 0.016204
2 0.537842 0.455247 0.257649 0.016975
5 0.144122 0.479552 0.217391 0.016204
11 0.314010 0.476852 0.061192 0.015432
11 0.391304 0.477623 0.057971 0.016975
11 0.468599 0.478009 0.064412 0.014660
11 0.545089 0.476852 0.027375 0.015432
11 0.610306 0.477238 0.080515 0.014660
11 0.751208 0.477623 0.140097 0.016975
5 0.134461 0.507716 0.194847 0.016975
8 0.306763 0.508488 0.088567 0.016975
6 0.409823 0.508102 0.024155 0.016204
6 0.485507 0.507716 0.030596 0.018519
6 0.541063 0.507716 0.028986 0.016975
6 0.639291 0.506944 0.025765 0.016975
8 0.772142 0.507330 0.098229 0.016204
5 0.122383 0.526235 0.180354 0.016975
8 0.304348 0.525463 0.083736 0.016975
6 0.411433 0.525849 0.027375 0.016204
6 0.487923 0.526235 0.025765 0.016975
6 0.542673 0.525463 0.028986 0.013889
6 0.638486 0.525849 0.024155 0.016204
8 0.772142 0.525849 0.101449 0.016204
5 0.124799 0.543981 0.181965 0.016975
8 0.305153 0.543596 0.082126 0.016204
6 0.411433 0.543210 0.027375 0.013889
6 0.488728 0.543596 0.027375 0.014660
6 0.543478 0.544367 0.027375 0.014660
6 0.641707 0.543210 0.027375 0.016975
8 0.780193 0.543210 0.085346 0.015432
11 0.473430 0.574846 0.344605 0.032407
8 0.771337 0.573302 0.096618 0.027778
5 0.126409 0.606481 0.178744 0.015432
8 0.304348 0.605324 0.080515 0.016204
6 0.401771 0.605710 0.043478 0.015432
6 0.487923 0.606096 0.025765 0.014660
6 0.543478 0.606096 0.027375 0.014660
6 0.632045 0.606096 0.040258 0.016204
8 0.779388 0.605324 0.083736 0.016204
4 0.357488 0.638117 0.576490 0.030864
8 0.780998 0.634645 0.083736 0.027006
4 0.607890 0.672454 0.072464 0.027006
8 0.780998 0.672840 0.083736 0.027778
4 0.369565 0.714506 0.561997 0.033951
8 0.781804 0.711806 0.085346 0.028549
11 0.475845 0.750386 0.346216 0.031636
8 0.771337 0.748457 0.106280 0.029321
11 0.515298 0.787809 0.270531 0.033951
3 0.770531 0.787037 0.104670 0.026235
11 0.119163 0.829861 0.151369 0.016204
5 0.474235 0.847994 0.855072 0.018519
5 0.420290 0.866898 0.756844 0.019290
5 0.471820 0.885031 0.866345 0.016975
4 0.396940 0.903935 0.710145 0.019290
4 0.421900 0.921682 0.763285 0.016204
5 0.187601 0.940201 0.307568 0.016204
5 0.503221 0.959491 0.384863 0.016204
9 0.664251 0.206790 0.294686 0.016975
11 0.747182 0.455247 0.093398 0.016975
11 0.099034 0.035108 0.101449 0.017747