0 0.478004 0.175617 0.606223 0.019352
1 0.486052 0.195210 0.341202 0.017900
11 0.480150 0.216981 0.739270 0.017900
5 0.475322 0.236817 0.684549 0.016933
1 0.494635 0.258829 0.673820 0.020319
4 0.482833 0.277455 0.564378 0.023706
5 0.493562 0.297533 0.450644 0.021287
4 0.480150 0.319303 0.292918 0.021287
5 0.278970 0.357523 0.478541 0.019352
11 0.911481 0.360668 0.039700 0.015965
11 0.148605 0.381229 0.202790 0.019352
6 0.125000 0.400581 0.159871 0.014514
6 0.546674 0.401790 0.035408 0.016933
11 0.590129 0.401548 0.027897 0.021287
8 0.683476 0.403967 0.118026 0.019352
8 0.840665 0.402274 0.112661 0.017900
5 0.215129 0.422109 0.340129 0.016933
11 0.918455 0.423561 0.045064 0.017900
11 0.260193 0.442671 0.413090 0.019352
6 0.125000 0.462990 0.159871 0.019352
6 0.548820 0.463716 0.024678 0.016933
11 0.589592 0.463232 0.035408 0.015965
8 0.693670 0.463474 0.099785 0.020319
8 0.845494 0.462506 0.103004 0.021287
5 0.319206 0.483551 0.543991 0.017900
11 0.914163 0.485728 0.045064 0.020319
11 0.203326 0.505806 0.320815 0.016933
6 0.130901 0.525399 0.167382 0.020319
6 0.549893 0.527092 0.022532 0.016933
11 0.588519 0.525883 0.024678 0.014514
8 0.699034 0.527334 0.099785 0.019352
8 0.847103 0.526851 0.099785 0.021287
5 0.317060 0.546202 0.543991 0.019352
11 0.909335 0.547896 0.054721 0.015965
11 0.227468 0.568215 0.354077 0.016933
6 0.195279 0.587325 0.296137 0.020319
6 0.549893 0.586841 0.022532 0.019352
11 0.591738 0.588534 0.024678 0.017900
8 0.698498 0.588534 0.103004 0.017900
8 0.849249 0.588292 0.095494 0.019352
5 0.174356 0.628205 0.258584 0.017900
5 0.821888 0.629657 0.240343 0.022738
4 0.240343 0.669328 0.386266 0.023706
3 0.847639 0.670537 0.182403 0.014514
11 0.094957 0.688679 0.099785 0.016933
8 0.847639 0.690856 0.190987 0.021287
5 0.113197 0.710208 0.140558 0.019352
8 0.861052 0.711901 0.157725 0.017900
4 0.174356 0.752298 0.247854 0.020319
11 0.528433 0.751814 0.155579 0.021287
4 0.748391 0.750363 0.157725 0.020319
4 0.141631 0.772134 0.182403 0.021287
8 0.549356 0.771650 0.122318 0.020319
8 0.781652 0.773585 0.099785 0.021287
2 0.320815 0.834059 0.540773 0.020319
9 0.790236 0.833091 0.292918 0.021287
5 0.228541 0.852927 0.356223 0.020319
5 0.484979 0.895501 0.609442 0.019352
9 0.482296 0.915820 0.423820 0.019352
5 0.494635 0.936865 0.538627 0.022738