0 0.492216 0.140163 0.613174 0.029147
5 0.483234 0.157308 0.453892 0.020574
1 0.489222 0.171667 0.480240 0.021003
5 0.487425 0.185169 0.565269 0.022289
9 0.485629 0.200386 0.396407 0.019288
4 0.487425 0.214745 0.421557 0.017145
11 0.491617 0.226961 0.669461 0.021860
5 0.488024 0.259751 0.276647 0.017145
10 0.237725 0.283112 0.324551 0.014145
9 0.695808 0.278826 0.323353 0.019288
10 0.225749 0.296614 0.298204 0.013716
5 0.635329 0.295971 0.202395 0.015859
2 0.295210 0.310116 0.439521 0.015002
2 0.417365 0.323403 0.686228 0.015859
11 0.274251 0.712816 0.158084 0.012002
11 0.115569 0.351479 0.082635 0.013716
9 0.383832 0.353408 0.219162 0.012430
11 0.114970 0.366481 0.083832 0.012859
9 0.485629 0.367553 0.417964 0.012430
5 0.144311 0.381054 0.142515 0.012859
11 0.280240 0.383198 0.016766 0.009430
11 0.280240 0.397128 0.016766 0.009001
11 0.279641 0.410844 0.015569 0.008144
4 0.135329 0.422846 0.131737 0.013288
11 0.279042 0.424989 0.014371 0.009001
11 0.082036 0.466781 0.025150 0.005144
11 0.844910 0.468495 0.041916 0.013716
9 0.207784 0.481354 0.281437 0.013716
6 0.078443 0.494428 0.020359 0.011573
11 0.237126 0.496142 0.028743 0.009859
11 0.506587 0.497214 0.088623 0.013716
9 0.137126 0.508787 0.144910 0.012859
11 0.844910 0.512216 0.046707 0.012859
5 0.379042 0.524861 0.621557 0.015859
5 0.296407 0.538148 0.453892 0.015002
6 0.076048 0.551436 0.025150 0.012430
8 0.505988 0.554222 0.726946 0.017145
2 0.475449 0.738534 0.567665 0.019717
5 0.126347 0.882983 0.159281 0.012859
8 0.482635 0.886841 0.083832 0.012859
8 0.686228 0.890699 0.086228 0.012859
11 0.152096 0.579940 0.179641 0.013716
11 0.410180 0.581869 0.015569 0.009859
11 0.685030 0.583155 0.045509 0.012430
8 0.812575 0.585084 0.101796 0.013716
5 0.202395 0.594728 0.282635 0.015002
11 0.408383 0.596442 0.014371 0.009001
11 0.684431 0.597300 0.049102 0.011573
8 0.821557 0.599228 0.081437 0.012859
4 0.161677 0.607801 0.201198 0.012859
11 0.407186 0.610587 0.014371 0.009001
11 0.682635 0.611444 0.047904 0.012430
8 0.821557 0.614231 0.086228 0.012859
11 0.141916 0.630947 0.164072 0.014574
11 0.494611 0.633305 0.050299 0.013288
3 0.652096 0.634805 0.125749 0.013716
11 0.142515 0.645949 0.165269 0.014574
11 0.495210 0.648736 0.053892 0.013288
8 0.652096 0.650879 0.125749 0.013288
5 0.141916 0.661809 0.166467 0.013716
11 0.492814 0.663738 0.053892 0.014145
8 0.663473 0.666738 0.100599 0.013288
5 0.188024 0.698457 0.258683 0.013288
11 0.086228 0.713245 0.064671 0.013716
11 0.094611 0.734676 0.083832 0.012859
5 0.337725 0.765109 0.572455 0.018003
5 0.455689 0.782469 0.805988 0.023575
11 0.320958 0.792970 0.538922 0.016288
11 0.320359 0.806901 0.540120 0.017574
11 0.370060 0.822117 0.644311 0.019717
4 0.157485 0.842049 0.219162 0.015002
5 0.422156 0.843120 0.197605 0.014574
4 0.653892 0.847407 0.138922 0.014574
11 0.116766 0.868410 0.144910 0.012859
8 0.474251 0.872053 0.102994 0.014145
8 0.686228 0.876554 0.091018 0.013716