0 0.391477 0.106724 0.617045 0.012759
1 0.483523 0.121379 0.798864 0.013103
1 0.356818 0.135000 0.547727 0.012759
11 0.274432 0.147069 0.382955 0.010690
11 0.270455 0.160172 0.384091 0.010690
5 0.334659 0.175172 0.528409 0.015862
4 0.448864 0.196207 0.740909 0.012414
4 0.491477 0.231207 0.476136 0.013448
5 0.243182 0.262069 0.279545 0.011724
5 0.755114 0.261034 0.285227 0.012414
5 0.500568 0.279483 0.562500 0.013448
1 0.448864 0.297241 0.727273 0.012414
8 0.319318 0.314310 0.472727 0.010690
8 0.292614 0.332069 0.419318 0.011724
5 0.158523 0.359310 0.160227 0.009655
5 0.451705 0.359138 0.146591 0.010690
5 0.662500 0.358448 0.193182 0.010690
11 0.835795 0.358448 0.107955 0.009310
11 0.713636 0.372069 0.077273 0.011034
11 0.846023 0.372414 0.078409 0.010345
1 0.166477 0.390000 0.162500 0.010345
5 0.293182 0.408448 0.418182 0.013448
11 0.151136 0.426379 0.131818 0.010690
5 0.331250 0.443966 0.492045 0.011379
1 0.167045 0.462241 0.163636 0.010000
5 0.232955 0.480690 0.309091 0.015862
1 0.160795 0.498793 0.151136 0.010000
5 0.335227 0.516724 0.504545 0.011379
1 0.162500 0.534828 0.150000 0.010345
5 0.300568 0.552931 0.435227 0.010690
6 0.442045 0.390517 0.025000 0.010690
6 0.438636 0.426379 0.025000 0.010690
6 0.439205 0.463276 0.026136 0.011379
6 0.439205 0.499483 0.026136 0.010690
6 0.436932 0.535172 0.028409 0.011034
8 0.638068 0.390345 0.185227 0.011724
8 0.639205 0.462414 0.187500 0.012414
8 0.635795 0.499138 0.182955 0.010690
8 0.635795 0.535172 0.187500 0.011724
11 0.856250 0.389310 0.142045 0.011724
11 0.902273 0.425862 0.050000 0.009655
11 0.854545 0.462586 0.145455 0.010690
11 0.867045 0.498966 0.122727 0.011724
11 0.866477 0.534828 0.126136 0.011034
3 0.630682 0.571552 0.543182 0.010690
4 0.634091 0.593448 0.547727 0.011034
4 0.731818 0.611379 0.343182 0.012414
9 0.344318 0.628966 0.529545 0.013103
6 0.258523 0.652586 0.301136 0.014828
5 0.263068 0.670172 0.223864 0.012069
3 0.302841 0.686897 0.248864 0.015862
5 0.655682 0.651897 0.284091 0.011379
5 0.678977 0.669655 0.226136 0.013103
11 0.684659 0.687414 0.205682 0.014828
5 0.755114 0.710172 0.294318 0.012759
3 0.651705 0.727069 0.307955 0.012069
3 0.650000 0.743621 0.311364 0.014828
5 0.242045 0.752069 0.322727 0.011034
2 0.320455 0.764310 0.470455 0.012069
4 0.215909 0.785172 0.259091 0.014483
11 0.538068 0.784828 0.180682 0.012414
4 0.531818 0.797241 0.193182 0.013103
4 0.838636 0.784828 0.170455 0.013793
11 0.157955 0.816552 0.145455 0.015172
11 0.153409 0.834138 0.140909 0.014483
5 0.187500 0.851552 0.204545 0.014828
11 0.151705 0.871724 0.126136 0.011724
8 0.556818 0.815345 0.102273 0.012069
8 0.568182 0.831897 0.081818 0.011379
8 0.568182 0.849483 0.081818 0.011379
8 0.557386 0.871724 0.103409 0.012414
8 0.857386 0.815345 0.082955 0.012069
8 0.858523 0.832586 0.082955 0.010690
8 0.857955 0.849828 0.079545 0.011379
8 0.856250 0.871724 0.082955 0.010345
5 0.508523 0.900345 0.853409 0.008276
0 0.497727 0.912241 0.831818 0.011379
5 0.464205 0.923448 0.769318 0.010345
9 0.357386 0.934828 0.562500 0.011724